1 0 0 0 0 1 0 1.19e-07 0 0 1 -1.5e-08 
0.999991 0.00247365 0.00336289 0.00069982 -0.00248105 0.999995 0.002199 0.00373875 -0.00335743 -0.00220732 0.999992 -0.666739 
0.99999 -0.0010809 0.00430197 -0.000253992 0.0010747 0.999998 0.00144483 0.00109586 -0.00430352 -0.00144019 0.99999 -0.707565 
0.999993 -0.00021486 0.00370672 0.0101804 0.000209726 0.999999 0.00138586 -0.00155554 -0.00370701 -0.00138507 0.999992 -0.700375 
0.999987 -0.00121499 0.00494122 0.00721142 0.00121145 0.999999 0.000719037 -0.00164993 -0.00494208 -0.000713042 0.999988 -0.730623 
0.99999 0.000802343 0.00429574 0.0012437 -0.000802303 1 -1.11791e-05 0.0111406 -0.00429575 7.72998e-06 0.999991 -0.732664 
0.999988 -0.00179717 0.00454609 0.00792901 0.0017911 0.999998 0.00133975 -0.00166317 -0.00454849 -0.00133159 0.999989 -0.75912 
0.999986 -0.00277715 0.00448066 0.0115174 0.00277406 0.999996 0.000695474 0.00423227 -0.00448257 -0.000683036 0.99999 -0.755549 
0.99999 -0.000345961 0.00451076 -0.000589658 0.000353525 0.999998 -0.001676 0.00110725 -0.00451017 0.00167757 0.999988 -0.798109 
0.999989 0.00070583 0.00462317 0.00263677 -0.0006948 0.999997 -0.00238685 0.00150705 -0.00462484 0.00238361 0.999986 -0.800705 
0.999995 0.000569582 0.00310846 0.00918598 -0.000560562 0.999996 -0.0029021 0.00878967 -0.00311011 0.00290035 0.999991 -0.805632 
0.999996 -0.00144026 0.00242666 0.00769901 0.00143825 0.999999 0.000827234 0.00639429 -0.00242784 -0.000823741 0.999997 -0.812355 
0.999998 0.000528008 0.00196446 0.0087234 -0.000528299 1 0.000147736 0.00517989 -0.00196439 -0.000148774 0.999998 -0.822207 
0.999996 0.00244326 0.00162802 0.00442582 -0.0024446 0.999997 0.000821618 0.00294178 -0.001626 -0.000825596 0.999999 -0.826434 
0.999997 0.000712082 0.00235435 -0.0069488 -0.000709885 0.999999 -0.000933663 0.0063813 -0.002355 0.00093199 0.999997 -0.850075 
0.999997 0.00157115 0.00168 0.00107335 -0.0015718 0.999999 0.000385486 0.00555463 -0.0016794 -0.000388126 0.999999 -0.851211 
0.999996 -0.00212123 0.0018109 0.00523217 0.00211743 0.999996 0.00209567 0.00794295 -0.00181535 -0.00209183 0.999996 -0.863016 
0.999999 -0.00081335 0.0013616 0.000310421 0.000809473 0.999996 0.00284565 0.00258387 -0.0013639 -0.00284455 0.999995 -0.871027 
0.999991 -0.00391564 0.00163815 0.00969429 0.00391312 0.999991 0.00153552 0.00645523 -0.00164415 -0.0015291 0.999997 -0.876005 
0.999999 -0.00113569 0.00102169 0.00345215 0.00113621 0.999999 -0.000510628 0.00664694 -0.00102111 0.000511789 0.999999 -0.885414 
0.999998 0.000986499 0.00143135 0.00348128 -0.000984623 0.999999 -0.00131007 0.00586883 -0.00143264 0.00130866 0.999998 -0.894977 
0.999999 -0.000854625 0.00128324 0.00546253 0.000856743 0.999998 -0.00165078 0.00916146 -0.00128185 0.00165188 0.999998 -0.901821 
0.999999 0.000667552 0.00086971 -0.000188291 -0.00066748 1 -8.25706e-05 0.0106906 -0.000869766 8.19885e-05 1 -0.898266 
0.999999 8.16106e-05 0.0016919 0.00228399 -8.30251e-05 1 0.000835637 0.00684906 -0.00169182 -0.000835776 0.999998 -0.909521 
0.999999 0.00149617 0.00105676 0.00266016 -0.00149661 0.999999 0.000420379 0.0124555 -0.00105615 -0.000421961 0.999999 -0.911764 
1 0.000204828 0.000715487 -0.00230363 -0.000203748 0.999999 -0.00150893 0.00558177 -0.000715762 0.00150879 0.999999 -0.920437 
0.999999 -0.00100672 5.45382e-05 0.00571737 0.00100689 0.999994 -0.00326955 0.00738828 -5.12525e-05 0.0032696 0.999995 -0.928614 
0.999999 -0.000566535 -0.0010165 0.00658303 0.000562328 0.999991 -0.0041331 0.0185765 0.00101882 0.00413253 0.999991 -0.932272 
0.999997 0.00188326 -0.00142954 -0.00621459 -0.00188728 0.999994 -0.00281787 0.0116263 0.00142425 0.00282056 0.999995 -0.931408 
0.999999 -0.000227409 -0.00167972 0.00637384 0.000226456 1 -0.000567379 0.00735134 0.00167984 0.000566998 0.999998 -0.942865 
0.999999 -0.000612155 -0.00146713 0.00524946 0.000616501 0.999995 0.00296461 0.0090633 0.00146531 -0.00296552 0.999995 -0.935516 
0.999999 -0.000963486 -0.000784814 -0.000467524 0.000966961 0.99999 0.00443883 0.0104991 0.000780534 -0.00443958 0.99999 -0.952293 
0.999998 0.00073311 -0.00168993 0.0119431 -0.000728339 0.999996 0.00282217 0.00486237 0.00169199 -0.00282093 0.999995 -0.949402 
0.999996 0.00258674 -0.000506286 -0.00327622 -0.00258736 0.999996 -0.00124154 0.00850806 0.000503059 0.00124285 0.999999 -0.965517 
0.999999 0.00165937 0.000442341 -0.00608943 -0.00165729 0.999988 -0.0046626 0.0107557 -0.000450052 0.00466186 0.999989 -0.983025 
0.999992 0.00386196 0.00100853 -0.00131007 -0.00385882 0.999988 -0.00309368 0.0112999 -0.00102048 0.00308976 0.999995 -0.975307 
0.999971 0.00755088 0.000994399 -0.0108929 -0.00755113 0.999972 0.000248911 0.0156388 -0.000992488 -0.000256411 0.999999 -0.965086 
0.999996 0.0025294 0.00157158 -0.00471824 -0.00253512 0.99999 0.00364887 0.00658193 -0.00156233 -0.00365284 0.999992 -0.982866 
0.999999 -0.000920667 0.00130713 0.00318125 0.000915245 0.999991 0.00414502 0.00618498 -0.00131092 -0.00414382 0.999991 -0.964598 
0.999997 -0.00132281 0.00210827 0.00639948 0.00132122 0.999999 0.000756905 0.0043305 -0.00210926 -0.000754118 0.999997 -0.987507 
1 0.000121462 0.000702046 0.000124097 -0.000120428 0.999999 -0.00147579 0.0131835 -0.000702217 0.00147571 0.999999 -0.993881 
0.999996 -0.00280949 0.00117297 0.00770661 0.00281291 0.999992 -0.00292673 0.0137913 -0.00116474 0.00293002 0.999995 -0.997238 
0.999999 3.80371e-05 0.0013341 -0.000482172 -3.62747e-05 0.999999 -0.00131964 0.0140597 -0.00133418 0.00131959 0.999998 -1.00159 
0.999999 -0.00114357 0.00103869 0.0032928 0.00114611 0.999996 -0.00244997 0.00996929 -0.00103586 0.00245115 0.999996 -0.965782 
1 0.000123844 -0.00042738 0.00197807 -0.000125169 0.999995 -0.00310289 0.0188032 0.000426993 0.00310294 0.999995 -1.00268 
0.999985 -0.00540612 0.000784375 0.0108944 0.00540763 0.999984 -0.00193749 0.00651437 -0.000773862 0.0019417 0.999998 -0.985165 
1 -0.000338594 -0.000170566 0.0165805 0.000338688 1 0.000546834 0.0151342 0.000170365 -0.000546895 1 -0.999416 
1 -0.000219084 0.000360049 -0.0211672 0.000218467 0.999998 0.00171324 0.00951171 -0.000360422 -0.00171316 0.999999 -1.00211 
0.999997 -0.00243951 2.25306e-05 0.0117705 0.00243946 0.999995 0.00222376 0.0104914 -2.7962e-05 -0.0022237 0.999998 -0.997272 
1 0.000494042 0.000845462 0.00624192 -0.000494048 1 7.44453e-06 0.00951988 -0.000845447 -7.86269e-06 1 -0.982204 
0.999997 0.00201377 0.00136245 -0.0103014 -0.00201231 0.999997 -0.00107601 0.0136855 -0.0013646 0.00107326 0.999999 -1.00061 
1 -0.000424389 0.000585809 0.00531512 0.000425119 0.999999 -0.00124667 0.0166932 -0.000585265 0.00124692 0.999999 -0.987652 
0.999996 -0.00293616 0.000294283 0.00943977 0.00293512 0.99999 0.00347128 0.017009 -0.000304475 -0.0034704 0.999994 -0.980183 
0.999999 -0.000443751 0.00115688 -0.00355005 0.000438761 0.99999 0.00431099 0.00176367 -0.0011588 -0.00431048 0.99999 -0.965027 
0.999999 -0.00115686 0.00055854 0.00754559 0.00115614 0.999999 0.00128327 0.00581717 -0.000560023 -0.00128262 0.999999 -0.974869 
0.999999 0.00164982 -2.75224e-05 0.00702196 -0.00164991 0.999991 -0.00393936 0.0222725 2.10255e-05 0.0039394 0.999992 -0.979538 
0.999997 0.00225792 0.000562176 -0.0164384 -0.0022563 0.999993 -0.00287287 0.0123879 -0.000568643 0.00287159 0.999996 -0.953636 
0.999998 0.00174143 0.00033439 0.00114024 -0.00174121 0.999998 -0.000643906 0.01616 -0.000335515 0.000643323 1 -0.967182 
0.999995 0.00325538 0.000507556 -0.0037396 -0.00325606 0.999994 0.00133441 0.0112843 -0.000503227 -0.00133606 0.999999 -0.962276 
0.999994 0.00335266 0.000114404 -0.00736552 -0.00335278 0.999994 0.00110604 0.0101185 -0.000110686 -0.00110641 0.999999 -0.937962 
0.999999 0.00134141 0.000789508 0.00422484 -0.00134049 0.999998 -0.00116972 0.0142121 -0.000791088 0.00116866 0.999999 -0.955952 
0.999992 0.00372448 0.00145091 -0.0095768 -0.00371845 0.999985 -0.00413238 0.0134319 -0.00146629 0.00412695 0.99999 -0.952232 
1 0.0008338 0.000432558 0.000812352 -0.000831692 0.999988 -0.00485357 0.0139128 -0.000436634 0.0048532 0.999988 -0.942348 
0.999999 -0.0015949 0.000422411 0.00781155 0.00159577 0.999997 -0.0020847 0.0140027 -0.000419058 0.00208537 0.999998 -0.951679 
0.999998 -0.00157453 0.0015098 0.00305533 0.00156815 0.99999 0.00421585 0.0101455 -0.00151641 -0.00421348 0.99999 -0.932938 
0.999997 -0.00207708 0.00140592 0.00223076 0.00206661 0.99997 0.00741125 0.0135182 -0.00142132 -0.00740832 0.999972 -0.907097 
0.999997 -0.00202104 0.0010853 0.000847578 0.00201588 0.999987 0.00473292 0.0102193 -0.00109483 -0.00473072 0.999988 -0.919121 
0.999986 -0.00526418 0.000658296 0.0128274 0.00526463 0.999986 -0.000675831 0.00949687 -0.000654727 0.000679288 1 -0.903168 
0.999996 -0.00243603 0.00137677 0.0106549 0.00243976 0.999993 -0.00271308 0.0192362 -0.00137015 0.00271643 0.999995 -0.905148 
0.999997 -0.00234778 0.00106871 -0.000133038 0.00234907 0.999997 -0.00121317 0.0152861 -0.00106584 0.00121568 0.999999 -0.87574 
0.999999 -0.000595533 0.00130993 0.00218725 0.00059519 1 0.000263502 0.0122513 -0.00131009 -0.000262723 0.999999 -0.870354 
0.999998 -0.00153443 0.00132474 0.00854659 0.00153573 0.999998 -0.000985604 0.0141762 -0.00132325 0.000987635 0.999999 -0.851669 
0.999998 -0.000819782 0.00164681 0.00175273 0.000820659 1 -0.000532603 0.0154161 -0.00164638 0.000533954 0.999998 -0.844162 
0.999999 0.000392482 0.00120448 0.00212204 -0.000391805 1 -0.00056225 0.017017 -0.00120468 0.000561778 0.999999 -0.812912 
0.999999 0.000449778 0.00123455 0.00119555 -0.000448548 0.999999 -0.000997942 0.0107099 -0.00123499 0.000997386 0.999999 -0.807365 
0.999995 -0.00277137 0.00150683 0.00363743 0.00277533 0.999993 -0.00263444 0.0149375 -0.00149954 0.00263862 0.999995 -0.80719 
0.999999 -0.00128288 0.00104843 0.0107486 0.00128739 0.99999 -0.00431137 0.0193307 -0.00104292 0.00431271 0.99999 -0.786484 
0.999994 -0.00290686 0.00176977 0.0082047 0.00290948 0.999995 -0.00148175 0.0132966 -0.00176542 0.00148689 0.999997 -0.79039 
0.999994 -0.0031472 0.001387 0.00535059 0.00314138 0.999986 0.00417897 0.0148886 -0.00140016 -0.00417458 0.99999 -0.754082 
0.999999 -0.000756441 0.001382 -0.00174499 0.000746554 0.999974 0.00714131 0.0148667 -0.00138734 -0.00714027 0.999974 -0.726021 
0.999999 0.000263735 0.0014368 -0.000415325 -0.00027214 0.999983 0.00585008 0.00504071 -0.00143523 -0.00585046 0.999982 -0.708382 
1 -0.000640652 0.000530876 0.00431681 0.000639915 0.999999 0.00138492 0.000634402 -0.000531778 -0.00138458 0.999999 -0.696892 
0.999997 -0.00254749 0.000433661 0.0154607 0.002549 0.999991 -0.00349468 0.00988597 -0.000424735 0.00349577 0.999994 -0.682022 
0.999999 -0.000223967 0.00150243 0.00354409 0.000227764 0.999997 -0.00252815 0.0237417 -0.00150187 0.00252849 0.999996 -0.649368 
0.999996 0.00288108 0.000719152 0.00377941 -0.00288356 0.99999 0.00348135 0.00562507 -0.000709116 -0.00348341 0.999994 -0.63723 
0.99997 0.00778957 0.000117794 -0.0154965 -0.00779007 0.999956 0.00514299 0.0118971 -7.7717e-05 -0.00514375 0.999987 -0.614334 
0.999993 0.00353318 -0.00129099 0.000658274 -0.00352667 0.999981 0.00501544 -0.00233205 0.00130871 -0.00501085 0.999987 -0.60331 
0.999994 -0.00224564 -0.00265258 -0.00735331 0.00224567 0.999997 5.36814e-06 0.0108047 0.00265257 -1.13221e-05 0.999996 -0.579216 
0.999979 -0.00484153 -0.00426539 0.0111768 0.00482852 0.999984 -0.00305683 0.00874978 0.0042801 0.00303617 0.999986 -0.57267 
0.999987 0.00175285 -0.00468052 0.000186801 -0.00176766 0.999993 -0.00316033 0.00914302 0.00467495 0.00316857 0.999984 -0.55632 
0.999975 0.00413074 -0.00571705 -0.00924182 -0.00415302 0.999984 -0.00389039 0.00374889 0.00570087 0.00391403 0.999976 -0.548454 
0.999953 0.00478841 -0.00839814 -0.00772217 -0.00482042 0.999981 -0.00379529 0.0191525 0.00837981 0.00383559 0.999958 -0.525558 
0.999941 -0.00362191 -0.0101912 -0.010882 0.00362256 0.999993 4.53102e-05 0.0128403 0.0101909 -8.22253e-05 0.999948 -0.51902 
0.999869 -0.00524901 -0.0153295 0.00608063 0.00525636 0.999986 0.000439176 0.00683403 0.0153269 -0.000519696 0.999882 -0.508545 
0.999823 -0.00506232 -0.0180999 -0.00285983 0.00504907 0.999987 -0.000777809 0.00691533 0.0181036 0.000686282 0.999836 -0.494774 
0.999751 0.00140753 -0.0222611 -0.0121069 -0.00142796 0.999999 -0.000901874 0.00821435 0.0222598 0.000933438 0.999752 -0.477356 
0.99966 0.00352168 -0.0258251 -0.0283194 -0.00355523 0.999993 -0.00125374 0.00805926 0.0258205 0.00134513 0.999666 -0.451927 
0.999563 0.000910341 -0.029556 -0.0226974 -0.000974602 0.999997 -0.00215977 0.0147355 0.029554 0.00218764 0.999561 -0.454308 
0.999453 0.000493897 -0.033072 -0.0206118 -0.000553067 0.999998 -0.00178005 0.00999224 0.033071 0.00179737 0.999451 -0.453705 
0.99929 -0.000263054 -0.0376899 -0.0252514 0.000253118 1 -0.000268333 -0.000211954 0.03769 0.000258599 0.99929 -0.453217 
0.999115 2.62295e-06 -0.0420516 -0.0207806 -3.09149e-05 1 -0.000672189 0.0120908 0.0420516 0.000672894 0.999115 -0.403831 
0.998945 0.000222066 -0.0459214 -0.0280113 -0.000240165 1 -0.000388601 0.00853205 0.0459214 0.000399219 0.998945 -0.430809 
0.998736 -0.00184107 -0.0502289 -0.0289707 0.00191434 0.999997 0.00141068 0.0106127 0.0502262 -0.00150505 0.998737 -0.424026 
0.998444 -0.000674109 -0.0557599 -0.0229378 0.000787823 0.999998 0.00201739 0.00689399 0.0557584 -0.00205817 0.998442 -0.411911 
0.998252 0.000133107 -0.0590995 -0.0357895 -4.54549e-05 0.999999 0.00148445 0.00478029 0.0590995 -0.00147917 0.998251 -0.408569 
0.99809 0.00065764 -0.0617696 -0.0366402 -0.00061928 1 0.000640146 0.0100164 0.0617701 -0.00060067 0.99809 -0.380096 
0.997864 -0.0002184 -0.0653255 -0.031292 0.000301911 0.999999 0.0012685 0.00270486 0.0653251 -0.00128551 0.997863 -0.376297 
0.997817 0.00219232 -0.0660027 -0.0463028 -0.00208621 0.999996 0.00167659 0.0006814 0.0660061 -0.00153524 0.997818 -0.384178 
0.997816 0.000777342 -0.0660513 -0.0380249 -0.000760019 1 0.000287364 0.00966442 0.0660515 -0.000236536 0.997816 -0.387222 
0.997906 0.00054606 -0.0646811 -0.0437965 -0.000611758 0.999999 -0.000995971 0.00203979 0.0646805 0.00103346 0.997905 -0.382912 
0.997949 -0.00185627 -0.0639936 -0.0447121 0.00169884 0.999995 -0.00251427 0.00212491 0.0639978 0.0024004 0.997947 -0.378944 
0.998029 0.00110777 -0.0627508 -0.0514908 -0.00113603 0.999999 -0.000414734 0.0023042 0.0627503 0.000485204 0.998029 -0.366684 
0.998134 0.0030013 -0.0609843 -0.0550842 -0.00298882 0.999995 0.000295851 0.0121704 0.0609849 -0.000113028 0.998139 -0.381042 
0.998289 0.00659985 -0.0581047 -0.0604401 -0.00654917 0.999978 0.0010626 0.0038619 0.0581106 -0.000680248 0.99831 -0.366245 
0.9984 -0.00248258 -0.056495 -0.0411835 0.00250584 0.999997 0.000340896 0.0107521 0.0564939 -0.000481915 0.998403 -0.371288 
0.998488 -0.00368433 -0.054846 -0.0331116 0.00378724 0.999991 0.00177249 -0.00321555 0.054839 -0.00197753 0.998493 -0.371597 
0.998675 -0.00100275 -0.0514471 -0.0364761 0.00105489 0.999999 0.000986145 0.0114591 0.0514459 -0.00103911 0.998675 -0.361347 
0.998865 0.00634414 -0.0472101 -0.0406036 -0.00631094 0.99998 0.000852271 0.000996768 0.0472147 -0.000553362 0.998884 -0.370163 
0.998937 0.0138809 -0.0439664 -0.0354462 -0.0139858 0.9999 -0.00208115 0.00604731 0.0439331 0.00269384 0.999031 -0.381241 
0.999279 0.0037127 -0.0377702 -0.036026 -0.0037883 0.999991 -0.00193019 0.000258863 0.0377626 0.00207188 0.999285 -0.376369 
0.999376 -0.00276855 -0.0352078 -0.0166702 0.00286624 0.999992 0.00272473 0.00793207 0.0352001 -0.00282395 0.999376 -0.375431 
0.999431 -0.0107046 -0.0319997 -0.00470734 0.0108545 0.999931 0.00451483 0.00917536 0.0319491 -0.0048596 0.999478 -0.384647 
0.999555 -0.0057086 -0.0292766 -0.00637817 0.00580758 0.999978 0.00329704 0.0112457 0.0292571 -0.0034656 0.999566 -0.38999 
0.999651 0.00108057 -0.0263832 -0.0203781 -0.00102948 0.999998 0.0019501 0.00711542 0.0263852 -0.00192226 0.99965 -0.395651 
0.999686 0.00649488 -0.0241868 -0.0217972 -0.00642783 0.999975 0.00284906 0.00168517 0.0242047 -0.0026927 0.999703 -0.414194 
0.999769 0.00671564 -0.0203926 -0.0302963 -0.00656725 0.999951 0.00733502 -0.00705647 0.0204409 -0.0071994 0.999765 -0.411339 
0.999795 0.00164212 -0.0201843 -0.00834656 -0.00148873 0.99997 0.00761231 -0.0213777 0.0201963 -0.0075807 0.999767 -0.425094 
0.999835 -0.00278885 -0.0179409 -0.00147247 0.00279294 0.999996 0.000202607 -0.00171131 0.0179402 -0.00025268 0.999839 -0.445242 
0.999882 -0.00275479 -0.0151497 -0.00674438 0.00268466 0.999986 -0.00464744 0.011017 0.0151623 0.00460623 0.999874 -0.463513 
0.999892 0.000241291 -0.014687 -0.00765228 -0.000288354 0.999995 -0.00320205 0.00566822 0.0146861 0.00320595 0.999887 -0.46875 
0.999911 0.0020729 -0.0131997 -0.0125198 -0.00210407 0.999995 -0.00234735 0.00471103 0.0131948 0.00237492 0.99991 -0.484983 
0.999924 0.00335842 -0.0118615 -0.0128632 -0.00336628 0.999994 -0.00064335 0.0064584 0.0118592 0.000683231 0.999929 -0.491683 
0.999942 0.00267334 -0.0103768 -0.00331116 -0.00266387 0.999996 0.000926114 0.00390851 0.0103793 -0.00089843 0.999946 -0.521921 
0.999968 0.00240566 -0.00769787 -0.0113144 -0.00239906 0.999997 0.000866379 -0.000904918 0.00769993 -0.000847884 0.99997 -0.52203 
0.999983 0.00160958 -0.00553758 -0.00443268 -0.00160821 0.999999 0.000251632 0.00365591 0.00553798 -0.000242717 0.999985 -0.551234 
0.999983 0.00124051 -0.00569386 -0.00206757 -0.00123434 0.999999 0.00108803 0.00308514 0.00569521 -0.00108099 0.999983 -0.565769 
0.999983 0.000385925 -0.00584074 -0.00566864 -0.000381194 1 0.00080912 -0.000498891 0.00584105 -0.000806879 0.999983 -0.587652 
0.999987 0.00252424 -0.00444701 -0.00489044 -0.00252469 0.999997 -9.53124e-05 0.00331926 0.00444676 0.000106534 0.99999 -0.602317 
0.999995 0.00121891 -0.00302608 -0.00100708 -0.00121799 0.999999 0.000305843 0.00140309 0.00302644 -0.000302153 0.999996 -0.620202 
0.999994 0.000974342 -0.00318816 -0.00189209 -0.000976067 0.999999 -0.000539449 0.00361538 0.00318763 0.000542554 0.999995 -0.639327 
0.999995 0.00204825 -0.00233687 -0.00211334 -0.00204965 0.999998 -0.000605683 0.00507808 0.00233562 0.00061046 0.999997 -0.655786 
0.999988 0.00484784 -0.000804266 -0.00593567 -0.00484797 0.999988 -0.000142358 0.00249338 0.000803566 0.000146261 1 -0.677573 
0.999993 0.00348893 0.00110697 -0.00608826 -0.00348837 0.999994 -0.00050016 0.00543308 -0.00110871 0.000496295 0.999999 -0.695113 
0.999997 0.00128056 0.00231902 -0.0022583 -0.00128081 0.999999 0.000103097 0.00294471 -0.00231886 -0.000106066 0.999997 -0.708541 
0.99999 0.00245934 0.00373242 0.00262451 -0.00245974 0.999997 0.000105591 0.00195169 -0.00373216 -0.000114775 0.999993 -0.72424 
0.99999 0.000833187 0.00452818 -0.00128174 -0.000829775 0.999999 -0.000756955 0.00731707 -0.00452881 0.000753193 0.999989 -0.735376 
0.999991 0.0014097 0.00405266 -0.00214386 -0.00140431 0.999998 -0.00133163 0.00102568 -0.00405453 0.00132592 0.999991 -0.7568 
0.999993 -0.000178088 0.00384274 0.00428772 0.000184901 0.999998 -0.00176849 0.00625181 -0.00384242 0.00176918 0.999991 -0.765614 
0.999987 -0.00298021 0.00421529 0.0118561 0.0029897 0.999993 -0.00224783 0.00800729 -0.00420856 0.0022604 0.999988 -0.784853 
0.999993 -0.000833146 0.00375758 0.00760651 0.000837263 0.999999 -0.00109416 0.00441456 -0.00375666 0.0010973 0.999992 -0.798361 
0.999988 -0.00268538 0.00414251 0.0120392 0.00268172 0.999996 0.000888349 0.00431085 -0.00414488 -0.000877232 0.999991 -0.804934 
0.999992 -0.00212187 0.00345556 -0.00413513 0.00210904 0.999991 0.00371106 0.0105577 -0.00346341 -0.00370374 0.999987 -0.799381 
0.999982 -0.00584045 0.00136898 0.0153885 0.00583355 0.999971 0.00499137 0.00445271 -0.00139808 -0.0049833 0.999987 -0.81303 
0.999996 -0.00270174 -5.23329e-05 0.00431824 0.00270189 0.999992 0.00301246 0.000880718 4.41968e-05 -0.00301259 0.999995 -0.812641 
0.999998 -0.00212956 0.000135034 0.00999451 0.00212964 0.999998 -0.000563357 0.00595593 -0.000133812 0.000563649 1 -0.821117 
0.999996 -0.00287053 5.20572e-05 0.00928497 0.00287063 0.999994 -0.00202913 0.0124245 -4.62383e-05 0.00202927 0.999998 -0.822336 
1 0.000771217 -0.000628911 0.0114517 -0.000771798 0.999999 -0.000905139 0.00593841 0.000628203 0.000905626 0.999999 -0.820938 
0.999997 -0.00229319 0.000506252 0.0065918 0.00229378 0.999997 -0.00116382 0.0169375 -0.000503585 0.00116497 0.999999 -0.818415 
0.999998 -0.00190144 0.000347301 0.00238037 0.00190142 0.999998 8.30243e-05 0.0136786 -0.000347465 -8.23746e-05 1 -0.815937 
0.999995 -0.00310722 0.000144057 0.00662231 0.00310717 0.999995 0.000334319 0.0137318 -0.000145093 -0.000333871 1 -0.818583 
0.999995 -0.00300903 -0.00115023 0.0130386 0.00301065 0.999994 0.00140611 0.00686222 0.001146 -0.00140956 0.999998 -0.818239 
0.999991 -0.00301298 -0.00310559 0.00865173 0.00301119 0.999995 -0.000580169 0.0102652 0.00310732 0.000570809 0.999995 -0.805044 
0.999992 -0.00216795 -0.00349554 0.000152588 0.00216432 0.999997 -0.00104193 0.00444803 0.0034978 0.00103435 0.999993 -0.820908 
0.999986 -0.00194903 -0.00488297 0.00640106 0.0019358 0.999994 -0.00271113 0.013297 0.00488822 0.00270164 0.999984 -0.813881 
0.999976 -0.00266061 -0.00638711 0.00553131 0.00264773 0.999995 -0.00202397 0.011793 0.00639245 0.00200701 0.999978 -0.808262 
0.999975 -0.000241222 -0.00710886 -0.000770569 0.000241622 1 5.57638e-05 0.0126503 0.00710884 -5.74733e-05 0.999975 -0.80426 
0.999964 -0.000378883 -0.0085002 -0.00123596 0.000386061 1 0.000842816 0.010104 0.00849988 -0.000846069 0.999964 -0.80254 
0.999951 0.000390877 -0.00989661 0.00106049 -0.000385344 1 0.00056087 0.00838861 0.00989683 -0.000557025 0.999951 -0.8078 
0.999944 0.00110341 -0.0104998 -0.000511169 -0.00111482 0.999999 -0.00108065 0.0127532 0.0104986 0.00109229 0.999944 -0.786015 
0.999939 -0.00144549 -0.0109845 0.00403595 0.00143605 0.999999 -0.000866536 0.0121704 0.0109857 0.000850711 0.999939 -0.79425 
0.999938 0.00124583 -0.0110987 -0.00279999 -0.00125667 0.999999 -0.000969643 0.0135381 0.0110975 0.000983535 0.999938 -0.785946 
0.99994 -0.000156774 -0.0109506 8.39233e-05 0.000163353 1 0.000599578 0.00769413 0.0109505 -0.000601329 0.99994 -0.779387 
0.999938 -0.000288713 -0.0111746 0.000648499 0.000295836 1 0.000635934 0.0108994 0.0111744 -0.000639206 0.999937 -0.778967 
0.999947 -0.00069268 -0.0102732 -0.00894928 0.000702456 0.999999 0.00094812 0.0130194 0.0102725 -0.000955283 0.999947 -0.776672 
0.999945 0.000451944 -0.0105337 0.000602722 -0.000440508 0.999999 0.00108791 0.00703743 0.0105342 -0.00108321 0.999944 -0.76619 
0.999959 0.0012296 -0.00901702 -0.0159836 -0.00122477 0.999999 0.000540601 0.0144601 0.00901766 -0.000529537 0.999959 -0.752068 
0.999949 -6.92671e-05 -0.0100763 0.0112762 7.54083e-05 1 0.00060911 0.00932232 0.0100762 -0.000609836 0.999949 -0.77669 
0.999955 0.000520987 -0.00945042 0.00062561 -0.000517603 1 0.000360514 0.0104661 0.00945058 -0.0003556 0.999955 -0.743233 
0.999962 0.00103041 -0.00867099 -0.00424194 -0.00103653 0.999999 -0.000701388 0.00990762 0.00867029 0.000710343 0.999962 -0.734158 
0.999973 0.00130082 -0.00729563 -0.00669098 -0.0013118 0.999998 -0.00149964 0.0181911 0.00729363 0.00150917 0.999972 -0.740889 
0.999981 0.00266736 -0.0055201 0.00087738 -0.00267788 0.999995 -0.00189947 0.0130149 0.00551501 0.00191422 0.999983 -0.725327 
0.999989 0.0030814 -0.003474 -0.00989532 -0.00308813 0.999993 -0.00193524 0.0122931 0.00346801 0.00194594 0.999992 -0.714329 
0.999995 0.00162962 -0.00294738 -9.15527e-05 -0.00163321 0.999998 -0.00121449 0.00882211 0.00294543 0.00121929 0.999995 -0.716072 
0.999999 -3.18084e-05 -0.0016278 -0.000968933 3.03462e-05 1 -0.00090258 0.012143 0.00162782 0.000902531 0.999998 -0.689857 
0.999999 0.00108266 -0.000858761 0.00109863 -0.00108235 0.999999 0.000372529 0.0115563 0.000859164 -0.000371596 1 -0.670979 
0.999999 0.000526391 0.00102189 0.00232697 -0.000527296 1 0.000883242 0.0107228 -0.00102141 -0.000883782 0.999999 -0.654663 
0.999994 0.000963446 0.00316802 -0.00123596 -0.000968048 0.999998 0.00145301 0.0116218 -0.00316662 -0.00145607 0.999994 -0.626457 
0.999987 0.000430364 0.00504555 0.00243378 -0.000433251 1 0.000571861 0.0101076 -0.00504532 -0.000574041 0.999987 -0.636936 
0.999967 -0.000403274 0.00808234 0.00627136 0.000396809 1 0.000801871 0.00771862 -0.00808266 -0.000798637 0.999967 -0.601753 
0.999937 -0.00111695 0.0111563 0.0115204 0.00111572 0.999999 0.000115434 0.0110604 -0.0111565 -0.000102978 0.999938 -0.583015 
0.999907 -0.000345996 0.0136191 0.0112991 0.00034713 1 -8.06546e-05 0.0160986 -0.013619 8.5374e-05 0.999907 -0.54866 
0.999854 -0.00128779 0.0170696 0.0152664 0.00126534 0.999998 0.00132587 0.0162106 -0.0170713 -0.00130407 0.999853 -0.553173 
0.999767 -0.00133778 0.0215574 0.0168304 0.00128261 0.999996 0.00257305 0.00802422 -0.0215608 -0.00254481 0.999764 -0.532734 
0.999694 -0.00171246 0.0246819 0.0189056 0.00163894 0.999994 0.00299874 0.0104659 -0.0246868 -0.00295736 0.999691 -0.51955 
0.999604 -0.000840157 0.0281276 0.0209885 0.000793913 0.999998 0.00165534 0.00732177 -0.0281289 -0.00163236 0.999603 -0.514732 
0.999441 -0.00206973 0.0333726 0.0204544 0.0021018 0.999997 -0.000926052 0.0145081 -0.0333706 0.000995674 0.999443 -0.503014 
0.999261 0.00152841 0.0384132 0.0108948 -0.00146306 0.999998 -0.00172925 -0.00503123 -0.0384158 0.00167177 0.99926 -0.500572 
0.999105 -0.0009393 0.042288 0.0269623 0.001107 0.999992 -0.00394224 0.00903759 -0.0422839 0.00398553 0.999098 -0.496284 
0.998908 -0.00168176 0.0466878 0.0136261 0.00188981 0.999988 -0.00441243 0.00750524 -0.0466799 0.00449585 0.9989 -0.514778 
0.998778 -0.00317594 0.0493265 0.0321655 0.00337566 0.999987 -0.00396612 0.00954294 -0.0493132 0.00412778 0.998775 -0.503029 
0.998539 -0.00282585 0.0539691 0.0230865 0.00295552 0.999993 -0.00232299 0.00961125 -0.0539622 0.0024791 0.99854 -0.494888 
0.998388 -0.000105411 0.0567515 0.0363693 0.000133093 1 -0.00048404 0.0135113 -0.0567515 0.000490817 0.998388 -0.49263 
0.998046 0.00296857 0.0624114 0.0268517 -0.00312312 0.999992 0.00237886 -0.0028863 -0.0624039 -0.00256913 0.998048 -0.489479 
0.99782 0.00202127 0.065965 0.0340118 -0.00229973 0.999989 0.00414564 0.0102698 -0.0659559 -0.00428831 0.997813 -0.484108 
0.997815 0.00216718 0.0660286 0.0498962 -0.00250766 0.999984 0.00507399 0.00621004 -0.0660165 -0.00522848 0.997805 -0.462753 
0.997597 -0.00208343 0.0692502 0.0388832 0.00182292 0.999991 0.00382492 -0.00179714 -0.0692575 -0.00368949 0.997592 -0.472961 
0.997471 -0.00182134 0.0710562 0.0244064 0.00161893 0.999995 0.00290608 -0.00539079 -0.0710611 -0.00278369 0.997468 -0.465965 
0.997709 0.000479747 0.0676449 0.0547771 -0.000638358 0.999997 0.00232326 -0.00665456 -0.0676437 -0.00236112 0.997707 -0.481155 
0.997699 0.00193865 0.0677651 0.0457592 -0.0019265 0.999998 -0.000244596 -0.00354826 -0.0677655 0.00011348 0.997701 -0.404564 
0.997649 -0.000171245 0.0685352 0.037344 0.000450041 0.999992 -0.00405248 -0.0049867 -0.0685338 0.00407379 0.99764 -0.47052 
0.997743 0.000848717 0.0671451 0.0508428 -0.000423199 0.99998 -0.00635134 -0.00101194 -0.0671492 0.00630859 0.997723 -0.465561 
0.997871 -0.00149336 0.0652043 0.0402292 0.00185102 0.999984 -0.00542513 -0.000349283 -0.0651952 0.00553428 0.997857 -0.481056 
0.998064 0.00149086 0.0621711 0.0319996 -0.000996134 0.999968 -0.00798767 0.0219609 -0.0621811 0.00791027 0.998033 -0.460205 
0.998354 -0.00322326 0.057266 0.0382013 0.00349057 0.999983 -0.00456848 0.00853777 -0.0572502 0.00476085 0.998349 -0.468704 
0.998744 -0.00303697 0.0500179 0.0424175 0.00320843 0.999989 -0.0033481 0.0180349 -0.0500071 0.00350438 0.998743 -0.458046 
0.999074 -0.00753307 0.0423576 0.0480747 0.0076114 0.99997 -0.00168809 0.0140438 -0.0423436 0.00200893 0.999101 -0.451309 
0.999307 -0.00368606 0.0370306 0.0329323 0.00362509 0.999992 0.00171318 0.00494742 -0.0370365 -0.00157776 0.999313 -0.461693 
0.999478 -0.00195933 0.0322612 0.0186863 0.00192424 0.999997 0.00111895 -0.00272894 -0.0322633 -0.00105629 0.999479 -0.486351 
0.999737 0.00625619 0.0220815 0.0155315 -0.00626991 0.99998 0.000552142 0.00502968 -0.0220776 -0.000690443 0.999756 -0.470238 
0.999866 0.00306008 0.016075 0.00905609 -0.00305213 0.999995 -0.000519148 0.010587 -0.0160765 0.000470015 0.999871 -0.494003 
0.999905 -0.00453733 0.0129875 0.0199356 0.00452485 0.999989 0.000990798 0.000293493 -0.0129919 -0.000931936 0.999915 -0.503891 
0.999936 -0.00510148 0.0101418 0.0112648 0.00510436 0.999987 -0.000257715 0.00158048 -0.0101403 0.000309465 0.999949 -0.508347 
0.999954 -0.00738958 0.00611411 0.0211487 0.0073797 0.999971 0.00163585 0.000484347 -0.00612605 -0.00159065 0.99998 -0.522049 
0.999979 -0.00597939 0.00254749 0.0169525 0.00597135 0.999977 0.00315396 0.0140666 -0.00256629 -0.00313869 0.999992 -0.525185 
0.999999 -0.00134581 0.000393942 0.00471115 0.0013449 0.999997 0.00229549 0.010343 -0.000397041 -0.00229496 0.999997 -0.532135 
0.999992 0.00340201 -0.00211449 -0.0165749 -0.00339409 0.999987 0.00373824 0.000906944 0.00212716 -0.00373104 0.999991 -0.544922 
0.999988 0.00260152 -0.00422458 -0.00244904 -0.00257357 0.999975 0.00661007 -0.00528168 0.00424165 -0.00659911 0.999969 -0.562187 
0.99999 0.00112776 -0.00428 -0.00149918 -0.00110753 0.999988 0.00472746 -0.00852492 0.00428523 -0.00472268 0.99998 -0.574081 
0.999976 -0.00531415 -0.00452948 0.0104485 0.0053102 0.999986 -0.000885857 0.00546384 0.00453413 0.000861784 0.999989 -0.591049 
0.999974 -0.00436365 -0.00568174 0.00584793 0.00434004 0.999982 -0.00416009 0.00243893 0.00569981 0.00413532 0.999975 -0.601532 
0.999987 0.00233208 -0.00456741 -0.00411224 -0.00235486 0.999985 -0.00498957 0.00932601 0.00455573 0.00500026 0.999977 -0.62851 
0.99999 0.00296096 -0.00328739 -0.00899124 -0.00297914 0.99998 -0.00553622 0.00687647 0.00327094 0.00554596 0.999979 -0.631317 
0.999991 0.00153997 -0.00400978 0.00217819 -0.0015599 0.999986 -0.00496983 0.00905681 0.00400205 0.00497604 0.99998 -0.647079 
0.999984 0.00499218 -0.00284225 -0.00780869 -0.00499478 0.999987 -0.000916204 0.0108001 0.0028377 0.00093039 0.999996 -0.649071 
0.999991 0.00414795 -0.000706077 0.00363159 -0.00414559 0.999986 0.00332643 0.00454545 0.000719815 -0.00332347 0.999994 -0.660347 
0.999998 0.00209326 0.000249013 -0.00753403 -0.00209497 0.999973 0.00705564 0.00162244 -0.000234261 -0.00705615 0.999975 -0.676384 
1 -0.000539751 0.00074929 0.00457001 0.000534688 0.999977 0.00673997 -0.00124022 -0.000752926 -0.00673956 0.999977 -0.677437 
0.999994 -0.00250391 0.00258535 0.00992203 0.00249384 0.999989 0.00389036 -0.00704834 -0.00259504 -0.00388388 0.999989 -0.700966 
0.999996 0.00110892 0.00262268 0.000396729 -0.0010979 0.99999 -0.00419674 -0.0007976 -0.00262731 0.00419384 0.999988 -0.708855 
0.999997 0.00212338 0.00139546 0.000511169 -0.00211264 0.999969 -0.00765621 0.0125408 -0.00141168 0.00765324 0.99997 -0.728455 
0.999994 -0.00193115 0.00289017 -0.000190735 0.00194865 0.99998 -0.00606572 0.0137432 -0.00287835 0.00607132 0.999978 -0.732643 
0.999993 -0.0033069 0.00171998 0.011158 0.00330555 0.999994 0.000789874 0.00855339 -0.0017226 -0.000784184 0.999998 -0.747414 
0.999987 -0.00465631 0.00207546 0.0128937 0.0046464 0.999978 0.00475404 0.00350219 -0.00209758 -0.00474434 0.999987 -0.746796 
0.999993 0.000343729 0.0037939 0.00187302 -0.000364851 0.999984 0.00556981 -0.00143304 -0.00379193 -0.00557115 0.999977 -0.75769 
0.99999 0.00235009 0.0038711 0.00178528 -0.00236272 0.999992 0.00326122 -0.00204817 -0.00386338 -0.00327034 0.999987 -0.774353 
0.99999 0.00204873 0.00390442 0.00291061 -0.00204291 0.999997 -0.00149648 0.00230983 -0.0039075 0.00148848 0.999991 -0.794235 
0.999989 0.00310646 0.00358644 0.000484467 -0.00309888 0.999993 -0.00211552 0.00867254 -0.00359295 0.00210438 0.999991 -0.798386 
0.999998 0.000675607 0.00189775 0.00295258 -0.000670292 0.999996 -0.00280083 0.0079639 -0.00189967 0.00279955 0.999994 -0.810585 
0.999996 0.00236701 0.00119807 0.00365829 -0.00236445 0.999995 -0.0021355 0.00453591 -0.0012031 0.00213266 0.999997 -0.818787 
0.999986 0.00521458 0.000366643 -0.00401306 -0.00521412 0.999986 -0.00127732 0.00986254 -0.000373319 0.00127539 0.999999 -0.808907 
0.999999 -0.00115748 0.000583574 0.00505447 0.00115836 0.999998 -0.00151293 0.00738287 -0.000581846 0.00151361 0.999999 -0.820213 
0.999989 -0.00478467 -0.000180155 0.00881195 0.00478498 0.999987 0.00177536 0.0110885 0.000171676 -0.0017762 0.999998 -0.836884 
0.999987 -0.00510855 -0.000555247 0.00496292 0.00511038 0.999981 0.00334112 0.00552684 0.00053817 -0.00334391 0.999994 -0.836617 
0.999963 -0.00852487 -0.00115588 0.0147896 0.00852674 0.999963 0.00162753 0.000743926 0.00114194 -0.00163732 0.999998 -0.845993 
0.999978 -0.00607422 -0.00282858 0.0179672 0.00607283 0.999981 -0.000499685 0.00297309 0.00283156 0.000482496 0.999996 -0.847687 
0.99999 -0.00334992 -0.00304104 0.00738525 0.0033427 0.999992 -0.00237551 0.0197497 0.00304899 0.00236531 0.999993 -0.851547 
0.999997 -0.00037742 -0.00249809 0.00203705 0.000378322 1 0.000359756 0.0155289 0.00249793 -0.000360695 0.999997 -0.856339 
0.999995 0.00238414 -0.00220177 0.00254822 -0.00237751 0.999993 0.00301389 8.16658e-05 0.00220893 -0.00300864 0.999993 -0.849045 
0.999982 0.00582305 -0.00133082 -0.00289917 -0.00582502 0.999982 -0.00148387 0.0102644 0.00132215 0.0014916 0.999998 -0.867874 
0.999976 0.00692688 -0.000185415 -0.0140228 -0.0069266 0.999975 0.00150064 0.0111493 0.000195801 -0.00149932 0.999999 -0.84491 
0.999999 0.000984578 -0.00107881 0.00218201 -0.00098478 1 -0.000193276 0.012153 0.0010787 0.000194339 0.999999 -0.864426 
0.999993 -0.00311263 -0.00193796 0.00656891 0.00310692 0.999991 -0.00294538 0.0089522 0.00194709 0.00293934 0.999994 -0.866226 
0.999992 -0.00374429 -0.00136217 0.0143394 0.00373612 0.999975 -0.00593929 0.0154648 0.00138435 0.00593415 0.999981 -0.860306 
0.999988 -0.00491304 -0.000623882 0.00753021 0.00491044 0.999979 -0.00409325 0.0185492 0.000643983 0.00409014 0.999991 -0.86293 
0.999996 0.00257922 -0.00125283 -0.000331879 -0.00257096 0.999975 0.00654787 0.0110706 0.00126971 -0.00654463 0.999978 -0.837372 
0.999972 0.00744876 -0.00049381 -8.39233e-05 -0.00744083 0.999868 0.0144767 0.00308669 0.00060153 -0.0144726 0.999895 -0.827606 
0.999989 0.00458558 0.000332221 -0.00663376 -0.00458846 0.999947 0.00922996 -0.00654185 -0.000289857 -0.00923139 0.999957 -0.837845 
0.999999 0.00099063 0.0014199 -0.00646591 -0.00097728 0.999956 -0.0093693 0.00471213 -0.00142913 0.0093679 0.999955 -0.854874 
0.999996 0.00211877 0.00189999 -0.00387573 -0.00207881 0.999782 -0.020792 0.0232763 -0.00194362 0.020788 0.999782 -0.864624 
1 -1.03617e-05 0.000757635 0.0103912 2.18204e-05 0.999885 -0.0151306 0.0325317 -0.000757366 0.0151306 0.999885 -0.84433 
0.999994 -0.0033131 0.000494003 0.00947189 0.00331019 0.999978 0.00578716 0.0182443 -0.000513121 -0.00578549 0.999983 -0.834961 
0.999987 -0.00481535 0.00157645 0.00797653 0.00479003 0.999866 0.0156879 0.00468171 -0.00165182 -0.0156801 0.999876 -0.810822 
0.999998 0.00163554 0.000996113 0.00143814 -0.00164362 0.999965 0.0081618 -0.0043169 -0.000982732 -0.00816341 0.999966 -0.810013 
0.999988 0.00440591 0.00201862 0.00587463 -0.00440754 0.99999 0.000806688 0.00771692 -0.00201507 -0.000815574 0.999998 -0.825699 
0.999996 -0.000212067 0.00304101 -0.00400543 0.000217307 0.999999 -0.00171942 0.0186909 -0.00304069 0.00172007 0.999994 -0.838852 
0.999993 0.00091375 0.00371224 0.00540924 -0.000919457 0.999998 0.00153663 0.0045191 -0.00371084 -0.00154003 0.999992 -0.826187 
0.999987 -0.000531299 0.00515388 -0.00103378 0.000521388 0.999998 0.00192363 0.00519958 -0.00515486 -0.00192092 0.999985 -0.817215 
0.999979 -0.00596603 0.0024416 0.0202484 0.00596655 0.999982 -0.000197446 0.0156404 -0.00244032 0.000212014 0.999997 -0.828598 
0.999981 -0.00586092 0.00203866 0.0159721 0.00586051 0.999983 0.000210733 0.00796582 -0.00203986 -0.000198783 0.999998 -0.817108 
0.999996 -0.00197372 0.00194697 0.00979996 0.00197706 0.999997 -0.00171815 0.0107768 -0.00194356 0.00172199 0.999997 -0.809372 
0.999999 0.00104735 0.00136977 -3.43323e-05 -0.00104043 0.999987 -0.00504497 0.0145295 -0.00137506 0.00504354 0.999986 -0.815613 
0.999997 0.00143528 0.00191721 0.00137711 -0.00143562 0.999999 0.000178412 0.0136654 -0.00191699 -0.000181164 0.999998 -0.802917 
0.999994 0.00263835 0.00229873 0.00153351 -0.00264496 0.999993 0.00287826 0.0106354 -0.00229102 -0.00288432 0.999993 -0.806152 
0.999974 0.00544893 0.00466658 -0.00139236 -0.00546686 0.999978 0.00383703 0.00825587 -0.00464553 -0.00386245 0.999982 -0.802917 
0.999973 0.00325737 0.00651389 -0.00220871 -0.00326843 0.999993 0.00168774 -0.00480781 -0.00650834 -0.00170898 0.999978 -0.804504 
0.999978 0.000538375 0.00656013 0.00165558 -0.000506227 0.999988 -0.00490185 0.00441676 -0.00656269 0.00489843 0.999966 -0.808456 
0.999979 0.00119286 0.00638227 0.00839615 -0.00114026 0.999965 -0.00823831 0.0135612 -0.00639188 0.00823086 0.999946 -0.809616 
0.999992 0.00136448 0.00383149 -0.00173569 -0.00132702 0.999951 -0.00976149 0.0257702 -0.00384465 0.00975632 0.999945 -0.81044 
0.999966 -0.00719435 0.0039171 0.0186691 0.0072047 0.999971 -0.00263605 0.0162246 -0.00389799 0.00266418 0.999989 -0.791702 
0.999987 -0.00250601 0.00444768 0.0146141 0.00248609 0.999987 0.00447944 0.0181487 -0.00445887 -0.00446833 0.99998 -0.79303 
0.999969 0.00137536 0.00773132 0.00139236 -0.00145805 0.999942 0.0107012 0.000580907 -0.00771612 -0.0107121 0.999913 -0.775024 
0.999973 0.00370727 0.00627187 -0.00899124 -0.00374368 0.999976 0.00579963 -0.00646073 -0.00625023 -0.00582296 0.999964 -0.820496 
0.999977 0.000686192 0.00666909 0.00926208 -0.000680828 0.999999 -0.000805555 0.00383037 -0.00666966 0.000801 0.999977 -0.805908 
0.999943 -0.00718411 0.00790705 0.0147018 0.00720778 0.99997 -0.00296762 0.0090189 -0.00788549 0.00302444 0.999964 -0.815704 
0.999954 -0.00553148 0.0078664 0.0177269 0.00552134 0.999984 0.00131035 0.0186014 -0.00787357 -0.00126686 0.999968 -0.807022 
0.999951 -0.00176267 0.00971542 0.0050087 0.00170059 0.999978 0.00639463 0.000880063 -0.00972647 -0.0063778 0.999932 -0.810928 
0.999965 0.00151965 0.00828355 0.00662231 -0.00154197 0.999995 0.00268954 0.00230026 -0.00827942 -0.00270222 0.999962 -0.817154 
0.999966 -0.000333804 0.00822819 0.0110855 0.000354824 0.999997 -0.0025541 0.00570393 -0.0082273 0.00255693 0.999963 -0.825272 
0.999968 -0.00307856 0.00733401 0.0246162 0.00312659 0.999974 -0.00654758 0.0147078 -0.00731367 0.0065703 0.999952 -0.822891 
0.999953 -0.0036496 0.00895116 0.000469208 0.00369829 0.999978 -0.00542738 0.0105152 -0.00893117 0.00546023 0.999945 -0.833466 
0.999971 0.000592679 0.00764981 0.0091095 -0.000573222 0.999997 -0.00254664 0.00824368 -0.00765128 0.00254218 0.999968 -0.822205 
0.999982 -0.000862887 0.00586589 0.0118332 0.000873807 0.999998 -0.00185904 0.00960243 -0.00586428 0.00186414 0.999981 -0.816132 
0.999991 0.000495587 0.00414759 0.0100899 -0.000503036 0.999998 0.00179734 0.0155441 -0.00414669 -0.00179941 0.99999 -0.829361 
0.999981 -0.0038969 0.00475973 -0.00395966 0.00387061 0.999977 0.00552058 0.00745371 -0.00478114 -0.00550205 0.999974 -0.79747 
0.999977 -0.00566681 0.00359072 0.0166321 0.00564171 0.99996 0.00696218 0.00646138 -0.00363003 -0.00694177 0.999969 -0.813461 
0.999995 -0.00178714 0.00257697 0.0181503 0.00178115 0.999996 0.00231511 0.00313795 -0.0025811 -0.0023105 0.999994 -0.817154 
0.999994 -0.00178471 0.00313639 0.00868988 0.00180264 0.999982 -0.00572455 0.00862455 -0.00312611 0.00573016 0.999979 -0.81076 
0.999994 -0.00220012 0.00268919 0.00610733 0.00222843 0.999942 -0.0105658 0.0172267 -0.0026658 0.0105717 0.99994 -0.848572 
0.999992 -0.00145956 0.00373263 0.00641251 0.00148578 0.999974 -0.00702748 0.0180526 -0.00372228 0.00703296 0.999968 -0.830276 
0.999983 0.0032843 0.00487002 0.00175858 -0.00330159 0.999988 0.00354035 0.0134894 -0.00485833 -0.00355637 0.999982 -0.814011 
0.999905 0.0126771 0.00532419 -0.0119629 -0.0127295 0.999869 0.00993753 0.00502974 -0.00519753 -0.0100044 0.999936 -0.809387 
0.999972 0.00237909 0.00712936 -0.00550079 -0.0024135 0.999986 0.00482195 0.00339893 -0.00711778 -0.00483902 0.999963 -0.807083 
0.999969 -0.00354958 0.00703051 0.00858307 0.0035563 0.999993 -0.000941764 0.00518779 -0.00702712 0.000966737 0.999975 -0.824066 
0.999972 0.00162088 0.007278 0.0130768 -0.00157587 0.999979 -0.00618452 0.0156713 -0.00728788 0.00617287 0.999954 -0.839859 
