1 0 0 0 0 1 0 -1.19e-07 0 0 1 1.5e-08 
0.999991 -0.00248105 -0.00335743 -0.00292907 0.00247365 0.999995 -0.00220732 -0.00521217 0.00336289 0.002199 0.999992 0.666723 
0.99999 0.0010747 -0.00430352 -0.00279221 -0.0010809 0.999999 -0.00144019 -0.00211516 0.00430197 0.00144483 0.99999 0.707557 
0.999993 0.000209725 -0.00370701 -0.0127763 -0.000214861 0.999999 -0.00138507 0.00058766 0.00370672 0.00138586 0.999992 0.700334 
0.999987 0.00121145 -0.00494209 -0.0108201 -0.00121499 0.999999 -0.000713042 0.00113772 0.00494121 0.000719036 0.999988 0.73058 
0.99999 -0.000802303 -0.00429575 -0.00438209 0.000802344 1 7.73277e-06 -0.0111359 0.00429574 -1.11768e-05 0.999991 0.732652 
0.999988 0.0017911 -0.00454848 -0.0113788 -0.00179717 0.999997 -0.00133159 0.000666577 0.00454609 0.00133974 0.999989 0.759078 
0.999986 0.00277406 -0.00448257 -0.0149158 -0.00277715 0.999996 -0.000683035 -0.00471634 0.00448065 0.000695476 0.99999 0.755487 
0.99999 0.000353524 -0.00451017 -0.00301031 -0.000345962 0.999999 0.00167757 0.000231424 0.00451075 -0.001676 0.999988 0.798103 
0.999989 -0.0006948 -0.00462484 -0.00633883 0.000705829 0.999997 0.00238361 0.000399658 0.00462317 -0.00238685 0.999987 0.800686 
0.999995 -0.000560561 -0.0031101 -0.0116866 0.000569582 0.999996 0.00290035 -0.00645826 0.00310847 -0.0029021 0.999991 0.805622 
0.999996 0.00143825 -0.00242785 -0.00968047 -0.00144026 0.999999 -0.000823741 -0.00705237 0.00242665 0.000827234 0.999997 0.812327 
0.999998 -0.000528299 -0.00196439 -0.0103358 0.000528008 1 -0.000148773 -0.00530681 0.00196447 0.000147736 0.999998 0.822188 
0.999996 -0.0024446 -0.001626 -0.00576241 0.00244326 0.999997 -0.000825595 -0.00363487 0.00162801 0.000821619 0.999998 0.826424 
0.999997 -0.000709886 -0.00235501 0.00495151 0.000712082 0.999999 0.000931989 -0.00558409 0.00235434 -0.000933664 0.999997 0.850095 
0.999997 -0.0015718 -0.00167939 -0.00249407 0.00157115 0.999999 -0.000388125 -0.00588668 0.00168001 0.000385487 0.999999 0.851205 
0.999996 0.00211743 -0.00181534 -0.00681563 -0.00212123 0.999996 -0.00209183 -0.00973708 0.00181091 0.00209567 0.999996 0.862985 
0.999999 0.000809474 -0.00136391 -0.00150044 -0.00081335 0.999996 -0.00284455 -0.00506128 0.00136159 0.00284565 0.999995 0.871015 
0.999991 0.00391312 -0.00164416 -0.0111598 -0.00391564 0.999991 -0.0015291 -0.00775671 0.00163815 0.00153552 0.999998 0.875976 
0.999999 0.00113621 -0.00102111 -0.00436382 -0.00113569 0.999999 0.000511789 -0.00618988 0.00102169 -0.000510628 0.999999 0.885413 
0.999999 -0.000984624 -0.00143263 -0.00475755 0.000986499 0.999999 0.00130866 -0.00470101 0.00143135 -0.00131007 0.999998 0.894976 
0.999999 0.000856742 -0.00128183 -0.00662629 -0.000854626 0.999998 0.00165188 -0.00766707 0.00128326 -0.00165078 0.999998 0.901827 
0.999999 -0.000667479 -0.000869766 -0.000585794 0.000667553 1 8.19908e-05 -0.0106168 0.00086971 -8.25683e-05 1 0.898268 
0.999999 -8.30237e-05 -0.00169183 -0.00382203 8.16114e-05 1 -0.000835776 -0.0076094 0.00169189 0.000835636 0.999998 0.90951 
0.999998 -0.00149661 -0.00105613 -0.00360429 0.00149616 0.999999 -0.00042196 -0.0128442 0.00105678 0.000420379 0.999999 0.911755 
1 -0.000203749 -0.000715792 0.00164586 0.000204827 0.999999 0.00150879 -0.00419255 0.000715457 -0.00150893 0.999999 0.920446 
1 0.00100689 -5.12451e-05 -0.00577232 -0.00100672 0.999994 0.0032696 -0.00434628 5.45457e-05 -0.00326955 0.999995 0.928633 
0.999999 0.00056233 0.00101883 -0.00564387 -0.000566534 0.999991 0.00413253 -0.01472 -0.00101648 -0.0041331 0.999991 0.932346 
0.999997 -0.00188728 0.00142422 0.00756294 0.00188326 0.999994 0.00282056 -0.0089874 -0.00142955 -0.00281787 0.999995 0.931425 
0.999999 0.000226457 0.00167984 -0.00479159 -0.000227408 1 0.000566998 -0.00681528 -0.00167971 -0.000567381 0.999999 0.942877 
0.999999 0.000616503 0.0014653 -0.00388424 -0.000612154 0.999995 -0.00296551 -0.0118344 -0.00146713 0.00296461 0.999994 0.935492 
0.999999 0.000966961 0.00078053 0.00120051 -0.000963486 0.99999 -0.00443958 -0.0147272 -0.000784814 0.00443883 0.99999 0.952238 
0.999998 -0.000728339 0.00169199 -0.0103333 0.000733111 0.999996 -0.00282093 -0.00754929 -0.00168993 0.00282217 0.999995 0.949406 
0.999997 -0.00258737 0.000503067 0.00378381 0.00258674 0.999996 0.00124285 -0.00729954 -0.000506278 -0.00124154 0.999999 0.965527 
0.999998 -0.00165729 -0.000450071 0.00566483 0.00165937 0.999988 0.00466186 -0.0061627 0.000442319 -0.0046626 0.999989 0.983067 
0.999992 -0.00385882 -0.00102046 0.000358485 0.00386196 0.999988 0.00308976 -0.00828129 0.00100854 -0.00309368 0.999995 0.975338 
0.999971 -0.00755113 -0.000992488 0.010053 0.00755088 0.999972 -0.000256412 -0.0158035 0.000994395 0.000248909 1 0.965092 
0.999996 -0.00253512 -0.00156232 0.00319941 0.0025294 0.99999 -0.00365284 -0.0101601 0.00157158 0.00364887 0.999992 0.982841 
0.999999 0.000915244 -0.00131093 -0.00445133 -0.000920671 0.999991 -0.00414382 -0.0101791 0.00130712 0.00414502 0.999991 0.96456 
0.999997 0.00132122 -0.00210927 -0.00848791 -0.00132282 0.999999 -0.000754117 -0.00506674 0.00210827 0.000756905 0.999997 0.987488 
1 -0.000120426 -0.000702217 -0.000819951 0.000121466 0.999999 0.00147571 -0.0117169 0.000702046 -0.00147579 0.999999 0.9939 
0.999995 0.00281291 -0.00116473 -0.0089066 -0.00280949 0.999992 0.00293002 -0.0108476 0.00117297 -0.00292673 0.999995 0.997261 
0.999999 -3.62761e-05 -0.00133415 -0.00085333 3.80357e-05 0.999999 0.00131959 -0.0127379 0.00133412 -0.00131964 0.999998 1.00161 
0.999999 0.00114611 -0.00103588 -0.00430462 -0.00114357 0.999996 0.00245115 -0.00759828 0.00103867 -0.00244997 0.999997 0.965797 
1 -0.00012517 0.000427 -0.00154734 0.000123843 0.999995 0.00310295 -0.0156922 -0.000427373 -0.00310289 0.999995 1.00273 
0.999985 0.00540763 -0.000773892 -0.0116921 -0.00540612 0.999983 0.0019417 -0.00454241 0.000784352 -0.00193749 0.999998 0.985165 
1 0.000338687 0.000170365 -0.0164163 -0.000338595 1 -0.000546892 -0.015675 -0.000170551 0.000546836 1 0.999409 
1 0.000218467 -0.000360414 0.0208036 -0.000219084 0.999999 -0.00171316 -0.011233 0.000360057 0.00171324 0.999999 1.00209 
0.999997 0.00243946 -2.79546e-05 -0.0118241 -0.00243951 0.999995 -0.0022237 -0.0126803 2.25455e-05 0.00222376 0.999998 0.997246 
1 -0.000494049 -0.000845455 -0.00706738 0.000494041 1 -7.86176e-06 -0.00953066 0.00084544 7.44499e-06 1 0.982197 
0.999997 -0.00201231 -0.0013646 0.00896394 0.00201377 0.999997 0.00107326 -0.0125908 0.00136243 -0.00107601 0.999998 1.00064 
1 0.000425119 -0.00058528 -0.00589997 -0.000424389 0.999999 0.00124692 -0.0154594 0.000585794 -0.00124667 0.999999 0.987675 
0.999996 0.00293512 -0.000304468 -0.00978822 -0.00293616 0.99999 -0.0034704 -0.0203828 0.00029429 0.00347128 0.999994 0.980125 
0.999999 0.000438761 -0.00115878 0.00243121 -0.000443752 0.999991 -0.00431048 -0.005925 0.0011569 0.00431099 0.99999 0.965019 
0.999999 0.00115614 -0.000560023 -0.00809836 -0.00115686 0.999999 -0.00128262 -0.00705877 0.000558533 0.00128327 0.999999 0.974854 
0.999999 -0.00164991 2.1033e-05 -0.00696433 0.00164982 0.999991 0.0039394 -0.0184251 -2.75299e-05 -0.00393936 0.999992 0.979618 
0.999997 -0.0022563 -0.000568651 0.0159245 0.00225792 0.999993 0.00287159 -0.00961226 0.000562161 -0.00287287 0.999996 0.953682 
0.999998 -0.00174121 -0.000335522 -0.00143683 0.00174143 0.999998 0.000643322 -0.0155397 0.00033439 -0.000643906 1 0.96719 
0.999995 -0.00325606 -0.00050322 0.00329101 0.00325539 0.999994 -0.00133606 -0.0125578 0.000507571 0.00133441 0.999999 0.962261 
0.999995 -0.00335279 -0.000110701 0.00729513 0.00335266 0.999994 -0.00110641 -0.0111316 0.000114396 0.00110604 0.999999 0.93795 
0.999999 -0.00134049 -0.000791073 -0.00496179 0.00134141 0.999998 0.00116866 -0.0131006 0.000789501 -0.00116972 0.999999 0.955963 
0.999992 -0.00371846 -0.00146628 0.00823027 0.00372448 0.999984 0.00412695 -0.00946635 0.0014509 -0.00413238 0.99999 0.952293 
0.999999 -0.000831691 -0.000436597 -0.0012126 0.000833803 0.999988 0.0048532 -0.00933981 0.000432588 -0.00485356 0.999988 0.942402 
0.999999 0.00159577 -0.000419088 -0.00823349 -0.00159489 0.999996 0.00208537 -0.0120057 0.000422388 -0.0020847 0.999998 0.951698 
0.999998 0.00156815 -0.00151642 -0.00448632 -0.00157453 0.99999 -0.00421348 -0.0140716 0.0015098 0.00421585 0.99999 0.932873 
0.999997 0.00206661 -0.00142129 -0.00354838 -0.00207708 0.99997 -0.00740832 -0.0202332 0.00140597 0.00741125 0.999972 0.906963 
0.999997 0.00201588 -0.00109486 -0.00187457 -0.00202104 0.999987 -0.00473072 -0.0145656 0.00108528 0.00473292 0.999988 0.91906 
0.999986 0.00526463 -0.000654727 -0.0134685 -0.00526418 0.999986 0.000679287 -0.00881565 0.000658296 -0.000675832 1 0.903164 
0.999996 0.00243976 -0.00137015 -0.0119426 -0.00243603 0.999993 0.00271643 -0.0167513 0.00137677 -0.00271308 0.999995 0.905182 
0.999997 0.00234908 -0.00106586 -0.000835896 -0.00234778 0.999996 0.00121567 -0.0142218 0.0010687 -0.00121317 0.999999 0.875755 
0.999999 0.000595189 -0.0013101 -0.00333452 -0.000595534 1 -0.000262722 -0.0124788 0.00130994 0.000263503 0.999999 0.870346 
0.999998 0.00153573 -0.00132324 -0.00969601 -0.00153443 0.999998 0.000987637 -0.0133221 0.00132477 -0.000985603 0.999999 0.851669 
0.999998 0.000820659 -0.00164638 -0.00315642 -0.000819782 1 0.000533954 -0.014964 0.00164682 -0.000532603 0.999999 0.844162 
0.999999 -0.000391805 -0.0012047 -0.00309527 0.000392482 1 0.000561778 -0.016561 0.00120447 -0.000562251 0.999999 0.81292 
0.999999 -0.000448546 -0.00123499 -0.00218809 0.000449779 1 0.000997387 -0.00990504 0.00123454 -0.000997941 0.999999 0.807373 
0.999995 0.00277533 -0.0014995 -0.00488889 -0.00277137 0.999993 0.00263861 -0.0127974 0.00150684 -0.00263445 0.999995 0.807228 
0.999999 0.00128739 -0.00104288 -0.0115927 -0.00128288 0.99999 0.00431272 -0.015925 0.00104845 -0.00431137 0.99999 0.786545 
0.999994 0.00290948 -0.00176545 -0.00963902 -0.00290686 0.999995 0.0014869 -0.0120976 0.00176972 -0.00148175 0.999997 0.79039 
0.999994 0.00314138 -0.00140013 -0.0064528 -0.0031472 0.999986 -0.00417458 -0.0180197 0.00138702 0.00417897 0.99999 0.753998 
0.999999 0.000746553 -0.00138737 0.000727177 -0.000756444 0.999974 -0.00714027 -0.0200516 0.00138197 0.00714131 0.999974 0.725899 
0.999999 -0.000272139 -0.00143522 -0.000598669 0.000263739 0.999983 -0.00585046 -0.00918484 0.00143681 0.00585008 0.999982 0.708344 
1 0.000639915 -0.000531755 -0.00468779 -0.000640651 0.999999 -0.00138458 -0.0015966 0.000530876 0.00138492 0.999999 0.696892 
0.999997 0.002549 -0.000424758 -0.0157752 -0.0025475 0.999991 0.00349577 -0.00746226 0.000433631 -0.00349468 0.999994 0.682045 
0.999999 0.000227768 -0.00150187 -0.00452447 -0.000223969 0.999997 0.00252849 -0.0220988 0.00150244 -0.00252815 0.999996 0.649422 
0.999996 -0.00288356 -0.000709124 -0.00421596 0.00288107 0.99999 -0.00348341 -0.00785571 0.00071916 0.00348135 0.999994 0.637199 
0.99997 -0.00779007 -7.77245e-05 0.0155401 0.00778957 0.999957 -0.00514375 -0.0149359 0.000117771 0.00514299 0.999987 0.614258 
0.999993 -0.00352667 0.0013087 0.000124216 0.00353318 0.999981 -0.00501085 -0.000693291 -0.00129101 0.00501544 0.999987 0.603317 
0.999994 0.00224567 0.00265256 0.00886655 -0.00224564 0.999997 -1.1324e-05 -0.0108276 -0.00265258 5.36721e-06 0.999997 0.579201 
0.999979 0.00482851 0.00428012 -0.00876713 -0.00484153 0.999984 0.00303617 -0.00695679 -0.00426538 -0.00305683 0.999986 0.572731 
0.999988 -0.00176766 0.00467495 0.00243068 0.00175285 0.999993 0.00316857 -0.00738061 -0.00468053 -0.00316033 0.999984 0.556335 
0.999975 -0.00415302 0.00570088 0.0123838 0.00413074 0.999984 0.00391403 -0.00156412 -0.00571704 -0.00389039 0.999976 0.548409 
0.999953 -0.00482042 0.00837981 0.0122173 0.00478841 0.999981 0.00383559 -0.0170994 -0.00839814 -0.00379529 0.999958 0.525543 
0.999941 0.00362256 0.0101909 0.016123 -0.00362191 0.999994 -8.22258e-05 -0.0129222 -0.0101912 4.531e-05 0.999948 0.51889 
0.999869 0.00525636 0.0153269 0.00167879 -0.00524901 0.999986 -0.000519695 -0.00706637 -0.0153295 0.000439176 0.999882 0.508575 
0.999823 0.00504907 0.0181036 0.0117817 -0.00506232 0.999987 0.000686283 -0.00659037 -0.0180999 -0.000777808 0.999836 0.494644 
0.999751 -0.00142796 0.0222598 0.0227413 0.00140753 0.999999 0.000933437 -0.0077517 -0.0222611 -0.000901874 0.999752 0.476974 
0.99966 -0.00355524 0.0258205 0.0400076 0.00352167 0.999993 0.00134512 -0.0073514 -0.0258251 -0.00125374 0.999666 0.451057 
0.999563 -0.000974598 0.029554 0.0361309 0.000910342 0.999997 0.00218764 -0.0137209 -0.029556 -0.00215978 0.999561 0.453476 
0.999453 -0.000553067 0.0330711 0.0356112 0.000493896 0.999998 0.00179737 -0.00916648 -0.033072 -0.00178005 0.999452 0.452789 
0.999289 0.00025312 0.03769 0.0423155 -0.000263051 1 0.000258601 0.00032258 -0.0376899 -0.00026833 0.999289 0.451942 
0.999116 -3.09177e-05 0.0420516 0.0377436 2.62051e-06 1 0.000672895 -0.0118191 -0.0420516 -0.000672188 0.999115 0.402611 
0.998945 -0.000240165 0.0459213 0.0477638 0.000222066 1 0.000399221 -0.00835407 -0.0459215 -0.000388599 0.998945 0.42907 
0.998736 0.00191434 0.0502262 0.050209 -0.00184107 0.999997 -0.00150505 -0.0113044 -0.0502289 0.00141068 0.998737 0.42202 
0.998444 0.000787823 0.0557584 0.045866 -0.000674108 0.999998 -0.00205817 -0.00775707 -0.0557599 0.00201738 0.998442 0.409981 
0.998252 -4.54559e-05 0.0590996 0.0598774 0.000133106 0.999999 -0.00147917 -0.0053798 -0.0590994 0.00148445 0.998251 0.405731 
0.99809 -0.000619279 0.06177 0.060051 0.000657638 1 -0.000600671 -0.0102208 -0.0617697 0.000640146 0.99809 0.377106 
0.997864 0.000301909 0.0653251 0.0558014 -0.000218399 0.999999 -0.00128551 -0.00319552 -0.0653254 0.0012685 0.997863 0.373459 
0.997817 -0.00208621 0.0660062 0.0715637 0.00219232 0.999996 -0.00153524 -0.00116968 -0.0660028 0.00167659 0.997818 0.380295 
0.997816 -0.000760021 0.0660516 0.0635262 0.000777342 1 -0.000236536 -0.00972641 -0.0660514 0.000287364 0.997816 0.383865 
0.997906 -0.000611761 0.0646805 0.0684738 0.000546058 0.999999 0.00103345 -0.00162011 -0.0646811 -0.000995973 0.997905 0.37928 
0.997949 0.00169885 0.063998 0.0688782 -0.00185626 0.999995 0.0024004 -0.00129843 -0.0639935 -0.00251427 0.997947 0.375309 
0.998029 -0.00113603 0.0627503 0.0744095 0.00110777 0.999999 0.000485203 -0.00206912 -0.0627509 -0.000414735 0.998029 0.362728 
0.998134 -0.00298882 0.0609849 0.07827 0.0030013 0.999995 -0.000113028 -0.0120479 -0.0609843 0.000295849 0.998138 0.376968 
0.998289 -0.00654917 0.0581105 0.0816574 0.00659985 0.999978 -0.000680247 -0.00371206 -0.0581048 0.0010626 0.99831 0.362118 
0.9984 0.00250584 0.056494 0.0620651 -0.00248258 0.999997 -0.000481918 -0.0110332 -0.056495 0.000340894 0.998403 0.368366 
0.998488 0.00378724 0.054839 0.0534515 -0.00368433 0.999991 -0.00197753 0.00235868 -0.054846 0.00177249 0.998493 0.369228 
0.998675 0.00105488 0.051446 0.0549927 -0.00100276 0.999999 -0.00103911 -0.0118713 -0.051447 0.000986146 0.998675 0.358978 
0.998865 -0.00631094 0.0472145 0.0580444 0.00634414 0.99998 -0.000553362 -0.000943959 -0.0472103 0.000852271 0.998885 0.367832 
0.998937 -0.0139858 0.043933 0.0522461 0.0138809 0.9999 0.00269384 -0.00452781 -0.0439663 -0.00208115 0.999031 0.379326 
0.99928 -0.0037883 0.0377626 0.0501938 0.0037127 0.999991 0.00207188 0.000654697 -0.0377701 -0.00193019 0.999285 0.374743 
0.999376 0.00286624 0.0352 0.0298386 -0.00276854 0.999992 -0.00282395 -0.00903863 -0.0352079 0.00272474 0.999376 0.37459 
0.999431 0.0108545 0.0319491 0.0168839 -0.0107046 0.999931 -0.0048596 -0.0110945 -0.0319997 0.00451483 0.999478 0.384256 
0.999555 0.00580759 0.0292571 0.0177307 -0.0057086 0.999978 -0.0034656 -0.0126336 -0.0292766 0.00329704 0.999566 0.389597 
0.999651 -0.00102948 0.0263852 0.0308228 0.00108057 0.999997 -0.00192226 -0.00785398 -0.0263831 0.0019501 0.99965 0.39496 
0.999686 -0.00642783 0.0242047 0.0318298 0.00649488 0.999975 -0.00269269 -0.00265872 -0.0241868 0.00284906 0.999703 0.413538 
0.99977 -0.00656725 0.0204409 0.0386505 0.00671564 0.999952 -0.00719941 0.00429824 -0.0203926 0.00733502 0.999765 0.410677 
0.999795 -0.00148873 0.0201962 0.0168915 0.00164212 0.99997 -0.0075807 0.0181686 -0.0201844 0.00761232 0.999767 0.42499 
0.999835 0.00279294 0.0179402 0.00945282 -0.00278885 0.999996 -0.000252677 0.00159514 -0.0179408 0.000202606 0.999839 0.445144 
0.999881 0.00268466 0.0151623 0.0137329 -0.00275479 0.999986 0.00460622 -0.00889999 -0.0151497 -0.00464745 0.999874 0.463405 
0.999892 -0.000288351 0.0146861 0.0145416 0.000241296 0.999995 0.00320594 -0.0041635 -0.0146869 -0.00320206 0.999887 0.468604 
0.999911 -0.00210406 0.0131948 0.0189362 0.0020729 0.999995 0.00237491 -0.0035333 -0.0131997 -0.00234735 0.99991 0.484787 
0.999924 -0.00336628 0.0118592 0.0187378 0.00335841 0.999994 0.000683229 -0.00607896 -0.0118614 -0.000643348 0.999929 0.491501 
0.999943 -0.00266388 0.0103793 0.00873566 0.00267334 0.999996 -0.000898419 -0.00436854 -0.0103769 0.000926124 0.999946 0.521854 
0.999967 -0.00239906 0.00769994 0.0153427 0.00240566 0.999997 -0.00084788 0.000489712 -0.00769787 0.000866377 0.99997 0.521929 
0.999983 -0.00160821 0.00553798 0.00747681 0.00160958 0.999999 -0.00024272 -0.00378239 -0.00553758 0.000251628 0.999985 0.551202 
0.999983 -0.00123433 0.00569521 0.00527954 0.00124051 0.999999 -0.00108099 -0.00369406 -0.00569386 0.00108804 0.999983 0.565745 
0.999983 -0.000381205 0.00584104 0.0091095 0.000385914 0.999999 -0.000806881 2.68221e-05 -0.00584074 0.000809119 0.999983 0.587608 
0.999987 -0.00252469 0.00444676 0.00756836 0.00252424 0.999997 0.00010654 -0.00324309 -0.00444701 -9.53085e-05 0.99999 0.60229 
0.999995 -0.00121799 0.00302645 0.00286865 0.00121892 0.999999 -0.000302157 -0.00158954 -0.00302607 0.000305838 0.999995 0.620195 
0.999995 -0.000976063 0.00318763 0.00392914 0.00097435 0.999999 0.000542554 -0.00326633 -0.00318816 -0.000539447 0.999995 0.639318 
0.999995 -0.00204966 0.00233562 0.00365448 0.00204823 0.999998 0.00061047 -0.004673 -0.00233687 -0.000605675 0.999997 0.655782 
0.999988 -0.00484795 0.000803567 0.00650024 0.00484785 0.999988 0.000146257 -0.00236511 -0.000804266 -0.000142366 1 0.677571 
0.999993 -0.00348837 -0.00110871 0.00534058 0.00348892 0.999994 0.000496299 -0.00506663 0.00110697 -0.000500163 0.999999 0.695122 
0.999996 -0.00128081 -0.00231888 0.000610352 0.00128058 0.999999 -0.000106066 -0.00301743 0.002319 0.000103095 0.999997 0.708544 
0.99999 -0.00245975 -0.00373215 -0.00533295 0.00245934 0.999997 -0.00011477 -0.00204158 0.00373243 0.000105594 0.999993 0.724226 
0.999989 -0.000829771 -0.00452881 -0.00204468 0.000833198 0.999999 0.000753192 -0.00676203 0.00452818 -0.000756959 0.99999 0.73538 
0.999991 -0.00140432 -0.00405453 -0.000930786 0.0014097 0.999998 0.00132592 -1.90735e-05 0.00405266 -0.00133163 0.999991 0.756804 
0.999993 0.00018489 -0.00384242 -0.0072403 -0.000178095 0.999998 0.00176918 -0.00489664 0.00384275 -0.00176848 0.999991 0.765602 
0.999987 0.00298971 -0.00420857 -0.0151825 -0.00298021 0.999993 0.0022604 -0.00619841 0.00421529 -0.00224783 0.999989 0.784815 
0.999992 0.000837266 -0.00375665 -0.0106049 -0.000833146 0.999999 0.0010973 -0.00353217 0.00375758 -0.00109416 0.999992 0.798334 
0.999988 0.00268173 -0.00414488 -0.0153809 -0.00268538 0.999996 -0.00087723 -0.00498462 0.00414251 0.000888352 0.999991 0.804873 
0.999992 0.00210904 -0.0034634 0.0013504 -0.00212187 0.999991 -0.00370374 -0.0135267 0.00345557 0.00371106 0.999987 0.799345 
0.999982 0.00583354 -0.00139809 -0.0165558 -0.00584044 0.999971 -0.0049833 -0.00841403 0.00136897 0.00499138 0.999987 0.812977 
0.999996 0.00270189 4.41968e-05 -0.00429535 -0.00270174 0.999992 -0.00301259 -0.00331688 -5.23329e-05 0.00301246 0.999995 0.812632 
0.999998 0.00212964 -0.000133827 -0.0101395 -0.00212957 0.999998 0.000563644 -0.00547147 0.000135012 -0.000563361 1 0.821117 
0.999996 0.00287063 -4.62309e-05 -0.00936127 -0.00287054 0.999994 0.00202927 -0.0107286 5.20647e-05 -0.00202913 0.999998 0.822361 
0.999999 -0.000771787 0.000628211 -0.0109253 0.000771224 0.999999 0.000905624 -0.00520372 -0.000628896 -0.000905142 0.999999 0.820951 
0.999997 0.00229378 -0.000503577 -0.00704193 -0.00229319 0.999997 0.00116497 -0.0159692 0.000506252 -0.00116382 0.999999 0.81843 
0.999998 0.00190141 -0.000347465 -0.00271606 -0.00190145 0.999998 -8.23671e-05 -0.0137409 0.000347301 8.30332e-05 1 0.815935 
0.999995 0.00310718 -0.0001451 -0.00680542 -0.00310722 0.999995 -0.000333871 -0.0139842 0.000144042 0.000334319 1 0.818579 
0.999995 0.00301065 0.001146 -0.0121307 -0.00300904 0.999995 -0.00140957 -0.00797641 -0.00115024 0.00140611 0.999998 0.818245 
0.99999 0.00301119 0.00310733 -0.00617981 -0.00301298 0.999995 0.000570812 -0.00977951 -0.00310559 -0.000580164 0.999995 0.805077 
0.999992 0.00216432 0.00349779 0.00270844 -0.00216795 0.999997 0.00103436 -0.00359863 -0.00349555 -0.00104193 0.999993 0.820908 
0.999986 0.00193581 0.00488822 -0.00245667 -0.00194903 0.999995 0.00270164 -0.0110855 -0.00488296 -0.00271113 0.999984 0.813938 
0.999976 0.00264773 0.00639246 -0.000404358 -0.00266061 0.999994 0.00200701 -0.0101559 -0.00638711 -0.00202397 0.999978 0.808304 
0.999975 0.000241624 0.00710884 0.00648499 -0.000241219 1 -5.74805e-05 -0.0126969 -0.00710885 5.57526e-05 0.999975 0.804234 
0.999964 0.00038606 0.00849988 0.00806427 -0.000378883 0.999999 -0.000846064 -0.0107838 -0.0085002 0.000842815 0.999963 0.802494 
0.999951 -0.000385343 0.00989683 0.00695038 0.000390875 1 -0.000557029 -0.00883886 -0.00989661 0.000560864 0.999951 0.807766 
0.999944 -0.00111482 0.0104986 0.0087738 0.00110341 0.999999 0.00109229 -0.0118939 -0.0104998 -0.00108064 0.999944 0.785976 
0.999939 0.00143605 0.0109857 0.00468445 -0.00144548 0.999999 0.000850711 -0.0114888 -0.0109845 -0.000866538 0.999939 0.79425 
0.999938 -0.00125667 0.0110974 0.0115433 0.00124583 0.999999 0.000983532 -0.0127612 -0.0110987 -0.000969649 0.999938 0.785881 
0.99994 0.000163349 0.0109505 0.00845337 -0.000156777 1 -0.000601329 -0.00816301 -0.0109506 0.000599576 0.99994 0.779335 
0.999938 0.000295837 0.0111744 0.00804901 -0.00028871 1 -0.000639202 -0.0113974 -0.0111746 0.000635941 0.999937 0.778919 
0.999947 0.000702458 0.0102725 0.0169067 -0.000692679 0.999999 -0.000955286 -0.0137673 -0.0102732 0.000948118 0.999947 0.77652 
0.999945 -0.000440508 0.0105342 0.00746918 0.000451944 0.999999 -0.00108321 -0.0078676 -0.0105337 0.00108791 0.999944 0.766148 
0.999959 -0.00122477 0.00901768 0.0228043 0.0012296 0.999999 -0.000529533 -0.0148389 -0.00901701 0.000540601 0.999959 0.751884 
0.999949 7.54083e-05 0.0100762 -0.00344086 -6.9268e-05 1 -0.000609835 -0.00979489 -0.0100763 0.000609106 0.999949 0.77676 
0.999955 -0.000517603 0.0094506 0.00640869 0.000520987 1 -0.000355604 -0.0107307 -0.0094504 0.00036051 0.999955 0.743206 
0.999962 -0.00103654 0.00867026 0.0106049 0.00103041 0.999999 0.000710347 -0.00938165 -0.00867102 -0.000701382 0.999962 0.734098 
0.999973 -0.0013118 0.00729368 0.0121002 0.00130082 0.999998 0.00150917 -0.0170642 -0.00729561 -0.00149964 0.999972 0.74085 
0.999981 -0.00267788 0.00551501 0.00315857 0.00266736 0.999995 0.00191421 -0.0116287 -0.00552011 -0.00189947 0.999983 0.725348 
0.999989 -0.00308814 0.00346801 0.012413 0.0030814 0.999993 0.00194594 -0.0108725 -0.003474 -0.00193523 0.999992 0.714314 
0.999994 -0.0016332 0.00294541 0.0022049 0.00162962 0.999998 0.00121929 -0.00794876 -0.00294742 -0.00121448 0.999995 0.71608 
0.999999 3.03406e-05 0.00162783 0.0020752 -3.18121e-05 1 0.000902527 -0.0115198 -0.0016278 -0.00090258 0.999998 0.689861 
0.999999 -0.00108234 0.000859156 -0.000526428 0.00108267 0.999999 -0.000371598 -0.0118066 -0.000858754 0.000372524 1 0.670979 
0.999999 -0.000527294 -0.00102141 -0.00300598 0.000526395 1 -0.00088378 -0.0113026 0.00102188 0.000883241 0.999999 0.654648 
0.999995 -0.000968054 -0.00316661 -0.000747681 0.000963444 0.999999 -0.00145607 -0.012533 0.00316801 0.00145301 0.999994 0.626442 
0.999987 -0.000433257 -0.0050453 -0.00564575 0.000430359 1 -0.000574039 -0.0104745 0.00504556 0.000571862 0.999987 0.636909 
0.999967 0.000396809 -0.00808267 -0.0111389 -0.000403278 1 -0.000798637 -0.00819677 0.00808234 0.000801871 0.999967 0.601673 
0.999937 0.00111573 -0.0111565 -0.0180206 -0.00111695 1 -0.000102978 -0.011108 0.0111564 0.000115433 0.999938 0.582844 
0.999907 0.000347126 -0.0136191 -0.0187683 -0.000345999 1 8.53742e-05 -0.0160478 0.0136191 -8.06565e-05 0.999907 0.548447 
0.999853 0.00126534 -0.0170713 -0.0247269 -0.00128779 0.999998 -0.00130407 -0.0169123 0.0170696 0.00132587 0.999853 0.552814 
0.999767 0.00128261 -0.0215608 -0.0283203 -0.00133778 0.999996 -0.0025448 -0.00935739 0.0215574 0.00257306 0.999764 0.532227 
0.999694 0.00163894 -0.0246869 -0.0317383 -0.00171246 0.999994 -0.00295736 -0.01197 0.0246819 0.00299873 0.999691 0.51889 
0.999604 0.000793908 -0.0281289 -0.0354691 -0.000840159 0.999998 -0.00163235 -0.00814456 0.0281276 0.00165534 0.999603 0.513927 
0.999441 0.0021018 -0.0333706 -0.037262 -0.00206973 0.999997 0.000995674 -0.0139653 0.0333726 -0.000926055 0.999443 0.502064 
0.999261 -0.00146306 -0.0384158 -0.0301285 0.00152841 0.999997 0.00167177 0.00585067 0.0384132 -0.00172925 0.99926 0.499783 
0.999105 0.001107 -0.042284 -0.0479355 -0.0009393 0.999992 0.00398553 -0.00703502 0.042288 -0.00394224 0.999098 0.494743 
0.998908 0.00188981 -0.0466799 -0.0376511 -0.00168176 0.999988 0.00449585 -0.0051681 0.0466878 -0.00441243 0.9989 0.513611 
0.998778 0.00337566 -0.0493132 -0.0569611 -0.00317594 0.999986 0.00412778 -0.00736445 0.0493264 -0.00396612 0.998775 0.500854 
0.998539 0.00295552 -0.0539622 -0.0497818 -0.00282585 0.999993 0.00247911 -0.00831914 0.0539691 -0.00232299 0.99854 0.492935 
0.998388 0.000133096 -0.0567515 -0.0642624 -0.000105408 1 0.000490814 -0.0132658 0.0567515 -0.000484043 0.998388 0.489777 
0.998046 -0.00312312 -0.0624039 -0.0573502 0.00296857 0.999992 -0.00256913 0.00154936 0.0624114 0.00237886 0.998048 0.486862 
0.99782 -0.00229972 -0.0659559 -0.0658493 0.00202127 0.999989 -0.0042883 -0.0124147 0.0659651 0.00414565 0.997813 0.480782 
0.997815 -0.00250766 -0.0660166 -0.0803185 0.00216719 0.999984 -0.00522848 -0.00873786 0.0660285 0.00507399 0.997805 0.458427 
0.997597 0.00182291 -0.0692576 -0.0715408 -0.00208343 0.999991 -0.00368949 0.000133343 0.0692501 0.00382492 0.997592 0.469131 
0.997471 0.00161893 -0.0710612 -0.0574532 -0.00182134 0.999994 -0.00278369 0.00413817 0.0710562 0.00290608 0.997468 0.463058 
0.997709 -0.000638364 -0.0676437 -0.0872078 0.000479743 0.999997 -0.00236112 0.0054923 0.0676449 0.00232326 0.997707 0.476357 
0.997699 -0.0019265 -0.0677654 -0.0730686 0.00193865 0.999998 0.000113484 0.00350553 0.0677652 -0.000244592 0.997701 0.400528 
0.997649 0.00045004 -0.0685339 -0.0694942 -0.000171248 0.999992 0.0040738 0.00691056 0.0685351 -0.00405248 0.99764 0.46685 
0.997743 -0.000423196 -0.0671491 -0.081995 0.000848722 0.99998 0.00630859 0.00390595 0.0671451 -0.00635135 0.997723 0.46109 
0.997871 0.00185102 -0.0651951 -0.0715022 -0.00149336 0.999984 0.00553427 0.00307134 0.0652043 -0.00542513 0.997857 0.477409 
0.998064 -0.000996132 -0.062181 -0.0605246 0.00149086 0.999968 0.00791028 -0.0183676 0.0621712 -0.00798767 0.998034 0.457489 
0.998354 0.00349057 -0.0572503 -0.0650005 -0.00322326 0.999983 0.00476085 -0.00618279 0.0572659 -0.00456848 0.998348 0.46579 
0.998744 0.00320843 -0.0500071 -0.0653334 -0.00303696 0.999989 0.00350437 -0.0163012 0.0500179 -0.0033481 0.998743 0.455406 
0.999074 0.00761139 -0.0423436 -0.0672474 -0.00753308 0.99997 0.00200893 -0.0127752 0.0423576 -0.00168809 0.999101 0.448883 
0.999308 0.00362509 -0.0370366 -0.0500202 -0.00368605 0.999992 -0.00157776 -0.00555444 0.0370305 0.00171318 0.999313 0.460144 
0.999478 0.00192423 -0.0322633 -0.034359 -0.00195934 0.999998 -0.00105629 0.00225163 0.0322612 0.00111895 0.999479 0.485481 
0.999736 -0.0062699 -0.0220776 -0.0258751 0.00625618 0.99998 -0.000690445 -0.00545096 0.0220815 0.000552139 0.999756 0.469772 
0.999866 -0.00305213 -0.0160765 -0.0169697 0.00306008 0.999995 0.000470015 -0.0103824 0.016075 -0.000519148 0.999871 0.493805 
0.999905 0.00452485 -0.0129919 -0.0264816 -0.00453733 0.999989 -0.000931936 -0.000672579 0.0129875 0.000990796 0.999915 0.503593 
0.999936 0.00510435 -0.0101403 -0.0164261 -0.00510148 0.999987 0.000309466 -0.00136542 0.0101418 -0.000257714 0.999949 0.508202 
0.999954 0.0073797 -0.00612603 -0.0243492 -0.00738958 0.999972 -0.00159065 -0.00115848 0.00611413 0.00163585 0.99998 0.521904 
0.999979 0.00597135 -0.00256628 -0.0183868 -0.00597939 0.999977 -0.00313869 -0.0156132 0.00254749 0.00315397 0.999992 0.525085 
0.999999 0.00134491 -0.000397041 -0.00493622 -0.0013458 0.999996 -0.00229496 -0.0115575 0.000393957 0.00229549 0.999997 0.532104 
0.999992 -0.00339409 0.00212716 0.0177383 0.00340201 0.999987 -0.00373104 -0.00288379 -0.00211444 0.00373824 0.999991 0.544884 
0.999988 -0.00257356 0.00424165 0.00482178 0.00260153 0.999975 -0.00659911 0.0015775 -0.00422455 0.00661006 0.999969 0.562195 
0.99999 -0.00110753 0.00428526 0.00395966 0.00112776 0.999988 -0.00472268 0.00581528 -0.00427997 0.00472746 0.99998 0.574104 
0.999976 0.00531019 0.0045341 -0.00780106 -0.00531416 0.999985 0.000861785 -0.00489846 -0.00452949 -0.000885861 0.99999 0.591095 
0.999974 0.00434004 0.00569978 -0.00243759 -0.00436364 0.999982 0.00413532 7.42078e-05 -0.00568175 -0.00416009 0.999975 0.601555 
0.999987 -0.00235486 0.00455573 0.00699615 0.00233207 0.999985 0.00500026 -0.00617352 -0.00456743 -0.00498957 0.999977 0.628517 
0.99999 -0.00297913 0.00327095 0.0110703 0.00296097 0.99998 0.00554596 -0.00334811 -0.0032874 -0.00553622 0.999979 0.63131 
0.999991 -0.0015599 0.00400206 0.000411987 0.00153998 0.999986 0.00497604 -0.00583982 -0.00400978 -0.00496983 0.99998 0.647118 
0.999983 -0.0049948 0.00283764 0.00970078 0.00499216 0.999987 0.000930388 -0.0101565 -0.00284229 -0.000916208 0.999996 0.649063 
0.999991 -0.00414559 0.00071983 -0.00312805 0.00414797 0.999986 -0.00332347 -0.00675488 -0.000706017 0.00332643 0.999994 0.660339 
0.999998 -0.00209496 -0.000234246 0.00737381 0.00209326 0.999973 -0.00705614 -0.00637937 0.000249043 0.00705564 0.999975 0.676353 
1 0.000534688 -0.000752911 -0.00508118 -0.000539747 0.999977 -0.00673956 -0.00332284 0.00074932 0.00673997 0.999977 0.677414 
0.999994 0.00249385 -0.00259505 -0.0117188 -0.00250391 0.999989 -0.00388389 0.00435075 0.00258532 0.00389036 0.999989 0.700958 
0.999996 -0.00109791 -0.0026273 -0.00226593 0.00110891 0.999991 0.00419384 0.00376979 0.00262269 -0.00419674 0.999988 0.708847 
0.999997 -0.00211263 -0.00141169 -0.00151062 0.00212339 0.999968 0.00765324 -0.00696638 0.00139548 -0.00765621 0.99997 0.728539 
0.999994 0.00194866 -0.00287841 -0.00194168 -0.00193115 0.99998 0.00607132 -0.00929523 0.00289015 -0.00606572 0.999977 0.732712 
0.999993 0.00330555 -0.0017226 -0.0124817 -0.00330691 0.999994 -0.000784182 -0.0091027 0.00172003 0.000789876 0.999998 0.747383 
0.999987 0.0046464 -0.00209756 -0.0144844 -0.00465631 0.999978 -0.00474434 -0.00698519 0.00207549 0.00475404 0.999987 0.746742 
0.999993 -0.000364858 -0.00379191 -0.00475693 0.000343725 0.999984 -0.00557116 -0.0027889 0.00379391 0.00556981 0.999977 0.757675 
0.99999 -0.00236272 -0.00386342 -0.00478745 0.00235009 0.999992 -0.00327034 -0.000488311 0.00387108 0.00326122 0.999987 0.774345 
0.99999 -0.0020429 -0.00390747 -0.00600815 0.00204874 0.999997 0.00148849 -0.00113336 0.00390443 -0.00149648 0.999991 0.79422 
0.999989 -0.00309888 -0.00359298 -0.0033226 0.00310645 0.999993 0.00210439 -0.00699344 0.00358637 -0.00211552 0.999991 0.798386 
0.999998 -0.000670292 -0.00189963 -0.00448608 0.000675607 0.999996 0.00279956 -0.00569665 0.0018978 -0.00280083 0.999994 0.810593 
0.999997 -0.00236445 -0.00120313 -0.00464249 0.00236701 0.999995 0.00213266 -0.00279891 0.00119807 -0.0021355 0.999997 0.818787 
0.999986 -0.00521411 -0.000373304 0.00375748 0.00521459 0.999986 0.00127539 -0.00881028 0.000366658 -0.00127732 0.999999 0.808922 
0.999999 0.00115836 -0.000581831 -0.00553131 -0.00115748 0.999998 0.00151361 -0.00613511 0.000583589 -0.00151293 0.999999 0.820229 
0.999989 0.00478498 0.000171646 -0.00871658 -0.00478467 0.999987 -0.0017762 -0.0125324 -0.000180185 0.00177536 0.999999 0.836861 
0.999987 0.00511038 0.000538155 -0.0045433 -0.00510855 0.999981 -0.00334391 -0.0082984 -0.000555247 0.00334112 0.999994 0.836601 
0.999963 0.00852674 0.00114195 -0.0138359 -0.00852486 0.999962 -0.00163732 -0.0020026 -0.00115585 0.00162752 0.999998 0.846001 
0.999978 0.00607282 0.00283155 -0.0155907 -0.00607421 0.999982 0.000482497 -0.00245488 -0.00282858 -0.000499685 0.999996 0.847748 
0.99999 0.00334269 0.00304896 -0.00485611 -0.00334992 0.999992 0.00236532 -0.0177108 -0.00304106 -0.00237551 0.999993 0.851624 
0.999997 0.000378315 0.00249793 9.91821e-05 -0.000377423 1 -0.0003607 -0.015837 -0.00249806 0.000359751 0.999997 0.856339 
0.999995 -0.00237751 0.00220892 -0.000679016 0.00238415 0.999993 -0.00300864 -0.00264254 -0.00220175 0.00301389 0.999993 0.84906 
0.999982 -0.00582503 0.00132215 0.00410461 0.00582305 0.999982 0.0014916 -0.00895276 -0.00133082 -0.00148387 0.999998 0.867889 
0.999976 -0.00692659 0.000195831 0.0142746 0.00692689 0.999975 -0.00149932 -0.0123182 -0.00018543 0.00150064 0.999999 0.844879 
0.999999 -0.000984791 0.00107865 -0.00123978 0.000984577 1 0.000194339 -0.0119871 -0.00107889 -0.000193277 1 0.864441 
0.999993 0.00310691 0.00194709 -0.00491333 -0.00311264 0.999991 0.00293934 -0.00638539 -0.00193794 -0.00294538 0.999994 0.866272 
0.999992 0.00373614 0.00138439 -0.0132027 -0.00374427 0.999975 0.00593415 -0.0103054 -0.00136213 -0.00593929 0.999981 0.860382 
0.999988 0.00491044 0.000643998 -0.007061 -0.00491304 0.999979 0.00409014 -0.0149821 -0.000623882 -0.00409325 0.999991 0.862991 
0.999996 -0.00257096 0.0012697 0.00142288 0.00257921 0.999975 -0.00654462 -0.0165496 -0.00125286 0.00654787 0.999978 0.837296 
0.999972 -0.00744082 0.00060156 0.000602722 0.00744876 0.999868 -0.0144726 -0.0150632 -0.00049378 0.0144767 0.999895 0.827469 
0.999989 -0.00458845 -0.000289887 0.00636292 0.00458558 0.999947 -0.00923139 -0.00116253 0.000332177 0.00922997 0.999958 0.83786 
0.999998 -0.000977283 -0.0014291 0.00526047 0.000990624 0.999956 0.00936789 0.00330269 0.00141992 -0.0093693 0.999955 0.854874 
0.999996 -0.00207881 -0.00194362 0.00224686 0.00211876 0.999782 0.020788 -0.00529 0.00189999 -0.020792 0.999782 0.864929 
1 2.18251e-05 -0.000757396 -0.0110397 -1.03581e-05 0.999885 0.0151306 -0.0197525 0.00075759 -0.0151306 0.999885 0.844711 
0.999994 0.00331019 -0.000513196 -0.00996399 -0.0033131 0.999978 -0.00578549 -0.0230432 0.000493959 0.00578716 0.999983 0.834824 
0.999987 0.00479003 -0.00165179 -0.00934219 -0.00481535 0.999865 -0.0156801 -0.0173569 0.00157648 0.0156879 0.999876 0.810623 
0.999998 -0.00164362 -0.000982732 -0.00224686 0.00163554 0.999966 -0.00816342 -0.00229824 0.000996128 0.00816179 0.999966 0.810013 
0.999988 -0.00440754 -0.00201507 -0.00749969 0.00440591 0.99999 -0.000815575 -0.00841555 0.00201863 0.000806686 0.999997 0.825668 
0.999995 0.000217299 -0.00304064 0.00145721 -0.000212074 0.999998 0.00172007 -0.0172487 0.00304106 -0.00171942 0.999994 0.838898 
0.999993 -0.000919454 -0.00371082 -0.008461 0.000913746 0.999998 -0.00154003 -0.00579655 0.00371225 0.00153663 0.999992 0.826172 
0.999987 0.000521395 -0.00515491 -0.0031662 -0.000531295 0.999998 -0.00192092 -0.00676978 0.00515386 0.00192363 0.999985 0.8172 
0.999979 0.00596653 -0.00244039 -0.0223618 -0.00596604 0.999982 0.000212011 -0.0153438 0.00244156 -0.000197452 0.999997 0.828568 
0.999981 0.00586051 -0.00203986 -0.0176888 -0.00586093 0.999983 -0.000198781 -0.00803422 0.00203867 0.000210735 0.999998 0.817062 
0.999996 0.00197707 -0.00194357 -0.0113945 -0.00197372 0.999996 0.00172199 -0.0093637 0.00194696 -0.00171815 0.999997 0.809357 
0.999999 -0.00104043 -0.00137503 -0.00107193 0.00104736 0.999987 0.00504354 -0.0104153 0.00136982 -0.00504497 0.999986 0.815674 
0.999997 -0.00143563 -0.00191696 -0.00289154 0.00143528 0.999999 -0.000181163 -0.0138128 0.00191724 0.000178413 0.999998 0.802902 
0.999994 -0.00264496 -0.00229111 -0.00335693 0.00263834 0.999992 -0.00288432 -0.0129645 0.00229865 0.00287826 0.999993 0.806122 
0.999974 -0.00546686 -0.00464554 -0.00229263 0.00544893 0.999978 -0.00386245 -0.0113497 0.00466655 0.00383703 0.999982 0.802902 
0.999974 -0.00326844 -0.00650835 -0.0030365 0.00325736 0.999993 -0.00170899 0.00343993 0.00651386 0.00168774 0.999977 0.804504 
0.999978 -0.000506223 -0.00656268 -0.00695038 0.000538378 0.999988 0.00489843 -0.000457749 0.00656016 -0.00490185 0.999967 0.808441 
0.999979 -0.00114026 -0.00639187 -0.0135422 0.00119286 0.999965 0.00823086 -0.00690705 0.00638232 -0.00823831 0.999946 0.809631 
0.999992 -0.00132702 -0.00384463 -0.00134277 0.00136448 0.999952 0.00975633 -0.0178592 0.00383154 -0.00976149 0.999945 0.810638 
0.999966 0.00720471 -0.00389801 -0.0218811 -0.00719435 0.999971 0.00266418 -0.0139806 0.0039171 -0.00263605 0.999989 0.791656 
0.999987 0.0024861 -0.00445884 -0.0181923 -0.00250601 0.999987 -0.00446833 -0.0216556 0.0044477 0.00447944 0.99998 0.792847 
0.999969 -0.00145806 -0.00771613 -0.00735855 0.00137535 0.999942 -0.0107121 -0.00888467 0.00773126 0.0107012 0.999913 0.774918 
0.999973 -0.00374366 -0.0062502 0.0038414 0.0037073 0.999976 -0.00582296 0.00171614 0.00627187 0.00579963 0.999963 0.820541 
0.999977 -0.000680839 -0.00666966 -0.0146484 0.000686192 0.999999 0.000800997 -0.00319093 0.0066691 -0.000805558 0.999977 0.805817 
0.999943 0.00720778 -0.00788552 -0.0211945 -0.00718412 0.99997 0.00302445 -0.00644594 0.00790705 -0.00296762 0.999964 0.815582 
0.999954 0.00552134 -0.00787353 -0.0241928 -0.00553148 0.999984 -0.00126686 -0.0195253 0.00786645 0.00131035 0.999968 0.806854 
0.999951 0.00170059 -0.00972648 -0.0128975 -0.00176267 0.999978 -0.0063778 -0.00604254 0.00971541 0.00639463 0.999932 0.810822 
0.999964 -0.00154197 -0.00827942 -0.013382 0.00151964 0.999995 -0.00270222 -0.00451833 0.00828353 0.00268954 0.999962 0.817047 
0.999966 0.000354836 -0.0082273 -0.0178719 -0.000333804 0.999997 0.00255693 -0.00359058 0.00822818 -0.0025541 0.999963 0.825165 
0.999968 0.0031266 -0.00731366 -0.0306778 -0.00307856 0.999974 0.0065703 -0.00922585 0.00733401 -0.00654758 0.999952 0.822769 
0.999953 0.00369827 -0.00893116 -0.0079422 -0.00364962 0.999978 0.00546023 -0.00596255 0.00895117 -0.00542738 0.999945 0.833466 
0.999971 -0.000573215 -0.00765128 -0.0153961 0.000592687 0.999997 0.00254218 -0.00615895 0.00764979 -0.00254664 0.999968 0.822128 
0.999982 0.000873803 -0.00586427 -0.0166283 -0.000862883 0.999998 0.00186414 -0.00806987 0.00586589 -0.00185904 0.999981 0.816071 
0.999991 -0.000503043 -0.00414669 -0.0135231 0.000495587 0.999998 -0.00179941 -0.0170399 0.00414758 0.00179734 0.99999 0.829285 
0.999981 0.00387061 -0.00478113 0.00012207 -0.0038969 0.999977 -0.00550205 -0.0118556 0.00475974 0.00552058 0.999974 0.797409 
0.999978 0.00564171 -0.00363003 -0.0196342 -0.00566682 0.99996 -0.00694177 -0.0120138 0.00359071 0.00696218 0.999969 0.813324 
0.999995 0.00178117 -0.0025811 -0.0202675 -0.00178712 0.999996 -0.0023105 -0.00499356 0.00257698 0.0023151 0.999994 0.817123 
0.999994 0.00180264 -0.00312611 -0.0112457 -0.00178471 0.999982 0.00573016 -0.00396395 0.00313638 -0.00572455 0.999979 0.810776 
0.999994 0.00222841 -0.00266579 -0.00842667 -0.00220013 0.999942 0.0105717 -0.00824159 0.00268919 -0.0105658 0.999941 0.848663 
0.999992 0.00148577 -0.00372228 -0.00952911 -0.00145957 0.999974 0.00703296 -0.0122041 0.00373263 -0.00702747 0.999968 0.830353 
0.999983 -0.00330156 -0.00485833 -0.0056839 0.00328432 0.999988 -0.00355637 -0.016391 0.00487002 0.00354035 0.999982 0.813934 
0.999906 -0.0127295 -0.00519752 0.0078125 0.012677 0.99987 -0.0100044 -0.0129756 0.0053242 0.00993753 0.999936 0.809341 
0.999972 -0.0024135 -0.00711779 -0.000236511 0.0023791 0.999985 -0.00483902 -0.0072912 0.00712935 0.00482195 0.999963 0.807053 
0.999969 0.00355629 -0.00702712 -0.0143814 -0.00354958 0.999993 0.000966738 -0.00436026 0.00703051 -0.000941764 0.999975 0.824005 
0.999972 -0.00157588 -0.00728788 -0.019165 0.00162088 0.99998 0.00617288 -0.0105079 0.007278 -0.00618452 0.999954 0.839828 
