1 0 0 0 0 1 0 0 0 0 1 0 
0.99904 0.000645344 -0.0437965 -0.000686142 -0.000541547 0.999997 0.00238184 0.0177317 0.0437979 -0.00235584 0.999038 -1.02739 
0.998966 0.00454639 -0.0452351 -0.000936933 -0.004315 0.999977 0.00521151 0.0111812 0.0452577 -0.00501094 0.998963 -1.02679 
0.998937 5.79103e-05 -0.0460985 0.00602718 0.000145119 0.99999 0.00440091 0.0094189 0.0460983 -0.00440292 0.998927 -1.01775 
0.998917 -0.00237395 -0.0464676 0.00807491 0.00247835 0.999995 0.00218917 0.0185381 0.0464621 -0.00230196 0.998917 -1.04606 
0.998904 0.00265769 -0.0467232 -0.00341153 -0.00264595 0.999996 0.00031315 0.0167626 0.0467239 -0.000189181 0.998908 -1.03029 
0.998902 0.000917293 -0.0468293 0.0113354 -0.000839364 0.999998 0.00168373 0.0138813 0.0468309 -0.00164258 0.998902 -1.04491 
0.998932 0.00383256 -0.0460394 0.00202632 -0.00369318 0.999988 0.00311213 0.0158965 0.0460508 -0.00293878 0.998935 -1.03553 
0.998986 0.00266611 -0.0449325 -0.00420928 -0.00255023 0.999993 0.00263598 0.0101817 0.0449392 -0.00251872 0.998986 -1.02581 
0.998964 0.000783517 -0.0455027 -0.00416887 -0.000709021 0.999998 0.00165336 0.0125432 0.0455039 -0.00161939 0.998963 -1.02108 
0.998923 0.000112147 -0.046405 0.000288248 -0.000140901 1 -0.000616364 0.0174093 0.0464049 0.000622245 0.998923 -1.00651 
0.998891 4.40702e-06 -0.0470785 -0.00206685 -8.99099e-06 1 -9.70494e-05 0.0235167 0.0470784 9.73679e-05 0.998891 -1.02449 
0.998866 1.12811e-05 -0.0476059 0.00365996 -2.12481e-05 1 -0.000208875 0.0171567 0.0476059 0.000209652 0.998866 -1.02207 
0.998916 0.00137698 -0.0465243 -0.00942659 -0.00132894 0.999999 0.0010633 0.0237384 0.0465257 -0.00100032 0.998917 -1.02675 
0.998909 0.00260328 -0.0466325 -0.00485611 -0.00256787 0.999996 0.000819296 0.0154612 0.0466343 -0.000698648 0.998912 -1.01135 
0.998917 -0.000101192 -0.0465181 0.00793171 0.000171723 0.999999 0.00151198 0.0188986 0.0465181 -0.00151833 0.998916 -1.04582 
0.99891 0.00400368 -0.0465077 -0.00253487 -0.00401308 0.999992 -0.000108823 0.0180635 0.0465069 0.000295343 0.998918 -1.00122 
0.998928 -1.36755e-05 -0.0463008 -0.00867653 5.53541e-05 0.999999 0.000899008 0.0178917 0.0463007 -0.000900604 0.998927 -1.03756 
0.99889 0.000309221 -0.0471004 -0.00161695 -0.00020588 0.999997 0.00219899 0.0180224 0.0471009 -0.00218686 0.998888 -1.00658 
0.998895 0.00431633 -0.0467947 -0.00131416 -0.00422432 0.999989 0.00206498 0.00961441 0.0468031 -0.00186502 0.998903 -1.05479 
0.998911 -0.000365432 -0.0466653 -0.00353241 0.000445206 0.999999 0.00169923 0.0135298 0.0466646 -0.00171816 0.998909 -0.985167 
0.998918 0.00220025 -0.046456 2.67029e-05 -0.0020592 0.999993 0.00308383 0.0142684 0.0464624 -0.00298483 0.998916 -1.04951 
0.998923 0.00375372 -0.046248 0.00113487 -0.00354561 0.999983 0.00458088 0.00727203 0.0462645 -0.00441197 0.99892 -0.987888 
0.998989 0.000770204 -0.0449511 -0.00344276 -0.000689369 0.999998 0.0018136 0.00758514 0.0449525 -0.00178078 0.998987 -1.04513 
0.999042 0.00456892 -0.043521 -0.0023098 -0.00456412 0.99999 0.000209887 0.0142641 0.0435215 -1.10492e-05 0.999053 -1.01733 
0.999177 0.00297268 -0.0404587 -0.0163298 -0.00293951 0.999995 0.000879267 0.0111443 0.0404611 -0.000759611 0.999181 -1.01489 
0.999249 0.00161606 -0.0387206 0.00123215 -0.00149198 0.999994 0.00323322 0.0126966 0.0387255 -0.00317302 0.999245 -1.07361 
0.999362 -5.88149e-05 -0.0357154 -0.00419044 2.31154e-05 0.999999 -0.00100007 0.0124582 0.0357155 0.000998605 0.999361 -1.02832 
0.999372 0.00201765 -0.0353854 -0.000833511 -0.00204822 0.999998 -0.000827404 0.0100717 0.0353836 0.000899367 0.999373 -1.04544 
0.999415 0.000308022 -0.0341894 -0.00475883 -0.000299025 1 0.00026843 0.0125505 0.0341895 -0.000258053 0.999415 -1.03223 
0.999438 -0.00286309 -0.0334104 0.00352287 0.00293167 0.999994 0.00200328 0.0167111 0.0334043 -0.00210011 0.99944 -1.03643 
0.999498 -0.000370547 -0.0316783 -0.00371933 0.000419132 0.999999 0.0015274 0.00781161 0.0316778 -0.00153991 0.999497 -1.05383 
0.999514 0.00166586 -0.0311182 -0.0029583 -0.00165414 0.999999 0.000401782 0.0153788 0.0311188 -0.000350112 0.999516 -1.05102 
0.999517 0.00142616 -0.0310552 -0.00526237 -0.00142716 0.999999 -1.02716e-05 0.0141736 0.0310551 5.45895e-05 0.999518 -1.09502 
0.999521 -0.00171376 -0.0309115 0.00668144 0.00168491 0.999998 -0.000958968 0.0126257 0.0309131 0.000906425 0.999522 -1.0779 
0.999568 0.000728425 -0.0293922 -0.0028553 -0.000737667 1 -0.000303179 0.014134 0.0293919 0.000324728 0.999568 -1.09475 
0.999625 0.00269346 -0.0272389 -0.00743675 -0.00267958 0.999996 0.000545997 0.00784484 0.0272403 -0.000472803 0.999629 -1.12637 
0.999678 0.00440984 -0.0249824 -0.0126171 -0.0043896 0.99999 0.000864926 0.00990874 0.024986 -0.000754983 0.999688 -1.12805 
0.999734 0.00440026 -0.0226349 -0.00904083 -0.00438707 0.99999 0.000631818 0.00835437 0.0226375 -0.00053235 0.999744 -1.17047 
0.999781 0.00559088 -0.0201832 -0.00510788 -0.00559676 0.999984 -0.000232405 0.0110504 0.0201816 0.000345314 0.999796 -1.15118 
0.999839 0.00463517 -0.0173639 -0.0187016 -0.00464716 0.999989 -0.000651614 0.0131066 0.0173607 0.000732201 0.999849 -1.18994 
0.999872 0.00336499 -0.0156559 -0.00758362 -0.00336175 0.999994 0.000232549 0.00640929 0.0156566 -0.000179888 0.999877 -1.21189 
0.999891 0.00235493 -0.0145775 0.00507545 -0.0023676 0.999997 -0.00085246 0.0123067 0.0145755 0.000886881 0.999893 -1.20872 
0.999916 0.00038515 -0.0129778 -0.0111809 -0.000399344 0.999999 -0.001091 0.0146648 0.0129773 0.00109609 0.999915 -1.22118 
0.999924 -3.77819e-05 -0.012296 0.00650215 4.03523e-05 1 0.000210044 0.0136598 0.012296 -0.000210523 0.999925 -1.20721 
0.999936 -0.000100464 -0.0113013 0.00554085 0.000129402 0.999997 0.00256013 0.0133473 0.0113009 -0.00256144 0.999933 -1.23279 
0.999948 0.000707537 -0.010134 -0.00267029 -0.000673048 0.999994 0.00340468 0.00405395 0.0101364 -0.00339768 0.999943 -1.24862 
0.999954 0.00144798 -0.00949114 0.00628281 -0.0014249 0.999996 0.00243929 0.00503838 0.00949463 -0.00242565 0.999952 -1.26432 
0.999971 -0.000132404 -0.00763761 0.00990295 0.000141054 0.999999 0.00113195 -3.52859e-05 0.00763743 -0.00113299 0.99997 -1.30124 
0.999983 -0.000331365 -0.00584394 0.00318718 0.000335187 1 0.000653177 0.0048728 0.00584371 -0.000655126 0.999983 -1.32504 
0.999985 0.0012174 -0.00536434 0.00942993 -0.00120866 0.999998 0.00163108 -0.000487924 0.00536629 -0.00162457 0.999984 -1.34401 
0.999988 -0.00114519 -0.00468572 0.00727844 0.00115254 0.999998 0.00156604 0.00255167 0.0046839 -0.00157142 0.999988 -1.35074 
0.999991 0.000923164 -0.0042669 0.00562477 -0.000921451 1 0.000406296 0.00494003 0.00426728 -0.000402356 0.999991 -1.3796 
0.999996 -0.000418991 -0.00265071 0.000261307 0.000418201 1 -0.000301351 -0.00442183 0.00265081 0.000300242 0.999996 -1.42415 
0.999996 0.000858329 -0.00272304 -0.000246048 -0.000864014 0.999998 -0.00208812 0.00940466 0.00272129 0.00209047 0.999994 -1.44702 
0.999999 0.000251159 -0.00154072 -0.021328 -0.000253201 0.999999 -0.00131205 0.00905824 0.00154039 0.00131244 0.999998 -1.46006 
0.999994 0.0025619 -0.00249732 0.0213432 -0.00256207 0.999997 -7.20555e-05 0.0117309 0.00249712 7.84537e-05 0.999997 -1.43939 
1 -0.000209458 -0.000890374 -0.0287933 0.000209875 1 0.000483611 -0.00641072 0.00089024 -0.000483801 1 -1.52049 
0.999998 0.00193702 -0.000794515 0.00401115 -0.00193609 0.999997 0.0011842 -0.0017271 0.00079681 -0.00118265 0.999999 -1.48209 
1 -0.000166818 0.000235379 -0.00608635 0.000166789 1 8.40817e-05 0.00665963 -0.000235334 -8.40463e-05 1 -1.51143 
1 -7.85291e-05 0.000587672 0.00103188 7.76649e-05 0.999999 0.00149812 0.00352049 -0.000587791 -0.00149807 0.999999 -1.53331 
0.999999 0.000316538 0.00143453 -0.000551224 -0.000316344 1 -0.000128899 0.00186002 -0.00143459 0.000128446 0.999999 -1.54506 
0.999999 -0.000217743 0.00169283 -0.00498581 0.000219822 0.999999 -0.00123172 0.0129966 -0.00169255 0.00123209 0.999998 -1.55932 
0.999998 0.00104986 0.00143334 -0.00390434 -0.00105089 0.999999 0.000730827 0.000555992 -0.0014326 -0.000732329 0.999999 -1.59993 
1 -0.000135444 0.000908375 0.0113964 0.000134885 1 0.00060117 0.0036062 -0.000908464 -0.000601047 0.999999 -1.60549 
0.999999 0.00133955 0.00112684 -0.0027523 -0.00133997 0.999999 0.000352448 0.00598812 -0.00112639 -0.00035396 0.999999 -1.62812 
0.999999 -0.00059884 0.00122517 -0.00622177 0.000598907 1 -3.90001e-05 0.00160742 -0.00122513 3.97339e-05 0.999999 -1.6575 
0.999997 0.00209823 0.000947505 0.00152779 -0.00209668 0.999996 -0.00165138 0.0013082 -0.000950977 0.00164939 0.999998 -1.65758 
0.999998 0.00163556 0.000974074 -0.0023613 -0.00163344 0.999996 -0.00216333 0.0109748 -0.000977606 0.00216174 0.999997 -1.67385 
1 0.000849731 0.000153661 0.00909996 -0.000849925 0.999999 0.00105596 -0.00233448 -0.000152752 -0.00105609 0.999999 -1.75278 
0.999997 0.00217915 0.000974551 -0.00303841 -0.00218061 0.999997 0.00152818 0.00764644 -0.000971213 -0.0015303 0.999999 -1.70083 
1 -0.000832051 0.000261158 0.00947762 0.000832118 1 -0.000173328 0.00773144 -0.000261039 0.000173549 1 -1.72709 
1 0.000608951 0.000423327 0.00115776 -0.000608943 1 -2.63499e-05 0.00644159 -0.000423342 2.60957e-05 1 -1.72703 
1 -0.000351161 9.22829e-05 0.00151825 0.000351273 0.999999 -0.00126194 0.0101269 -9.18508e-05 0.00126198 0.999999 -1.74995 
0.999999 0.00145738 0.000206813 0.00525475 -0.00145739 0.999999 8.57729e-05 0.00703931 -0.00020659 -8.60738e-05 1 -1.74461 
0.999999 0.000906587 -0.000163943 0.00391388 -0.000906631 0.999999 -0.000303667 0.00446057 0.000163659 0.00030381 1 -1.77843 
1 0.000251003 0.000241056 -0.00461006 -0.000251234 1 0.000983246 0.00533175 -0.000240892 -0.000983302 1 -1.77982 
1 -0.000239447 -0.000617206 -0.00141716 0.00024005 0.999999 0.000974058 0.00628722 0.000616968 -0.000974208 0.999999 -1.80817 
0.999999 -0.000666872 -0.00111133 0.00746346 0.000667706 1 0.000761769 0.0126576 0.00111082 -0.000762505 0.999999 -1.7991 
0.999999 -0.000825651 -0.0015713 0.0152836 0.000826895 0.999999 0.000770449 0.00572002 0.00157072 -0.000771749 0.999999 -1.81335 
0.999999 -0.00103703 -0.000841707 0.00535393 0.00103633 0.999999 -0.000814585 0.014778 0.000842527 0.000813709 0.999999 -1.82455 
0.999999 1.6056e-05 -0.00114726 0.012434 -1.63913e-05 1 -0.000309628 0.0077728 0.00114723 0.00030965 0.999999 -1.85157 
0.999997 -0.00237698 -0.000372455 -2.86102e-05 0.00237682 0.999997 -0.000455274 0.00567853 0.000373513 0.000454393 1 -1.86938 
0.999998 -0.000192806 -0.00183374 0.012291 0.000194117 1 0.00073863 0.0117968 0.00183365 -0.000738988 0.999998 -1.85098 
0.999997 -0.000788301 -0.00222969 -0.00850296 0.000790432 0.999999 0.00093967 0.00696206 0.00222895 -0.000941426 0.999997 -1.9071 
0.999991 0.000632457 -0.0042478 0.00175285 -0.000628434 0.999999 0.000951406 0.00499082 0.00424832 -0.000948727 0.999991 -1.9105 
0.999987 -0.00199335 -0.00471202 0.010458 0.00199033 0.999998 -0.000640476 0.0098207 0.00471328 0.00063109 0.999989 -1.90923 
0.999988 -0.00148613 -0.00467305 0.00634193 0.00148392 0.999999 -0.000481525 0.0107213 0.00467378 0.000474582 0.999989 -1.92425 
0.999989 -0.00134247 -0.00459561 0.00853157 0.00134715 0.999999 0.00101561 0.0121747 0.00459428 -0.00102179 0.999989 -1.92747 
0.99999 0.000720337 -0.00441134 -0.00718307 -0.00071232 0.999998 0.00182534 0.0082649 0.00441264 -0.00182219 0.999989 -1.95689 
0.999989 -0.000204906 -0.00474036 0.00831413 0.000213586 0.999998 0.00182706 0.0127017 0.00473997 -0.00182805 0.999987 -1.96087 
0.999988 -0.00115958 -0.00478712 0.00917053 0.00116044 0.999999 0.000182532 0.0162346 0.00478685 -0.000188086 0.999988 -1.96757 
0.999987 -0.00158303 -0.00477588 0.00634193 0.00158359 0.999999 0.000110935 0.0122185 0.00477578 -0.0001185 0.999988 -1.98599 
0.999987 -0.00169507 -0.00478455 0.00078392 0.00169393 0.999999 -0.000242412 0.0133271 0.00478493 0.000234308 0.999989 -2.00613 
0.99998 -0.0010437 -0.00624314 0.0223198 0.00104015 0.999999 -0.00057089 0.0125746 0.00624368 0.000564381 0.99998 -1.98232 
0.999986 0.00109477 -0.00523692 -0.00218201 -0.00109508 0.999999 -5.23888e-05 0.0145038 0.00523691 5.81276e-05 0.999986 -2.01979 
0.999984 -8.37818e-05 -0.00571887 0.0156479 8.95187e-05 0.999999 0.00100114 0.0160469 0.0057188 -0.00100164 0.999983 -1.98404 
0.999984 -0.000273004 -0.00555384 0.0123253 0.000278652 0.999999 0.00101524 0.0135211 0.00555354 -0.00101677 0.999984 -2.00439 
0.999979 0.000240281 -0.00643434 0.0165787 -0.000238851 1 0.000225134 -0.00178874 0.0064344 -0.000223594 0.999979 -2.03897 
0.999983 -0.00111344 -0.0057399 0.0104828 0.00111388 0.999999 7.33119e-05 0.0119343 0.00573985 -7.97026e-05 0.999984 -2.03436 
0.999986 -0.000721022 -0.0052678 0.00482941 0.000725776 0.999999 0.000900373 0.0104914 0.00526713 -0.000904184 0.999986 -2.03052 
0.999984 -0.000744276 -0.00560901 0.0226364 0.000749275 0.999999 0.000891685 0.00987935 0.00560839 -0.000895878 0.999984 -2.05456 
0.99999 0.00113638 -0.00447394 0.00256729 -0.00114065 0.999999 -0.000948301 0.0141145 0.00447284 0.000953395 0.99999 -2.04341 
0.99999 0.00223803 -0.00392547 -0.000236511 -0.00223952 0.999997 -0.000375187 0.00421274 0.00392465 0.000383971 0.999992 -2.06335 
0.999992 0.00141474 -0.00364441 0.00178528 -0.00141279 0.999999 0.000530522 0.01325 0.00364514 -0.000525363 0.999993 -2.07217 
0.999995 0.000566132 -0.00318229 0.00452805 -0.000564322 1 0.000571026 0.0150323 0.00318266 -0.000569228 0.999995 -2.07341 
0.999992 -0.000768393 -0.00382562 0.0156403 0.000769868 1 0.000385918 0.00934923 0.00382532 -0.000388863 0.999993 -2.10432 
0.999993 -0.00151998 -0.00354104 -0.00155258 0.00152186 0.999999 0.000526235 0.0212586 0.0035402 -0.000531619 0.999994 -2.07979 
0.999987 -0.000696823 -0.0050263 0.0149345 0.000702292 0.999999 0.00108867 0.0132427 0.00502552 -0.00109218 0.999987 -2.09715 
0.99999 -0.0014927 -0.00412208 0.00540543 0.0014899 0.999999 -0.000685571 0.0250397 0.00412308 0.000679428 0.999991 -2.09737 
0.999989 0.000373282 -0.00463036 0.00595474 -0.000371665 1 0.000351919 0.0172116 0.00463054 -0.000350203 0.999989 -2.1002 
0.999987 -0.000875957 -0.00501466 0.0165825 0.000878505 1 0.000504622 0.0151989 0.0050143 -0.000509022 0.999987 -2.12683 
0.999986 -0.000552498 -0.00525627 0.0228729 0.000554375 1 0.000360647 0.0115465 0.00525591 -0.000363557 0.999986 -2.12703 
0.999989 -8.05333e-05 -0.00470835 0.0127258 7.82162e-05 1 -0.000497937 0.0176052 0.00470847 0.00049757 0.999989 -2.12375 
0.999987 0.000365809 -0.00508124 0.0216255 -0.000366576 1 -0.000148971 0.0162654 0.00508121 0.000150828 0.999987 -2.14301 
0.99999 0.000602074 -0.00450671 0.0160942 -0.000599809 1 0.000505462 0.0160906 0.00450698 -0.000502752 0.99999 -2.16562 
0.999992 0.000435762 -0.00384599 0.00415421 -0.000431247 0.999999 0.0011673 0.0121253 0.0038465 -0.00116562 0.999992 -2.15796 
0.999992 -2.79918e-05 -0.00395012 0.00912476 3.44738e-05 0.999999 0.00164972 0.0142817 0.00395009 -0.00164985 0.999991 -2.16312 
0.999991 0.000649594 -0.0041945 0.0195427 -0.000644751 0.999999 0.00115376 0.0106592 0.00419521 -0.00115103 0.999991 -2.17676 
0.999993 -0.000541836 -0.00365171 0.0114517 0.000545271 0.999999 0.000942452 0.0105803 0.00365132 -0.000944447 0.999993 -2.18144 
0.999991 0.000271738 -0.00425267 0.0180779 -0.00027293 1 -0.000275254 0.0215294 0.00425252 0.000276422 0.999991 -2.19331 
0.99999 -0.000350975 -0.00439435 0.0182457 0.000352696 1 0.00038898 0.0112641 0.00439423 -0.000390524 0.99999 -2.17969 
0.999987 0.00241731 -0.00455293 0.0120811 -0.00241528 0.999997 0.000450427 0.0136118 0.00455394 -0.000439428 0.99999 -2.21368 
0.999992 0.00243244 -0.0030483 -0.00182724 -0.00243334 0.999997 -0.000290792 0.0165601 0.00304767 0.000298202 0.999995 -2.19559 
0.999997 0.000874132 -0.00247669 -0.00491714 -0.00087598 0.999999 -0.000749139 0.0208671 0.00247604 0.000751307 0.999997 -2.19197 
0.999996 -0.000203751 -0.00266945 -0.000621796 0.000202946 1 -0.000298094 0.0145819 0.00266948 0.000297543 0.999997 -2.19476 
0.999995 -0.000848889 -0.00296006 0.00848007 0.000851758 0.999999 0.000963107 0.0144284 0.00295937 -0.000965618 0.999995 -2.22064 
0.999996 -0.000445694 -0.00283965 0.00615692 0.000452451 0.999997 0.00238852 0.0139084 0.00283858 -0.0023898 0.999993 -2.22369 
0.999994 -0.000413768 -0.00336504 0.00839233 0.000421122 0.999997 0.00218302 0.00971818 0.00336406 -0.00218442 0.999992 -2.24831 
0.999995 -0.000734702 -0.00306204 0.00748825 0.000738844 0.999999 0.00135392 0.016397 0.00306109 -0.00135618 0.999994 -2.24553 
0.999992 -0.00153657 -0.0037615 0.0178375 0.0015428 0.999997 0.00165161 0.00915623 0.003759 -0.0016574 0.999992 -2.29016 
0.999992 0.000953719 -0.00375038 0.00540924 -0.000952892 1 0.000219336 0.0127974 0.00375053 -0.000215752 0.999993 -2.27443 
0.999991 -0.00072524 -0.00411016 0.0181274 0.000721492 0.999999 -0.000912832 0.0147033 0.00411072 0.000909852 0.999991 -2.30519 
0.999993 7.97063e-05 -0.00365397 0.00566864 -8.13827e-05 1 -0.000457672 0.0164335 0.00365403 0.000457961 0.999993 -2.30467 
0.999992 -7.08848e-05 -0.00391927 0.00728226 7.0475e-05 1 -0.000107251 0.0159283 0.00391918 0.000106985 0.999992 -2.30435 
0.999991 -0.00109089 -0.00413626 0.0180473 0.00109355 0.999999 0.000634611 0.00994515 0.00413555 -0.000639126 0.999991 -2.31297 
0.999991 -0.000827946 -0.0040887 0.0105171 0.000831194 0.999999 0.000803486 0.021807 0.0040881 -0.00080689 0.999991 -2.31201 
0.999993 -0.000174746 -0.0036619 0.0178642 0.000177674 1 0.000791842 0.0153477 0.00366181 -0.000792479 0.999993 -2.33008 
0.999995 0.00124401 -0.00304458 0.00194931 -0.00124323 0.999999 0.000260176 0.024806 0.00304484 -0.000256389 0.999995 -2.26584 
0.999996 0.00100218 -0.00276265 0.0061264 -0.00100402 0.999999 -0.00066418 0.0215969 0.00276208 0.000666965 0.999996 -2.29932 
0.999995 0.00128428 -0.00298178 -0.000488281 -0.00128702 0.999999 -0.000924163 0.0227497 0.00298053 0.000927996 0.999995 -2.33421 
0.999996 0.00138552 -0.0024896 0.00240326 -0.00138465 0.999999 0.000360902 0.0215652 0.00249022 -0.000357457 0.999997 -2.34645 
0.999995 6.46263e-05 -0.00312519 0.00973511 -6.13108e-05 0.999999 0.00106432 0.0184083 0.00312528 -0.00106413 0.999994 -2.37019 
0.999995 -0.000755839 -0.00320369 0.0154114 0.00075724 1 0.000434551 0.0195723 0.00320321 -0.000436969 0.999995 -2.3521 
0.999995 -0.000148341 -0.00322139 0.0108414 0.000152946 0.999999 0.00142939 0.0244269 0.00322127 -0.00142987 0.999994 -2.35033 
0.999995 -0.000242032 -0.00327885 0.0115509 0.000246324 0.999999 0.00130293 0.0158443 0.00327843 -0.00130372 0.999994 -2.36589 
0.999994 -0.00218973 -0.00278974 0.0171967 0.00219245 0.999997 0.000969172 0.0182567 0.00278771 -0.000975296 0.999996 -2.35081 
0.999993 0.000919141 -0.00367001 0.01651 -0.000916854 0.999999 0.000638537 0.0207219 0.00367054 -0.000635162 0.999993 -2.35928 
0.999996 0.00141717 -0.00251582 0.00200653 -0.00141969 0.999998 -0.00100145 0.026093 0.00251439 0.00100502 0.999996 -2.3318 
0.999995 0.000396296 -0.00327224 0.014679 -0.000400208 0.999999 -0.00118915 0.0259509 0.00327179 0.00119045 0.999994 -2.35994 
0.999993 -0.00123377 -0.0035758 0.0144119 0.00123437 0.999999 0.000165924 0.0177603 0.00357559 -0.00017035 0.999994 -2.32654 
0.999994 -0.00110716 -0.00339517 0.0162277 0.00111007 0.999999 0.00084902 0.0244546 0.00339416 -0.000852764 0.999994 -2.33334 
0.99999 -0.00175358 -0.00409338 0.0192337 0.00175375 0.999998 4.22746e-05 0.0186353 0.00409332 -4.9457e-05 0.999992 -2.38492 
0.99999 -0.000852957 -0.0042946 0.02388 0.000851065 0.999999 -0.000443082 0.0255995 0.00429502 0.00043942 0.999991 -2.36865 
0.999992 -8.39606e-05 -0.00407594 0.0132217 8.55699e-05 1 0.000395562 0.0266662 0.00407597 -0.000395916 0.999992 -2.35616 
0.99999 -0.000649951 -0.00429797 0.019043 0.000649862 1 -2.16998e-05 0.0228796 0.00429788 1.89133e-05 0.999991 -2.36719 
0.999988 -0.00133748 -0.00462916 0.0288315 0.00133646 0.999999 -0.000220209 0.0242715 0.00462946 0.000214018 0.999989 -2.373 
0.999991 -0.000801608 -0.00424868 0.013176 0.000803553 1 0.000453122 0.0205646 0.00424832 -0.000456534 0.999991 -2.33817 
0.99999 0.000477098 -0.00435415 0.0208282 -0.000474416 1 0.000615951 0.0298715 0.00435442 -0.000613879 0.99999 -2.37332 
0.999992 0.000258535 -0.00407466 0.0145874 -0.000257634 1 0.000225808 0.030889 0.00407472 -0.000224754 0.999992 -2.35117 
0.999992 -0.000156805 -0.00402561 0.0136032 0.00015685 1 1.44467e-05 0.0220895 0.00402564 -1.50762e-05 0.999992 -2.3687 
0.999989 -0.00143573 -0.00456601 0.022377 0.00143971 0.999999 0.000870645 0.0243587 0.00456479 -0.000877209 0.999989 -2.35571 
0.99999 0.000473402 -0.00438535 0.0143509 -0.00047265 1 0.000167016 0.0242653 0.00438535 -0.000164941 0.99999 -2.36656 
0.999992 0.00047905 -0.00385988 0.00941467 -0.000477314 1 0.000443351 0.0126071 0.00386015 -0.000441514 0.999993 -2.36919 
0.999991 0.00143902 -0.0041022 0.0152969 -0.00143518 0.999999 0.000943571 0.0119691 0.00410345 -0.000937667 0.999991 -2.36891 
0.99999 0.00230315 -0.00400415 0.00421906 -0.00229847 0.999997 0.00117838 0.0199761 0.00400689 -0.00116917 0.999991 -2.39128 
0.999993 0.00135553 -0.00338078 0.00769806 -0.00135493 0.999999 0.000170466 0.0206375 0.00338092 -0.00016588 0.999994 -2.39232 
0.999994 0.00165421 -0.0031811 0.00532532 -0.00164969 0.999998 0.00142971 0.0121903 0.00318357 -0.00142447 0.999994 -2.38712 
0.999993 0.00164305 -0.00351992 0.0348129 -0.0016367 0.999997 0.00180668 0.0185518 0.00352284 -0.00180089 0.999992 -2.37363 
0.999992 0.00107999 -0.00381577 0.0289536 -0.00107894 1 0.000273895 0.0126314 0.00381598 -0.000269786 0.999993 -2.41061 
0.999992 0.000114381 -0.0039033 0.0325928 -0.000111125 1 0.000836503 0.0170779 0.00390345 -0.000836059 0.999992 -2.42776 
0.999993 -0.000857398 -0.00377226 0.0121155 0.000859454 1 0.000544768 0.00696707 0.00377172 -0.000548009 0.999993 -2.44897 
0.999993 0.00120699 -0.00358349 0.00869751 -0.0012036 0.999999 0.000945173 0.0133076 0.00358465 -0.000940852 0.999993 -2.4285 
0.999993 -0.000869386 -0.00374201 0.0179138 0.000871919 0.999999 0.000670582 0.0102587 0.00374135 -0.000673834 0.999993 -2.44733 
0.999994 -0.00154243 -0.00324747 0.0147171 0.00154488 0.999999 0.000751693 0.00797272 0.0032464 -0.000756718 0.999995 -2.44174 
0.999994 0.00162712 -0.00292465 0.0112305 -0.00162712 0.999999 5.09992e-06 0.00850725 0.00292471 -3.39001e-07 0.999996 -2.44507 
0.999994 0.00170766 -0.00299606 0.0275497 -0.00171074 0.999998 -0.00102749 0.0214872 0.00299436 0.00103261 0.999995 -2.48447 
0.999997 0.00107068 -0.00241444 0.0075531 -0.00107085 1 -7.41966e-05 0.00605774 0.0024142 7.67969e-05 0.999997 -2.47278 
0.999999 -0.000167236 -0.00175858 0.00514221 0.000166796 1 -0.00024426 0.0129423 0.00175866 0.000243969 0.999998 -2.47342 
0.999996 -0.000159658 -0.00273955 0.0125198 0.000159077 1 -0.000220973 0.00349331 0.00273949 0.000220537 0.999996 -2.5202 
0.999993 0.0014161 -0.00346306 0.0166931 -0.00141663 0.999999 -0.000141565 0.00327444 0.00346294 0.000146467 0.999994 -2.54715 
0.999995 -0.000100113 -0.00305966 0.0221024 9.913e-05 1 -0.000326645 0.00857306 0.00305966 0.000326339 0.999995 -2.52771 
0.999998 -0.000733063 -0.00205678 0.0124283 0.000735156 0.999999 0.0010154 0.0141568 0.002056 -0.0010169 0.999998 -2.52881 
0.999995 -0.00036741 -0.00318515 0.025322 0.000377774 0.999995 0.00325912 0.00246429 0.00318393 -0.0032603 0.99999 -2.52933 
0.999993 -0.00142913 -0.00358772 0.00582886 0.00142874 0.999999 -0.000108227 0.0184269 0.00358793 0.000103083 0.999994 -2.53915 
0.999985 -0.00194199 -0.00510737 0.0269012 0.00193782 0.999998 -0.000821672 0.018261 0.00510895 0.000811771 0.999987 -2.54388 
0.999978 -0.00261867 -0.00603461 0.0393982 0.00260937 0.999995 -0.00155089 0.0193982 0.00603864 0.00153512 0.99998 -2.55862 
0.999986 -0.00129107 -0.005077 0.00732422 0.00128613 0.999999 -0.000969835 0.0142093 0.0050782 0.000963278 0.999987 -2.56262 
0.999985 0.000671893 -0.0054408 0.0252457 -0.000671819 1 1.19209e-05 0.0168848 0.00544077 -8.25152e-06 0.999985 -2.61792 
0.999981 0.00240886 -0.00575179 0.0188446 -0.00240718 0.999997 0.000299744 0.0161057 0.00575259 -0.000285905 0.999983 -2.6394 
0.999989 0.000618026 -0.00468856 0.00808716 -0.000615507 1 0.000547539 0.0117469 0.00468892 -0.00054466 0.999989 -2.66306 
0.999987 0.00113838 -0.00488761 0.0151749 -0.00114034 0.999999 -0.000404652 0.0229154 0.00488719 0.000410214 0.999988 -2.64087 
0.999989 0.000149816 -0.00469562 -0.00369263 -0.000158183 0.999999 -0.00178167 0.0261574 0.00469539 0.00178239 0.999987 -2.62238 
0.999989 -0.00197288 -0.00433579 -0.000938416 0.00197009 0.999998 -0.000643343 0.0144429 0.00433707 0.000634789 0.99999 -2.64838 
0.999988 -0.000747964 -0.00481731 0.0231628 0.00074815 1 3.4865e-05 0.0272961 0.00481728 -3.84524e-05 0.999988 -2.6405 
0.999989 0.000129484 -0.00477985 0.00671387 -0.000131518 1 -0.000432186 0.0305014 0.00477973 0.000432786 0.999988 -2.64676 
0.99999 0.000838846 -0.00435513 0.0168228 -0.000842042 1 -0.000725392 0.026597 0.00435451 0.000729073 0.99999 -2.63776 
0.999985 0.000378467 -0.00555977 0.0280914 -0.000383019 1 -0.000820778 0.0214806 0.00555959 0.000822905 0.999984 -2.65012 
0.999991 -0.00138298 -0.00404292 0.0165405 0.00138227 0.999999 -0.000175226 0.0257893 0.00404301 0.000169627 0.999992 -2.67383 
0.999993 0.000230141 -0.00374624 0.00827789 -0.000233613 1 -0.000932362 0.0263772 0.00374603 0.000933249 0.999992 -2.66818 
0.999995 0.00108384 -0.00297418 0.00717926 -0.00108756 0.999999 -0.00124509 0.0327578 0.00297266 0.00124831 0.999995 -2.66107 
0.999992 -0.0023028 -0.00310862 0.00646973 0.00230522 0.999997 0.00077872 0.0247884 0.00310701 -0.00078588 0.999995 -2.6842 
0.999987 -0.00373293 -0.00362378 0.0253067 0.00373839 0.999992 0.00149633 0.0203009 0.00361812 -0.00150986 0.999992 -2.64169 
0.999987 -0.00323584 -0.00400585 0.032486 0.00324195 0.999994 0.00152512 0.0175042 0.00400087 -0.00153809 0.999991 -2.63077 
0.999994 -0.00195555 -0.00272623 0.00186157 0.00195077 0.999997 -0.0017553 0.0299044 0.00272962 0.00174996 0.999995 -2.67657 
0.99999 0.00107905 -0.00427473 0.0262909 -0.00108453 0.999999 -0.00128088 0.0277662 0.00427341 0.00128552 0.99999 -2.66336 
0.999994 -0.000573371 -0.00341225 0.0166473 0.000576105 0.999999 0.0008003 0.0217862 0.00341171 -0.000802279 0.999994 -2.66217 
0.99999 -0.00199687 -0.00389266 0.0274658 0.00199758 0.999998 0.000175387 0.0251861 0.00389248 -0.000183158 0.999992 -2.69373 
0.99999 -0.00234328 -0.00394472 0.0272827 0.00233092 0.999992 -0.00313508 0.0368397 0.00395182 0.00312586 0.999987 -2.681 
0.999989 -0.00226894 -0.00405017 0.0298767 0.00226427 0.999997 -0.00115778 0.0282429 0.00405285 0.0011486 0.999991 -2.69452 
0.999991 -0.00121009 -0.00403801 0.0301971 0.00120956 0.999999 -0.000135772 0.026195 0.00403807 0.000130888 0.999992 -2.70825 
0.999992 -0.000584308 -0.00389528 0.0357513 0.000585541 1 0.000315789 0.0273758 0.00389513 -0.000318062 0.999992 -2.68967 
0.999995 0.00052901 -0.00309849 0.0190887 -0.000530709 1 -0.000549678 0.0385787 0.00309813 0.000551313 0.999995 -2.72641 
0.999995 -0.000523109 -0.00323084 0.0179749 0.000520345 0.999999 -0.000861932 0.0373183 0.00323132 0.000860244 0.999994 -2.685 
0.999989 -0.00311856 -0.00348181 0.028717 0.0031202 0.999995 0.000475626 0.0342121 0.00348035 -0.000486471 0.999994 -2.69672 
0.999944 -0.00998644 -0.00359416 0.0354919 0.00999798 0.999945 0.0032068 0.0262804 0.00356194 -0.00324256 0.999988 -2.70203 
0.999962 -0.00745052 -0.00457475 0.0417328 0.00749093 0.999932 0.00888137 0.0202532 0.00450832 -0.00891531 0.99995 -2.67981 
0.999941 0.010249 -0.00349873 0.0157776 -0.010231 0.999935 0.00512228 0.016933 0.00355092 -0.00508618 0.999981 -2.69357 
0.999971 0.00739324 -0.0018279 0.0195465 -0.00740159 0.999962 -0.00459919 0.035697 0.00179383 0.00461258 0.999988 -2.68201 
0.999996 -0.000722297 -0.00287506 0.0154114 0.000690471 0.999939 -0.0110556 0.0409589 0.00288287 0.0110535 0.999935 -2.70297 
0.999969 -0.00626549 -0.00473243 0.0448303 0.00622347 0.999942 -0.00884142 0.0373945 0.00478759 0.0088117 0.99995 -2.70694 
0.999973 -0.00596927 -0.00435138 0.0319977 0.00595538 0.999977 -0.00320024 0.0338926 0.00437036 0.00317423 0.999985 -2.68741 
0.999994 -0.000992931 -0.00327206 0.0186005 0.000994436 0.999999 0.000454091 0.0281062 0.00327167 -0.000457335 0.999994 -2.67334 
0.999979 0.00549069 -0.00339949 0.018692 -0.00548385 0.999983 0.00202037 0.0417089 0.00341046 -0.00200169 0.999992 -2.68192 
0.999985 0.00467791 -0.0028581 0.0161133 -0.00466467 0.999978 0.0046239 0.0226879 0.00287971 -0.00461051 0.999985 -2.65414 
0.999995 0.000863139 -0.00306168 0.0113983 -0.000854593 0.999996 0.00279255 0.0312161 0.0030641 -0.00278992 0.999991 -2.69019 
0.999992 0.000299171 -0.00399128 0.0142059 -0.000299532 1 -8.7671e-05 0.0282713 0.00399128 8.88631e-05 0.999992 -2.70367 
0.999991 0.000862177 -0.00403157 0.0225525 -0.000868615 0.999998 -0.00159307 0.0309448 0.00403032 0.00159658 0.999991 -2.65817 
0.999995 0.000621341 -0.00316852 0.0103149 -0.000624578 0.999999 -0.0010235 0.0257399 0.00316784 0.00102546 0.999995 -2.6727 
0.999997 0.000667475 -0.00244296 0.0205536 -0.000668701 1 -0.000503317 0.0397005 0.00244251 0.000504944 0.999997 -2.69458 
0.999998 0.000262607 -0.00175965 0.0150146 -0.000262909 1 -0.000174947 0.0320795 0.00175959 0.000175413 0.999999 -2.69717 
0.999997 0.00104153 -0.00210056 0.0118103 -0.00104151 1 1.20513e-05 0.0335381 0.00210026 -9.85339e-06 0.999998 -2.70233 
0.999999 0.00098227 -0.00101793 0.00126648 -0.000983924 0.999998 -0.00163095 0.0302079 0.00101638 0.00163196 0.999998 -2.68912 
0.999997 0.0018083 -0.00157636 0.0117035 -0.00181256 0.999995 -0.00270562 0.0416157 0.00157166 0.00270846 0.999995 -2.70584 
0.999996 0.0020095 -0.00208804 0.0198822 -0.00201314 0.999997 -0.00174992 0.0356956 0.0020844 0.00175413 0.999996 -2.68866 
0.999997 -0.00181381 -0.0016385 0.0116577 0.00181639 0.999997 0.00156899 0.022253 0.00163558 -0.00157196 0.999997 -2.68948 
0.99999 -0.00381609 -0.00242394 0.0284576 0.0038243 0.999987 0.00340077 0.0245702 0.00241089 -0.00341 0.999991 -2.65717 
0.999994 -0.00275073 -0.00204194 0.0221558 0.00275404 0.999995 0.00161843 0.0262904 0.00203738 -0.00162404 0.999997 -2.65424 
0.999998 -0.00104553 -0.00164098 0.0250397 0.00104482 0.999999 -0.000425342 0.0284324 0.00164154 0.000423625 0.999999 -2.6597 
0.999999 -0.00127991 -0.00111425 0.00367737 0.00128002 0.999999 0.000102583 0.0345812 0.0011141 -0.000104006 0.999999 -2.60559 
0.999995 -0.00302803 -0.000802368 0.0132599 0.00302905 0.999995 0.00127199 0.0253117 0.000798583 -0.00127443 0.999999 -2.67722 
0.999999 -0.00115538 -0.00117624 0.0213776 0.00115523 0.999999 -0.000132632 0.0310397 0.00117633 0.000131276 0.999999 -2.66153 
0.999999 0.00110252 -0.000811517 0.00416565 -0.00110437 0.999997 -0.00226114 0.0320516 0.000809252 0.00226203 0.999997 -2.63824 
0.999997 0.00234193 0.000413388 0.00242615 -0.00234034 0.99999 -0.00378022 0.0377526 -0.000422418 0.00377925 0.999993 -2.64352 
0.99999 0.00447363 0.000994325 0.0110779 -0.00446794 0.999974 -0.00566763 0.0421214 -0.00101948 0.00566313 0.999983 -2.66635 
0.999992 0.00341191 0.00193185 0.00706482 -0.00340418 0.999986 -0.00399339 0.0351615 -0.0019457 0.0039868 0.99999 -2.67282 
0.999981 -0.00573245 0.00210562 0.0172424 0.00572871 0.999982 0.00178085 0.0300064 -0.00211579 -0.00176876 0.999996 -2.63889 
0.999972 -0.00748779 0.000348985 0.0344849 0.00748574 0.999957 0.00551796 0.0180254 -0.000390321 -0.0055152 0.999985 -2.64813 
0.999986 -0.00492408 0.00215986 0.0184784 0.00492171 0.999987 0.00110054 0.0355 -0.00216535 -0.00108989 0.999997 -2.67111 
0.999994 -0.00188293 0.0028784 0.0212402 0.0018778 0.999996 0.00178134 0.0258212 -0.00288168 -0.00177594 0.999994 -2.64795 
0.999991 0.00222311 0.00360161 0.00344849 -0.00222128 0.999997 -0.000508241 0.0289707 -0.00360277 0.000500239 0.999993 -2.65952 
0.999992 0.000283305 0.0039506 0.00576782 -0.00028101 1 -0.000579614 0.0280867 -0.0039506 0.000578504 0.999992 -2.63876 
0.999992 -0.00253062 0.00301254 0.0194244 0.00252148 0.999992 0.00303716 0.0302582 -0.00302047 -0.00302953 0.999991 -2.62238 
0.999973 -0.00719968 0.00109977 0.0335388 0.00720017 0.999974 -0.000454713 0.0283585 -0.00109658 0.000462621 0.999999 -2.64175 
0.99996 -0.00888489 0.00074023 0.038208 0.00888544 0.99996 -0.000750171 0.0356798 -0.000733346 0.000756714 0.999999 -2.62781 
0.999975 -0.00699559 0.000593424 0.0288239 0.00699475 0.999975 0.00141633 0.0325994 -0.000603288 -0.00141214 0.999999 -2.64752 
0.999998 -0.00181619 0.000942886 0.0175018 0.00181536 0.999998 0.000871761 0.0297213 -0.000944436 -0.000870058 0.999999 -2.6478 
0.999996 0.00256074 0.000996619 0.0214539 -0.00255907 0.999995 -0.00167573 0.0346527 -0.00100112 0.00167317 0.999998 -2.64661 
0.999998 0.00106749 0.00144309 0.03508 -0.00106395 0.999996 -0.0024496 0.0358372 -0.00144535 0.00244807 0.999996 -2.63504 
0.999999 -0.000920024 0.00119609 0.0192719 0.000922259 0.999998 -0.00187511 0.0336409 -0.00119412 0.00187622 0.999997 -2.617 
0.999996 -0.00259842 0.000562727 0.0360413 0.00259751 0.999995 0.00161772 0.0241184 -0.000567198 -0.00161626 0.999999 -2.65051 
0.999998 -0.00144478 0.00114343 0.0319824 0.00144242 0.999997 0.00205749 0.0291462 -0.00114653 -0.00205584 0.999997 -2.62094 
0.999999 0.0008363 0.00114736 0.0190582 -0.000838222 0.999998 0.00167683 0.025032 -0.00114587 -0.00167779 0.999998 -2.66455 
0.999997 0.00183157 0.00114712 0.0217285 -0.00183015 0.999998 -0.00124975 0.0382109 -0.00114962 0.00124764 0.999998 -2.61423 
0.999997 0.00196517 0.00157917 0.00109863 -0.00196287 0.999997 -0.00145638 0.0308113 -0.00158197 0.00145328 0.999998 -2.62057 
0.999999 0.00100879 0.000906646 0.0135651 -0.00100858 0.999999 -0.000240397 0.0289001 -0.000906706 0.000239471 1 -2.63531 
0.999998 -0.000938714 0.00158024 0.0161438 0.0009395 0.999999 -0.000496581 0.0340319 -0.00157973 0.000498068 0.999998 -2.61639 
1 -0.000112835 0.00044322 0.0158386 0.000113465 0.999999 -0.00140447 0.0366564 -0.000443101 0.00140452 0.999999 -2.62494 
1 -0.000480693 0.00103465 0.013443 0.000481598 1 -0.000883685 0.0329304 -0.00103399 0.000884177 0.999999 -2.65921 
0.999999 -0.00157161 0.000220031 0.0441589 0.00157119 0.999997 0.00192691 0.0255051 -0.000223279 -0.00192656 0.999998 -2.61725 
1 0.000579 0.000282556 0.0150146 -0.000579309 0.999999 0.00109813 0.0344172 -0.0002819 -0.0010983 0.999999 -2.60956 
1 0.000835847 0.000740349 0.0112457 -0.000835326 0.999999 -0.000697913 0.0283146 -0.000740945 0.000697287 0.999999 -2.62863 
1 -0.000746224 0.000288397 0.015152 0.000746537 0.999999 -0.00112277 0.0228081 -0.000287324 0.001123 0.999999 -2.66916 
0.999999 -0.00102988 0.00044623 0.0123596 0.00103022 0.999999 -0.000688026 0.035265 -0.000445694 0.000688493 1 -2.67447 
0.999999 -0.00118981 -0.000765711 0.0322418 0.00118961 0.999999 -0.000253841 0.0302439 0.000765979 0.000252947 1 -2.62573 
1 0.000588156 -0.000281334 0.0169373 -0.000588082 1 0.000274198 0.0311413 0.000281453 -0.000274055 1 -2.63776 
0.999999 -0.000271372 -0.00114569 0.0450745 0.000271816 1 0.000395436 0.0303717 0.00114584 -0.000395743 0.999999 -2.64551 
1 7.7609e-05 3.08454e-05 0.0255585 -7.75345e-05 0.999998 -0.00186523 0.043087 -3.1203e-05 0.00186524 0.999998 -2.60052 
1 -0.000742137 -0.000177115 0.00549316 0.000741862 0.999999 -0.00149458 0.0302315 0.000178248 0.00149443 0.999999 -2.65295 
0.999999 -0.00145952 0.000140458 0.0248566 0.00145954 0.999999 -7.82255e-05 0.0352087 -0.000140369 7.84304e-05 1 -2.61902 
1 0.000254497 -0.000717282 0.0305634 -0.000253953 1 0.000756869 0.0238457 0.000717431 -0.000756683 1 -2.62988 
1 0.000115585 0.000103533 0.0188751 -0.000115652 1 0.000705192 0.0324173 -0.000103414 -0.000705205 1 -2.61621 
1 0.0010665 0.000130415 0.0087738 -0.00106648 0.999999 -0.000149615 0.0309544 -0.000130594 0.000149485 1 -2.6322 
1 -0.000440609 0.000149608 0.0223389 0.000440679 1 -0.000433585 0.0362425 -0.000149369 0.000433644 1 -2.63147 
1 -1.19396e-05 0.000515878 0.00105286 1.169e-05 1 0.000460841 0.0323572 -0.000515878 -0.000460839 1 -2.60864 
0.999999 -0.000932757 -0.000341982 0.0285187 0.00093298 0.999999 0.000642251 0.0358696 0.000341445 -0.000642559 1 -2.61761 
1 9.27188e-05 -0.000151217 0.0366974 -9.28268e-05 1 -0.000725197 0.0323267 0.000151128 0.000725217 1 -2.61151 
1 -0.000588708 0.000612766 0.0109406 0.00058962 0.999999 -0.00145935 0.0413628 -0.000611842 0.00145971 0.999999 -2.60449 
1 -5.55888e-05 0.000236779 0.0185852 5.59017e-05 0.999999 -0.00133644 0.0328255 -0.00023675 0.00133645 0.999999 -2.59467 
1 0.000325032 0.000482023 0.0189056 -0.000325441 1 0.000836989 0.0306234 -0.000481755 -0.000837136 1 -2.60193 
1 0.00080036 8.81851e-05 0.0168915 -0.000800405 1 0.000374725 0.0267048 -8.76486e-05 -0.000374798 1 -2.61017 
1 0.0004014 0.000223279 0.0219116 -0.000401225 1 -0.000752153 0.0301056 -0.000223696 0.000752069 1 -2.62732 
0.999999 -0.00110596 0.00014469 0.0302429 0.00110604 0.999999 -0.000602353 0.0384674 -0.000144035 0.00060251 1 -2.62335 
1 -0.000368059 -0.000495642 0.0295715 0.000368148 1 0.000186436 0.0257473 0.000495553 -0.000186605 1 -2.63947 
1 -0.000414558 -0.000168681 0.0249634 0.000414606 1 0.000280799 0.0331268 0.000168473 -0.00028087 1 -2.63696 
1 -5.38304e-06 1.66893e-06 0.0243988 5.37932e-06 0.999999 -0.00102545 0.0342007 -1.54972e-06 0.00102543 0.999999 -2.59125 
0.999999 -0.000814468 -0.000673443 0.0232544 0.000813156 0.999998 -0.00197058 0.0346718 0.000674993 0.00197004 0.999998 -2.63531 
0.999999 -0.000690103 -0.000754356 0.0249786 0.00068967 1 -0.000565385 0.0316792 0.000754714 0.00056486 1 -2.65094 
1 -0.000222009 -0.000347644 0.0213928 0.000222761 0.999998 0.00215737 0.0280876 0.000347078 -0.00215744 0.999998 -2.61127 
1 0.000352986 -0.000696212 0.0208435 -0.000351038 0.999996 0.00278666 0.0229397 0.000697166 -0.00278643 0.999996 -2.63336 
1 -0.000149384 0.000382841 0.00590515 0.000149231 1 0.000348089 0.0328207 -0.00038287 -0.000348032 1 -2.58417 
1 0.000100378 -0.000123769 0.0409088 -0.000100724 0.999996 -0.00290817 0.038435 0.000123471 0.00290818 0.999996 -2.6189 
1 -0.000206169 -0.000281185 0.0542908 0.000205632 0.999998 -0.0018669 0.0306072 0.000281572 0.00186684 0.999998 -2.63177 
0.999999 0.00102472 -0.000320405 0.030014 -0.0010246 0.999999 0.000315458 0.0257511 0.000320524 -0.000315111 1 -2.63116 
1 0.000521321 -0.000447512 0.00775146 -0.000520796 0.999999 0.00115516 0.0254898 0.000448048 -0.00115494 0.999999 -2.63977 
1 -0.000157479 -0.000331819 0.0219727 0.000157651 1 0.000556029 0.0319786 0.000331968 -0.000556087 1 -2.64734 
0.999999 0.00158881 -0.000253022 0.0250244 -0.00158896 0.999999 -0.000679569 0.029501 0.000251979 0.000679977 1 -2.64026 
0.999999 0.00149575 0.000268281 0.00564575 -0.00149537 0.999998 -0.00143991 0.0351219 -0.000270456 0.0014395 0.999999 -2.63586 
0.999998 -0.00166523 0.000654221 0.00318909 0.00166586 0.999998 -0.000958784 0.0351658 -0.000652611 0.000959879 0.999999 -2.66364 
1 0.000545733 0.000129879 0.0194397 -0.00054574 1 1.70209e-05 0.0376663 -0.000129879 -1.70805e-05 1 -2.64624 
1 0.000577774 0.000835627 0.0130005 -0.000577465 1 -0.000369223 0.0301476 -0.000835776 0.000368731 1 -2.65656 
0.999999 0.000708889 0.00102651 0.00389099 -0.00070766 0.999999 -0.00119532 0.0363026 -0.00102735 0.0011946 0.999999 -2.6438 
1 -0.000925213 0.000411868 0.0219421 0.000925474 0.999999 -0.000593338 0.0311394 -0.000411332 0.000593718 1 -2.64612 
0.999998 -0.00208953 0.000332475 0.0247803 0.00208981 0.999997 -0.000790803 0.0356636 -0.000330836 0.000791486 1 -2.6449 
1 -0.000423361 0.001142 0.0167999 0.000421897 0.999999 0.001267 0.0337276 -0.0011425 -0.00126652 0.999999 -2.63177 
0.999997 0.00171776 0.00147885 0.00386047 -0.00171896 0.999998 0.000813667 0.0331612 -0.00147745 -0.000816207 0.999998 -2.63062 
0.999999 0.0014012 0.000490993 0.0251923 -0.00140132 0.999999 0.000271611 0.0399284 -0.000490904 -0.000272293 1 -2.67407 
0.999999 -0.000379048 0.000951052 0.0114746 0.000380006 0.999999 -0.00100125 0.0346165 -0.000950456 0.0010016 0.999999 -2.62347 
0.999999 0.000181232 0.00124809 0.00996399 -0.000180151 1 -0.000878407 0.0298996 -0.0012483 0.000878189 0.999999 -2.65393 
1 0.000354856 0.000938803 0.00753784 -0.000355683 1 0.000886355 0.0285263 -0.000938505 -0.000886688 0.999999 -2.63452 
1 -0.000507031 0.000535697 0.0259399 0.000506844 1 0.00034998 0.032095 -0.000535846 -0.000349712 1 -2.61829 
1 -0.000436243 0.000489444 0.027832 0.00043606 1 0.00035982 0.0314579 -0.000489563 -0.000359608 1 -2.62427 
