1 0 0 0 0 1 0 0 0 0 1 0 
0.99904 -0.000541546 0.0437979 0.0456928 0.000645345 0.999997 -0.00235583 -0.0201516 -0.0437965 0.00238184 0.999038 1.02633 
0.998966 -0.004315 0.0452577 0.0474545 0.00454638 0.999977 -0.00501094 -0.0163219 -0.0452351 0.00521152 0.998963 1.02563 
0.998937 0.00014512 0.0460984 0.0408945 5.79105e-05 0.99999 -0.00440292 -0.0139002 -0.0460985 0.00440091 0.998927 1.01689 
0.998917 0.00247835 0.0464621 0.04049 -0.00237395 0.999995 -0.00230196 -0.0209268 -0.0464676 0.00218917 0.998918 1.04526 
0.998904 -0.00264595 0.0467239 0.0515912 0.00265769 0.999997 -0.00018918 -0.0169484 -0.0467232 0.000313151 0.998908 1.029 
0.998902 -0.000839364 0.0468308 0.0376227 0.000917292 0.999998 -0.00164258 -0.0156081 -0.0468294 0.00168373 0.998901 1.04427 
0.998932 -0.00369318 0.0460508 0.045722 0.00383256 0.999988 -0.00293878 -0.0189473 -0.0460394 0.00311213 0.998935 1.03447 
0.998986 -0.00255023 0.0449392 0.0503303 0.00266611 0.999993 -0.00251872 -0.0127541 -0.0449325 0.00263598 0.998987 1.02455 
0.998964 -0.000709019 0.0455039 0.0506359 0.000783519 0.999998 -0.00161938 -0.0141935 -0.0455026 0.00165337 0.998963 1.01981 
0.998923 -0.000140904 0.0464049 0.0464214 0.000112146 1 0.000622241 -0.016783 -0.046405 -0.000616366 0.998922 1.00545 
0.998891 -8.98633e-06 0.0470785 0.0502963 4.41261e-06 1 9.73679e-05 -0.0234169 -0.0470784 -9.70531e-05 0.998891 1.02326 
0.998866 -2.12491e-05 0.0476059 0.0450008 1.12811e-05 1 0.00020965 -0.0169425 -0.0476059 -0.000208875 0.998866 1.02109 
0.998916 -0.00132895 0.0465257 0.0572183 0.00137697 0.999998 -0.00100032 -0.0247525 -0.0465243 0.0010633 0.998917 1.02518 
0.998909 -0.00256786 0.0466345 0.0520546 0.00260328 0.999997 -0.000698656 -0.0161551 -0.0466324 0.000819294 0.998912 1.01001 
0.998918 0.000171714 0.046518 0.0407233 -0.000101201 0.999999 -0.00151833 -0.0204857 -0.0465183 0.00151198 0.998916 1.04503 
0.99891 -0.00401308 0.0465069 0.0491691 0.00400368 0.999992 0.000295341 -0.0177575 -0.0465078 -0.000108821 0.998918 1.00002 
0.998927 5.53578e-05 0.0463007 0.056705 -1.367e-05 1 -0.000900608 -0.0188262 -0.0463008 0.000899008 0.998927 1.03603 
0.99889 -0.000205878 0.0471009 0.0490289 0.000309227 0.999997 -0.00218686 -0.0202231 -0.0471003 0.002199 0.998888 1.00534 
0.998895 -0.00422432 0.046803 0.0507202 0.00431633 0.999989 -0.00186502 -0.0115759 -0.0467946 0.00206498 0.998902 1.05355 
0.998911 0.000445204 0.0466645 0.0494924 -0.000365427 0.999998 -0.00171816 -0.0152237 -0.0466652 0.00169923 0.998909 0.983906 
0.998918 -0.0020592 0.0464624 0.0487652 0.00220025 0.999993 -0.00298483 -0.0174011 -0.0464559 0.00308383 0.998916 1.04833 
0.998923 -0.0035456 0.0462644 0.0445976 0.00375371 0.999983 -0.00441197 -0.0116347 -0.046248 0.00458088 0.998919 0.986839 
0.998989 -0.000689376 0.0449525 0.0504284 0.000770196 0.999998 -0.00178078 -0.00944349 -0.0449512 0.0018136 0.998988 1.0439 
0.999042 -0.00456411 0.0435215 0.0466518 0.00456893 0.99999 -1.10511e-05 -0.0142647 -0.043521 0.000209883 0.999053 1.01626 
0.999177 -0.00293952 0.0404612 0.0574131 0.00297268 0.999995 -0.000759613 -0.0118667 -0.0404587 0.000879262 0.999181 1.01339 
0.999249 -0.00149199 0.0387255 0.0403643 0.00161606 0.999994 -0.00317303 -0.0161051 -0.0387205 0.00323322 0.999245 1.07281 
0.999362 2.3108e-05 0.0357155 0.0409155 -5.88223e-05 0.999999 0.000998611 -0.0114315 -0.0357155 -0.00100007 0.999362 1.02753 
0.999372 -0.00204821 0.0353836 0.0378456 0.00201765 0.999997 0.000899363 -0.00912955 -0.0353854 -0.000827411 0.999373 1.04477 
0.999415 -0.000299018 0.0341894 0.0400505 0.000308029 1 -0.000258051 -0.0128153 -0.0341894 0.000268433 0.999415 1.03146 
0.999438 0.00293166 0.0334044 0.0310469 -0.00286311 0.999994 -0.00210011 -0.0188776 -0.0334103 0.00200329 0.99944 1.03594 
0.999498 0.000419144 0.0316777 0.037096 -0.00037054 0.999999 -0.00153991 -0.00943574 -0.0316783 0.0015274 0.999497 1.05317 
0.999514 -0.00165416 0.0311188 0.0356884 0.00166585 0.999998 -0.000350112 -0.0157416 -0.0311182 0.000401783 0.999516 1.05042 
0.999517 -0.00142717 0.0310552 0.0392857 0.00142616 0.999999 5.45867e-05 -0.0141063 -0.0310552 -1.02725e-05 0.999518 1.09433 
0.999521 0.00168492 0.0309131 0.0266228 -0.00171375 0.999998 0.000906426 -0.0116373 -0.0309115 -0.000958968 0.999522 1.07761 
0.999568 -0.000737652 0.0293919 0.0350399 0.000728436 1 0.00032473 -0.0137766 -0.0293921 -0.000303178 0.999568 1.0942 
0.999625 -0.00267959 0.0272403 0.0381393 0.00269345 0.999996 -0.000472803 -0.00835744 -0.027239 0.000545997 0.999629 1.12575 
0.999678 -0.0043896 0.024986 0.040844 0.00440983 0.99999 -0.000754984 -0.0107047 -0.0249824 0.000864924 0.999687 1.12738 
0.999734 -0.00438708 0.0226375 0.035574 0.00440026 0.99999 -0.000532348 -0.00893778 -0.0226349 0.000631819 0.999744 1.16995 
0.999781 -0.00559673 0.0201816 0.0284023 0.00559092 0.999984 0.000345314 -0.0106242 -0.0201832 -0.000232406 0.999796 1.15085 
0.999839 -0.0046472 0.0173607 0.0394173 0.00463515 0.999989 0.000732202 -0.0121484 -0.0173639 -0.000651613 0.999849 1.18944 
0.999872 -0.00336175 0.0156566 0.0265808 0.00336498 0.999994 -0.000179888 -0.00660175 -0.0156559 0.000232547 0.999878 1.21162 
0.999891 -0.00236761 0.0145754 0.0125713 0.00235492 0.999997 0.00088688 -0.0112467 -0.0145775 -0.00085246 0.999893 1.20868 
0.999916 -0.000399329 0.0129774 0.0270348 0.000385158 0.999999 0.00109609 -0.013322 -0.0129778 -0.001091 0.999915 1.22094 
0.999924 4.03747e-05 0.012296 0.00834274 -3.77744e-05 1 -0.000210525 -0.0139139 -0.012296 0.000210045 0.999924 1.20719 
0.999936 0.000129402 0.011301 0.00838852 -0.000100464 0.999997 -0.00256143 -0.0165047 -0.0113012 0.00256014 0.999933 1.23273 
0.999948 -0.000673071 0.0101364 0.0153332 0.000707529 0.999994 -0.00339768 -0.00829482 -0.0101341 0.00340468 0.999943 1.2485 
0.999954 -0.00142489 0.00949463 0.00572968 0.001448 0.999996 -0.00242565 -0.00811422 -0.00949113 0.00243929 0.999952 1.26431 
0.999971 0.000141047 0.00763744 3.43323e-05 -0.000132412 0.999999 -0.00113299 -0.00143731 -0.0076376 0.00113195 0.99997 1.30128 
0.999983 0.000335187 0.00584371 0.00455475 -0.000331357 1 -0.000655125 -0.00573957 -0.00584394 0.000653178 0.999983 1.32502 
0.999985 -0.00120867 0.00536629 -0.00221634 0.0012174 0.999998 -0.00162457 -0.00170708 -0.00536432 0.00163108 0.999984 1.34404 
0.999988 0.00115252 0.00468391 -0.000953674 -0.00114519 0.999998 -0.00157142 -0.00466621 -0.0046857 0.00156604 0.999988 1.35076 
0.999991 -0.000921465 0.00426726 0.000268936 0.000923187 1 -0.000402358 -0.00550067 -0.00426692 0.000406292 0.999991 1.37962 
0.999996 0.000418194 0.00265084 0.00351715 -0.000418983 1 0.000300243 0.00484896 -0.00265069 -0.00030135 0.999997 1.42414 
0.999996 -0.000864021 0.00272125 0.00419044 0.000858337 0.999997 0.00209047 -0.00637984 -0.00272307 -0.00208812 0.999994 1.44704 
0.999999 -0.000253201 0.00154039 0.0235786 0.000251189 0.999999 0.00131244 -0.00713682 -0.00154071 -0.00131205 0.999998 1.46004 
0.999994 -0.00256211 0.00249714 -0.0177174 0.00256189 0.999997 7.84528e-05 -0.0116726 -0.00249733 -7.20536e-05 0.999997 1.43945 
1 0.000209875 0.00089027 0.0301476 -0.000209443 1 -0.000483798 0.00566924 -0.000890329 0.000483613 1 1.52048 
0.999998 -0.00193609 0.00079681 -0.00283241 0.00193702 0.999998 -0.00118266 -3.3021e-05 -0.000794515 0.00118419 0.999999 1.48209 
1 0.000166811 -0.000235379 0.00573158 -0.000166811 1 -8.40425e-05 -0.00678742 0.000235334 8.40845e-05 1 1.51143 
1 7.76649e-05 -0.000587776 -0.00193214 -7.85515e-05 0.999999 -0.00149807 -0.00581729 0.000587672 0.00149811 0.999999 1.5333 
0.999999 -0.000316344 -0.00143456 -0.00166512 0.00031653 1 0.000128444 -0.00166118 0.00143455 -0.000128899 0.999999 1.54506 
0.999999 0.000219822 -0.00169255 0.00234413 -0.000217751 0.999999 0.00123209 -0.0110759 0.00169279 -0.00123172 0.999998 1.55934 
0.999999 -0.00105089 -0.00143257 0.00161362 0.00104984 0.999999 -0.000732334 -0.00172317 0.00143334 0.000730826 0.999999 1.59994 
1 0.000134908 -0.000908464 -0.0128536 -0.000135437 1 -0.000601046 -0.00456953 0.00090836 0.00060117 0.999999 1.60547 
0.999998 -0.00133995 -0.00112638 0.000928879 0.00133955 0.999999 -0.000353958 -0.00656009 0.00112689 0.000352452 0.999999 1.62812 
0.999999 0.0005989 -0.00122517 0.00418663 -0.000598863 1 3.97321e-05 -0.00154471 0.00122513 -3.89982e-05 0.999999 1.65751 
0.999997 -0.00209666 -0.000950962 -0.00310516 0.00209823 0.999996 0.00164939 0.00142276 0.00094752 -0.00165138 0.999998 1.65758 
0.999998 -0.00163345 -0.000977606 0.000743866 0.00163554 0.999996 0.00216173 -0.00735247 0.000974059 -0.00216333 0.999997 1.67387 
1 -0.000849895 -0.000152752 -0.00936699 0.000849754 0.999999 -0.00105609 0.000475526 0.000153646 0.00105596 1 1.75277 
0.999997 -0.00218063 -0.000971198 0.00140381 0.00217912 0.999996 -0.0015303 -0.0102426 0.000974566 0.00152818 0.999998 1.70079 
1 0.000832111 -0.000261024 -0.00993538 -0.000832066 1 0.000173546 -0.00742412 0.000261173 -0.000173331 1 1.72707 
1 -0.000608929 -0.000423342 -0.00188637 0.000608966 1 2.60947e-05 -0.00639737 0.000423312 -2.63518e-05 1 1.72702 
1 0.000351273 -9.18508e-05 -0.00168419 -0.000351161 0.999999 0.00126197 -0.00791788 9.2268e-05 -0.00126194 0.999999 1.74997 
0.999999 -0.00145739 -0.000206709 -0.0056057 0.00145736 0.999999 -8.60738e-05 -0.00719678 0.000206724 8.57729e-05 1 1.74461 
1 -0.000906624 0.000163645 -0.00361824 0.000906579 1 0.000303814 -0.00392354 -0.000163928 -0.000303662 1 1.77842 
1 -0.000251241 -0.000240833 0.00418091 0.000250995 0.999999 -0.000983305 -0.00708067 0.000241131 0.000983243 0.999999 1.77982 
1 0.000240058 0.000616968 0.00253105 -0.000239447 1 -0.000974206 -0.00804925 -0.000617206 0.000974061 0.999999 1.80814 
0.999999 0.000667721 0.00111082 -0.00547409 -0.000666849 1 -0.00076251 -0.0140249 -0.00111136 0.000761766 0.999999 1.79909 
0.999998 0.000826873 0.00157067 -0.0124397 -0.000825681 0.999999 -0.000771748 -0.00710726 -0.00157137 0.000770452 0.999999 1.81338 
0.999999 0.00103635 0.000842541 -0.00382996 -0.00103702 0.999999 0.00081371 -0.0132879 -0.000841692 -0.000814582 0.999999 1.82457 
0.999999 -1.63987e-05 0.00114724 -0.0103073 1.60262e-05 1 0.000309648 -0.0072 -0.00114723 -0.000309629 0.999999 1.85159 
0.999997 0.00237682 0.000373527 0.000709534 -0.00237698 0.999997 0.000454389 -0.00482905 -0.00037244 -0.000455278 1 1.86938 
0.999998 0.00019417 0.00183359 -0.0089016 -0.000192769 1 -0.000738985 -0.0131618 -0.00183378 0.000738634 0.999998 1.85099 
0.999997 0.000790402 0.00222895 0.0127525 -0.000788331 0.999999 -0.00094143 -0.00876391 -0.00222971 0.000939668 0.999997 1.90708 
0.999991 -0.000628419 0.00424838 0.00637054 0.000632465 0.999999 -0.000948729 -0.00680447 -0.00424773 0.000951406 0.999991 1.91049 
0.999987 0.00199036 0.00471325 -0.00147629 -0.00199334 0.999998 0.00063109 -0.00859475 -0.00471202 -0.000640476 0.999989 1.90926 
0.999988 0.00148391 0.00467373 0.00263405 -0.00148614 0.999999 0.000474585 -0.00979841 -0.00467306 -0.000481523 0.999989 1.92426 
0.999988 0.00134715 0.00459424 0.000307083 -0.00134247 0.999998 -0.00102179 -0.0141329 -0.00459561 0.00101561 0.999989 1.92747 
0.99999 -0.000712298 0.00441262 0.0158253 0.000720344 0.999998 -0.00182219 -0.0118258 -0.00441132 0.00182535 0.999989 1.95682 
0.999989 0.000213571 0.00473997 0.000980377 -0.000204936 0.999998 -0.00182805 -0.0162847 -0.00474037 0.00182706 0.999987 1.96086 
0.999988 0.00116047 0.00478689 0.000230789 -0.00115956 0.999999 -0.000188084 -0.0165939 -0.00478709 0.000182535 0.999989 1.96759 
0.999987 0.00158358 0.00477572 0.00312042 -0.00158305 0.999999 -0.000118498 -0.0124432 -0.00477593 0.000110937 0.999989 1.986 
0.999987 0.00169393 0.00478494 0.00878906 -0.00169507 0.999998 0.000234306 -0.0128555 -0.00478448 -0.000242418 0.999988 2.00612 
0.99998 0.00104015 0.00624372 -0.00995255 -0.0010437 0.999999 0.000564385 -0.0114326 -0.00624308 -0.00057089 0.99998 1.98244 
0.999986 -0.00109508 0.00523686 0.0127716 0.0010948 0.999999 5.81257e-05 -0.0143837 -0.00523698 -5.23906e-05 0.999986 2.01975 
0.999984 8.95113e-05 0.00571878 -0.00430298 -8.37818e-05 0.999999 -0.00100164 -0.0180327 -0.0057189 0.00100115 0.999983 1.98408 
0.999985 0.000278652 0.00555356 -0.00120163 -0.000273012 0.999999 -0.00101677 -0.0155555 -0.00555384 0.00101524 0.999984 2.00442 
0.999979 -0.000238851 0.00643441 -0.00346375 0.000240311 1 -0.00022359 0.00132918 -0.00643434 0.000225136 0.999979 2.03904 
0.999983 0.00111388 0.00573984 0.00117493 -0.00111343 0.999999 -7.97026e-05 -0.0120847 -0.00573991 7.331e-05 0.999983 2.03436 
0.999986 0.000725761 0.00526714 0.00586319 -0.00072103 0.999999 -0.000904184 -0.0123239 -0.00526777 0.000900371 0.999986 2.03049 
0.999984 0.000749283 0.00560836 -0.011116 -0.000744268 1 -0.000895875 -0.0117031 -0.00560904 0.000891689 0.999984 2.05464 
0.999989 -0.00114063 0.00447288 0.00658798 0.00113638 0.999999 0.000953393 -0.0121696 -0.00447391 -0.000948302 0.999989 2.04341 
0.99999 -0.00223952 0.00392464 0.00834656 0.00223801 0.999998 0.000383973 -0.00341976 -0.0039255 -0.000375185 0.999992 2.06335 
0.999992 -0.00141281 0.00364515 0.0057869 0.00141473 0.999999 -0.000525368 -0.0143411 -0.00364439 0.000530517 0.999993 2.07217 
0.999995 -0.000564329 0.00318263 0.00206757 0.00056614 1 -0.000569224 -0.0162146 -0.00318231 0.000571026 0.999995 2.07339 
0.999992 0.000769876 0.00382534 -0.00759888 -0.000768386 1 -0.000388863 -0.0101552 -0.0038256 0.000385918 0.999993 2.10434 
0.999992 0.00152186 0.00354022 0.00888824 -0.00151999 0.999999 -0.000531619 -0.0223669 -0.00354102 0.000526236 0.999994 2.07976 
0.999987 0.000702307 0.00502552 -0.00440598 -0.000696801 0.999999 -0.00109218 -0.0155225 -0.0050263 0.00108867 0.999987 2.0972 
0.99999 0.00148989 0.00412308 0.00320435 -0.00149272 0.999999 0.000679418 -0.0236058 -0.00412203 -0.000685576 0.999991 2.09738 
0.999989 -0.000371672 0.00463051 0.00378036 0.000373289 1 -0.000350196 -0.0179495 -0.00463039 0.000351924 0.999989 2.10019 
0.999987 0.000878498 0.00501424 -0.00592804 -0.000875965 1 -0.000509018 -0.0162672 -0.00501469 0.000504619 0.999987 2.12686 
0.999986 0.00055439 0.00525606 -0.0116959 -0.000552475 1 -0.000363555 -0.0123076 -0.00525609 0.000360649 0.999986 2.12709 
0.999989 7.81789e-05 0.00470841 -0.00273514 -8.05631e-05 1 0.000497565 -0.0165477 -0.00470847 -0.000497943 0.999989 2.12376 
0.999987 -0.000366561 0.00508118 -0.0107346 0.000365824 1 0.000150833 -0.0159498 -0.00508127 -0.000148969 0.999987 2.14308 
0.99999 -0.000599802 0.00450706 -0.00632095 0.000602089 1 -0.00050275 -0.0171887 -0.00450668 0.000505462 0.99999 2.16565 
0.999993 -0.000431284 0.0038465 0.00415039 0.000435747 0.999999 -0.00116563 -0.0146422 -0.00384605 0.0011673 0.999992 2.15794 
0.999992 3.45036e-05 0.00395012 -0.000579834 -2.7962e-05 0.999999 -0.00164985 -0.0178502 -0.00395012 0.00164974 0.999991 2.16309 
0.999991 -0.000644766 0.00419533 -0.0104027 0.000649579 0.999999 -0.00115105 -0.0131774 -0.00419447 0.00115375 0.999991 2.17682 
0.999993 0.000545263 0.00365126 -0.00348663 -0.000541836 0.999999 -0.000944439 -0.0126343 -0.00365186 0.000942467 0.999993 2.18147 
0.999991 -0.000272915 0.00425261 -0.00873184 0.00027176 1 0.000276413 -0.0209279 -0.00425261 -0.000275264 0.999991 2.19339 
0.99999 0.000352696 0.0043942 -0.00867081 -0.000350982 1 -0.000390526 -0.0121083 -0.00439441 0.000388976 0.99999 2.17975 
0.999987 -0.00241528 0.00455394 -0.0019722 0.0024173 0.999997 -0.000439428 -0.0146134 -0.00455287 0.000450429 0.99999 2.21371 
0.999992 -0.00243334 0.00304762 0.00856018 0.00243246 0.999997 0.000298206 -0.0159004 -0.00304836 -0.000290787 0.999995 2.1956 
0.999997 -0.000876009 0.00247604 0.0103569 0.000874124 0.999999 0.000751307 -0.0192163 -0.00247666 -0.000749143 0.999997 2.19196 
0.999996 0.000202954 0.00266951 0.00648117 -0.000203744 1 0.00029755 -0.0139289 -0.00266942 -0.000298087 0.999996 2.19475 
0.999995 0.000851743 0.00295928 -0.00191498 -0.000848919 0.999999 -0.000965623 -0.0165646 -0.00296015 0.000963099 0.999995 2.22063 
0.999996 0.000452466 0.00283861 0.000156403 -0.000445679 0.999997 -0.0023898 -0.0192201 -0.00283965 0.00238853 0.999993 2.22365 
0.999994 0.000421114 0.00336415 -0.000831604 -0.000413783 0.999998 -0.00218443 -0.014626 -0.00336498 0.00218302 0.999992 2.24829 
0.999995 0.000738852 0.00306103 -0.00062561 -0.000734694 0.999999 -0.00135618 -0.0194371 -0.00306207 0.00135393 0.999994 2.2455 
0.999992 0.00154279 0.00375897 -0.00923157 -0.00153657 0.999997 -0.0016574 -0.0129247 -0.00376156 0.00165161 0.999992 2.29022 
0.999992 -0.000952914 0.00375056 0.00314331 0.000953712 0.999999 -0.00021576 -0.0132928 -0.00375032 0.000219328 0.999993 2.27444 
0.999991 0.000721484 0.00411078 -0.00865555 -0.00072524 1 0.000909859 -0.0125928 -0.00411007 -0.000912828 0.999991 2.30524 
0.999993 -8.13752e-05 0.00365391 0.00275421 7.97138e-05 1 0.000457965 -0.015379 -0.00365409 -0.000457669 0.999993 2.3047 
0.999992 7.04601e-05 0.00391927 0.00174332 -7.08699e-05 1 0.000106977 -0.015681 -0.00391918 -0.000107259 0.999992 2.30438 
0.999991 0.00109353 0.00413558 -0.00848389 -0.00109091 0.999999 -0.000639124 -0.0114043 -0.00413623 0.000634609 0.999991 2.313 
0.999991 0.000831239 0.00408804 -0.00107956 -0.000827901 0.999999 -0.000806876 -0.023663 -0.00408879 0.0008035 0.999991 2.312 
0.999993 0.000177644 0.00366184 -0.00933075 -0.000174768 1 -0.000792487 -0.0171902 -0.00366202 0.000791838 0.999993 2.33009 
0.999995 -0.00124323 0.00304493 0.00499344 0.00124402 0.999999 -0.000256388 -0.0253894 -0.00304455 0.000260176 0.999995 2.26585 
0.999996 -0.00100403 0.00276199 0.000255585 0.00100218 0.999999 0.000666955 -0.0200682 -0.00276273 -0.000664193 0.999996 2.29935 
0.999995 -0.00128703 0.00298059 0.00746918 0.00128427 0.999999 0.000928 -0.0205827 -0.00298175 -0.000924159 0.999995 2.33423 
0.999996 -0.00138462 0.00249013 0.00347519 0.00138553 0.999999 -0.000357453 -0.0224068 -0.00248972 0.000360906 0.999997 2.34647 
0.999995 -6.13034e-05 0.00312528 -0.00231934 6.46263e-05 0.999999 -0.00106413 -0.020931 -0.00312516 0.00106432 0.999995 2.37021 
0.999995 0.000757232 0.00320336 -0.00790405 -0.000755854 1 -0.000436973 -0.020587 -0.00320357 0.000434548 0.999995 2.35211 
0.999995 0.000152953 0.00322115 -0.00328064 -0.000148334 0.999999 -0.00142987 -0.0277853 -0.00322151 0.00142939 0.999994 2.35031 
0.999995 0.000246309 0.00327855 -0.00379944 -0.000242054 0.999999 -0.00130373 -0.0189266 -0.00327879 0.00130292 0.999994 2.36592 
0.999994 0.00219245 0.00278759 -0.0106888 -0.00218973 0.999997 -0.000975281 -0.0205131 -0.00278986 0.000969183 0.999995 2.35086 
0.999993 -0.000916816 0.0036706 -0.00784302 0.000919186 0.999999 -0.000635169 -0.0222359 -0.00366995 0.00063853 0.999993 2.3593 
0.999996 -0.00141971 0.00251439 0.00388336 0.00141715 0.999998 0.00100502 -0.0237513 -0.00251582 -0.00100145 0.999996 2.33179 
0.999995 -0.0004002 0.00327179 -0.00695038 0.000396311 0.999999 0.00119045 -0.0231476 -0.00327227 -0.00118914 0.999994 2.35999 
0.999993 0.00123437 0.00357559 -0.00610352 -0.00123378 0.999999 -0.000170343 -0.0181398 -0.0035758 0.000165932 0.999994 2.32657 
0.999994 0.00111005 0.00339425 -0.0083313 -0.00110717 0.999999 -0.000852779 -0.0264273 -0.00339508 0.000849001 0.999994 2.33339 
0.99999 0.00175376 0.00409326 -0.00951385 -0.00175356 0.999998 -4.94532e-05 -0.0187182 -0.00409341 4.22783e-05 0.999992 2.38498 
0.99999 0.000851065 0.00429499 -0.0137329 -0.000852965 0.999999 0.000439424 -0.0245376 -0.00429466 -0.000443082 0.999991 2.36873 
0.999992 8.55848e-05 0.00407594 -0.0036087 -8.39606e-05 1 -0.000395909 -0.027597 -0.00407597 0.00039557 0.999992 2.35619 
0.999991 0.000649869 0.00429794 -0.00888824 -0.000649944 1 1.89058e-05 -0.0228209 -0.00429785 -2.17073e-05 0.999991 2.36723 
0.999988 0.00133648 0.00462937 -0.0179062 -0.00133747 0.999999 0.000214022 -0.0237241 -0.00462914 -0.000220209 0.999989 2.37312 
0.999991 0.00080353 0.00424829 -0.00328064 -0.00080163 1 -0.000456534 -0.0216222 -0.00424868 0.000453118 0.999991 2.33821 
0.999991 -0.000474423 0.00435442 -0.0104904 0.000477105 1 -0.000613883 -0.0313392 -0.00435415 0.000615951 0.99999 2.37337 
0.999992 -0.000257634 0.00407466 -0.00502014 0.000258557 1 -0.000224762 -0.0314236 -0.00407463 0.000225808 0.999992 2.35118 
0.999992 0.000156842 0.00402564 -0.00408173 -0.000156805 1 -1.50762e-05 -0.0221229 -0.00402561 1.44467e-05 0.999992 2.36874 
0.999989 0.00143972 0.00456479 -0.0116653 -0.00143573 0.999999 -0.000877209 -0.0263934 -0.00456604 0.000870645 0.999989 2.35574 
0.99999 -0.000472672 0.00438538 -0.00396729 0.000473373 1 -0.000164945 -0.024662 -0.00438529 0.000167012 0.99999 2.36655 
0.999993 -0.000477336 0.00386009 -0.000274658 0.00047902 1 -0.000441499 -0.0136561 -0.00385994 0.000443358 0.999992 2.3692 
0.999991 -0.00143517 0.00410354 -0.00553894 0.00143903 0.999999 -0.000937674 -0.0142121 -0.00410211 0.000943564 0.999991 2.36894 
0.999989 -0.00229845 0.00400683 0.00539398 0.00230318 0.999997 -0.00116917 -0.0227814 -0.00400418 0.00117839 0.999991 2.39127 
0.999993 -0.00135496 0.00338104 0.000419617 0.00135549 0.999999 -0.000165883 -0.0210433 -0.00338072 0.000170462 0.999994 2.39236 
0.999994 -0.00164968 0.00318351 0.00231171 0.00165424 0.999998 -0.00142446 -0.0156002 -0.00318125 0.00142972 0.999994 2.38715 
0.999992 -0.00163671 0.0035229 -0.026413 0.00164305 0.999997 -0.0018009 -0.0228848 -0.00351992 0.00180667 0.999992 2.37372 
0.999992 -0.00107896 0.00381607 -0.0197296 0.00107998 1 -0.000269774 -0.0133123 -0.00381568 0.000273902 0.999993 2.41068 
0.999992 -0.000111125 0.00390342 -0.0231247 0.000114396 1 -0.000836059 -0.0191107 -0.00390336 0.000836495 0.999992 2.42786 
0.999993 0.000859462 0.00377181 -0.00289917 -0.000857383 1 -0.000548001 -0.00829792 -0.00377223 0.000544772 0.999993 2.44901 
0.999993 -0.00120361 0.00358459 0 0.00120699 0.999999 -0.000940848 -0.0156016 -0.00358355 0.000945173 0.999993 2.4285 
0.999993 0.000871912 0.00374141 -0.00878143 -0.000869393 0.999999 -0.000673842 -0.0118923 -0.00374195 0.000670578 0.999993 2.44736 
0.999994 0.00154489 0.00324631 -0.00679016 -0.00154243 0.999999 -0.000756707 -0.00979853 -0.00324756 0.000751704 0.999994 2.44177 
0.999994 -0.00162711 0.00292465 -0.00406647 0.00162712 0.999999 -3.42727e-07 -0.00852585 -0.00292465 5.0962e-06 0.999996 2.4451 
0.999994 -0.00171074 0.0029943 -0.0200653 0.00170764 0.999998 0.00103261 -0.01897 -0.00299609 -0.00102748 0.999995 2.48456 
0.999996 -0.00107086 0.00241435 -0.00156403 0.00107068 0.999999 7.67857e-05 -0.00587702 -0.00241435 -7.42115e-05 0.999997 2.47278 
0.999998 0.000166818 0.00175861 -0.000801086 -0.000167213 1 0.000243966 -0.0123377 -0.00175866 -0.000244264 0.999998 2.47345 
0.999996 0.000159055 0.00273958 -0.00563049 -0.000159673 1 0.000220537 -0.00293541 -0.00273946 -0.000220969 0.999996 2.52023 
0.999993 -0.0014166 0.00346288 -0.00785828 0.00141614 0.999999 0.000146471 -0.00292397 -0.00346312 -0.000141565 0.999994 2.54721 
0.999995 9.91076e-05 0.00305969 -0.014389 -0.000100136 1 0.000326343 -0.00774574 -0.00305963 -0.000326648 0.999995 2.52774 
0.999997 0.000735149 0.00205603 -0.00723267 -0.00073307 0.999999 -0.00101691 -0.0167212 -0.00205675 0.00101539 0.999997 2.52884 
0.999995 0.000377789 0.00318396 -0.0172424 -0.000367403 0.999995 -0.0032603 -0.0107021 -0.00318515 0.00325911 0.99999 2.52945 
0.999992 0.00142875 0.00358787 0.00326538 -0.00142913 0.999999 0.000103101 -0.0181561 -0.00358778 -0.000108216 0.999994 2.53918 
0.999985 0.00193781 0.00510901 -0.0139465 -0.00194198 0.999998 0.000811759 -0.0161457 -0.00510734 -0.000821676 0.999986 2.54401 
0.999978 0.00260934 0.00603864 -0.0239868 -0.00261869 0.999995 0.00153511 -0.0153675 -0.00603467 -0.00155089 0.999981 2.5589 
0.999986 0.00128616 0.00507826 0.00566101 -0.00129104 0.999999 0.000963289 -0.0117311 -0.005077 -0.00096982 0.999987 2.56265 
0.999985 -0.000671841 0.0054408 -0.010994 0.000671871 1 -8.26642e-06 -0.0169239 -0.0054408 1.1906e-05 0.999985 2.61807 
0.999981 -0.00240716 0.00575247 -0.00363159 0.00240886 0.999997 -0.00028589 -0.0169039 -0.00575182 0.000299752 0.999984 2.63947 
0.999989 -0.000615455 0.00468889 0.00440216 0.000618063 1 -0.000544649 -0.0132008 -0.0046885 0.000547543 0.999989 2.66306 
0.999987 -0.00114036 0.00488716 -0.00222015 0.00113834 0.999999 0.000410222 -0.0218487 -0.00488758 -0.000404652 0.999988 2.64093 
0.999989 -0.000158191 0.00469542 0.016037 0.000149816 0.999998 0.00178239 -0.0214844 -0.00469565 -0.00178168 0.999987 2.62244 
0.999989 0.0019701 0.00433707 0.0123901 -0.00197286 0.999998 0.000634793 -0.0127635 -0.00433582 -0.000643335 0.99999 2.64838 
0.999988 0.000748143 0.00481725 -0.0104675 -0.000747971 1 -3.84748e-05 -0.0273809 -0.00481728 3.48575e-05 0.999988 2.64059 
0.999989 -0.000131562 0.00477973 0.00591278 0.000129469 1 0.000432808 -0.0293574 -0.00477976 -0.000432167 0.999989 2.64682 
0.99999 -0.00084202 0.00435451 -0.00532532 0.000838868 0.999999 0.000729054 -0.0246892 -0.0043551 -0.000725407 0.99999 2.63782 
0.999985 -0.000383042 0.00555947 -0.0133514 0.000378467 1 0.000822898 -0.0193114 -0.00555995 -0.000820782 0.999984 2.65027 
0.999991 0.00138228 0.00404316 -0.00575256 -0.00138296 0.999999 0.000169627 -0.0253134 -0.00404274 -0.000175219 0.999992 2.67392 
0.999993 -0.000233635 0.00374603 0.00170135 0.000230126 1 0.000933226 -0.0238886 -0.00374621 -0.000932381 0.999993 2.66821 
0.999995 -0.00108755 0.00297287 0.000770569 0.00108386 0.999999 0.00124831 -0.0294452 -0.00297406 -0.00124507 0.999995 2.66116 
0.999992 0.00230522 0.00310686 0.00182343 -0.00230279 0.999997 -0.00078588 -0.0268846 -0.00310883 0.00077872 0.999995 2.68423 
0.999986 0.00373836 0.00361818 -0.0158234 -0.00373295 0.999992 -0.00150986 -0.0241938 -0.00362378 0.00149633 0.999992 2.64175 
0.999987 0.00324197 0.0040009 -0.0219955 -0.00323582 0.999994 -0.00153809 -0.0214448 -0.00400585 0.00152513 0.999991 2.63083 
0.999994 0.00195077 0.00272959 0.00538635 -0.00195555 0.999997 0.00174997 -0.0252132 -0.00272623 -0.00175529 0.999995 2.67667 
0.99999 -0.00108453 0.00427336 -0.0148926 0.00107905 0.999999 0.0012855 -0.0243664 -0.00427476 -0.0012809 0.99999 2.66351 
0.999994 0.000576105 0.00341174 -0.00759888 -0.000573374 1 -0.000802264 -0.023912 -0.00341216 0.000800312 0.999994 2.66223 
0.99999 0.00199757 0.00389227 -0.0170288 -0.00199688 0.999998 -0.000183161 -0.0256233 -0.00389287 0.000175383 0.999992 2.69385 
0.999989 0.00233093 0.00395203 -0.0167999 -0.00234328 0.999992 0.00312586 -0.0283933 -0.00394455 -0.00313508 0.999987 2.68124 
0.999989 0.00226426 0.00405282 -0.0189972 -0.00226893 0.999997 0.0011486 -0.02508 -0.00405037 -0.00115779 0.999991 2.6947 
0.999991 0.00120955 0.00403824 -0.0192719 -0.00121009 0.999999 0.000130896 -0.0258018 -0.00403792 -0.000135768 0.999992 2.70837 
0.999992 0.000585541 0.00389504 -0.0253143 -0.000584308 1 -0.000318065 -0.0282083 -0.00389531 0.000315782 0.999992 2.68976 
0.999995 -0.000530709 0.00309813 -0.0106812 0.000528999 1 0.000551313 -0.0370845 -0.00309843 -0.000549674 0.999995 2.7265 
0.999994 0.000520334 0.00323126 -0.00932312 -0.000523128 0.999999 0.000860244 -0.0349996 -0.00323087 -0.000861932 0.999995 2.68509 
0.999989 0.00312024 0.00348029 -0.0194397 -0.00311854 0.999995 -0.000486482 -0.0354332 -0.00348184 0.000475615 0.999994 2.69678 
0.999944 0.00999798 0.00356194 -0.0261383 -0.00998645 0.999945 -0.00324255 -0.0346842 -0.00359416 0.00320681 0.999988 2.70206 
0.999962 0.00749093 0.00450829 -0.0298462 -0.00745051 0.999933 -0.0089153 -0.0438313 -0.00457475 0.00888138 0.99995 2.67972 
0.999941 -0.010231 0.00355101 -0.00605774 0.010249 0.999934 -0.00508618 -0.0307932 -0.00349864 0.00512227 0.999981 2.69351 
0.999971 -0.00740158 0.0017938 -0.0144958 0.00739324 0.999962 0.00461259 -0.0234694 -0.0018279 -0.00459919 0.999988 2.68216 
0.999995 0.000690471 0.0028829 -0.00762939 -0.000722297 0.999938 0.0110535 -0.0110664 -0.00287509 -0.0110556 0.999935 2.70325 
0.999969 0.00622346 0.00478759 -0.032074 -0.00626548 0.999941 0.00881169 -0.0132565 -0.00473255 -0.00884143 0.99995 2.70734 
0.999973 0.00595537 0.00437045 -0.0204315 -0.00596927 0.999977 0.00317424 -0.0251718 -0.00435135 -0.00320024 0.999985 2.68765 
0.999994 0.000994422 0.00327161 -0.00990295 -0.00099295 0.999999 -0.000457343 -0.0293102 -0.00327212 0.000454094 0.999995 2.67337 
0.999979 -0.00548384 0.00341055 -0.00930786 0.0054907 0.999983 -0.00200169 -0.0471778 -0.0033994 0.00202038 0.999992 2.68185 
0.999985 -0.00466466 0.00287968 -0.00836182 0.00467792 0.999978 -0.0046105 -0.0350022 -0.00285816 0.00462391 0.999985 2.65408 
0.999995 -0.000854582 0.00306404 -0.00314331 0.000863142 0.999996 -0.00278992 -0.038733 -0.00306165 0.00279255 0.999991 2.69016 
0.999992 -0.000299528 0.00399131 -0.00340271 0.000299178 1 8.88668e-05 -0.0280352 -0.00399134 -8.76673e-05 0.999992 2.7037 
0.999992 -0.000868611 0.00403023 -0.0118103 0.000862192 0.999998 0.00159656 -0.0267186 -0.00403175 -0.00159309 0.999991 2.65826 
0.999995 -0.000624593 0.0031679 -0.00186157 0.000621345 0.999999 0.00102547 -0.0230074 -0.00316852 -0.00102349 0.999994 2.67273 
0.999997 -0.000668708 0.00244266 -0.0139313 0.000667464 1 0.000504948 -0.0383565 -0.00244287 -0.000503309 0.999997 2.69461 
0.999998 -0.000262909 0.00175965 -0.0102386 0.000262592 1 0.000175409 -0.0316129 -0.00175968 -0.000174947 0.999998 2.69717 
0.999997 -0.0010415 0.00210056 -0.00610352 0.00104153 0.999999 -9.86457e-06 -0.0335767 -0.00210035 1.20401e-05 0.999998 2.7023 
0.999999 -0.000983927 0.00101629 0.00149536 0.00098227 0.999998 0.00163196 -0.0258176 -0.00101814 -0.00163095 0.999998 2.68915 
0.999997 -0.00181256 0.00157142 -0.00735474 0.0018083 0.999995 0.00270847 -0.0343072 -0.00157669 -0.0027056 0.999995 2.70596 
0.999996 -0.00201316 0.00208446 -0.0142365 0.00200949 0.999996 0.00175412 -0.0310199 -0.00208792 -0.00174993 0.999996 2.68869 
0.999997 0.00181638 0.00163564 -0.00730896 -0.00181381 0.999997 -0.00157195 -0.0264611 -0.00163844 0.00156899 0.999997 2.68939 
0.99999 0.00382433 0.00241086 -0.0221405 -0.00381607 0.999987 -0.00341 -0.0335217 -0.00242391 0.00340077 0.999991 2.65714 
0.999994 0.00275403 0.0020375 -0.0168304 -0.00275074 0.999995 -0.00162405 -0.0305398 -0.00204182 0.00161843 0.999997 2.65421 
0.999998 0.00104484 0.00164145 -0.0207062 -0.00104551 1 0.000423629 -0.0272794 -0.00164112 -0.000425342 0.999999 2.65976 
0.999999 0.00128003 0.00111413 -0.000854492 -0.00127991 0.999999 -0.000104006 -0.0348468 -0.00111425 0.00010258 0.999999 2.60559 
0.999995 0.00302905 0.000798523 -0.0112152 -0.00302804 0.999995 -0.00127442 -0.0286832 -0.000802398 0.001272 0.999999 2.67712 
0.999999 0.00115523 0.00117645 -0.018219 -0.00115539 0.999999 0.000131268 -0.030668 -0.00117612 -0.000132635 0.999999 2.6615 
0.999999 -0.00110435 0.000809014 -0.00195312 0.00110253 0.999997 0.00226202 -0.0260906 -0.000811785 -0.00226113 0.999997 2.63828 
0.999997 -0.00234035 -0.00042221 -0.00343323 0.00234191 0.99999 0.00377925 -0.0277681 0.000413597 -0.00378022 0.999993 2.64359 
0.99999 -0.00446793 -0.00101966 -0.0135803 0.00447364 0.999974 0.00566313 -0.0270681 0.000994176 -0.00566763 0.999983 2.6665 
0.999992 -0.00340417 -0.00194541 -0.0121307 0.0034119 0.999986 0.00398678 -0.0245261 0.001932 -0.0039934 0.99999 2.67288 
0.999981 0.00572871 -0.00211582 -0.0229645 -0.00573246 0.999982 -0.00176875 -0.0345712 0.00210553 0.00178086 0.999996 2.63873 
0.999972 0.00748575 -0.000390321 -0.035614 -0.00748778 0.999957 -0.0055152 -0.0323706 0.000349015 0.00551796 0.999985 2.64795 
0.999985 0.00492171 -0.00216529 -0.0244293 -0.00492408 0.999987 -0.0010899 -0.0383201 0.00215995 0.00110054 0.999997 2.67096 
0.999994 0.00187781 -0.0028818 -0.0289001 -0.00188293 0.999997 -0.00177592 -0.0304837 0.00287828 0.00178136 0.999994 2.6478 
0.999991 -0.0022213 -0.00360274 -0.0129547 0.0022231 0.999997 0.000500239 -0.0276484 0.00360161 -0.000508241 0.999993 2.65958 
0.999992 -0.000281014 -0.0039508 -0.0162201 0.000283308 1 0.000578504 -0.0265632 0.00395042 -0.00057961 0.999992 2.63879 
0.999992 0.00252147 -0.00302026 -0.0274353 -0.00253062 0.999992 -0.00302954 -0.0381541 0.00301275 0.00303716 0.999991 2.62219 
0.999973 0.00720018 -0.00109643 -0.0366364 -0.00719966 0.999974 0.000462614 -0.0268946 0.00109988 -0.000454716 0.999999 2.64169 
0.99996 0.00888544 -0.000733495 -0.0404358 -0.00888488 0.99996 0.000756714 -0.03335 0.000740051 -0.000750171 0.999999 2.62778 
0.999975 0.00699474 -0.000603229 -0.0306396 -0.00699559 0.999975 -0.00141215 -0.0361357 0.000593394 0.00141633 0.999999 2.6474 
0.999998 0.00181537 -0.000944376 -0.0200348 -0.00181618 0.999998 -0.000870045 -0.0319929 0.000942767 0.000871772 0.999999 2.64774 
0.999996 -0.00255908 -0.00100088 -0.0240021 0.00256074 0.999995 0.00167318 -0.0302782 0.000996768 -0.00167573 0.999998 2.64664 
0.999998 -0.00106395 -0.00144562 -0.0388641 0.00106749 0.999997 0.00244807 -0.0294228 0.00144276 -0.00244961 0.999996 2.63507 
0.999999 0.000922266 -0.0011943 -0.0223694 -0.00092002 0.999998 0.00187621 -0.0287142 0.00119594 -0.00187512 0.999998 2.61707 
0.999996 0.00259751 -0.00056693 -0.0376282 -0.00259842 0.999995 -0.00161625 -0.0283098 0.000562966 0.00161773 0.999998 2.65045 
0.999998 0.00144242 -0.00114653 -0.0350952 -0.00144478 0.999997 -0.00205584 -0.0344877 0.00114349 0.00205749 0.999997 2.62085 
0.999999 -0.000838224 -0.00114602 -0.0220642 0.000836298 0.999998 -0.00167779 -0.0295181 0.0011473 0.00167683 0.999998 2.66449 
0.999998 -0.00183015 -0.00114939 -0.0246277 0.00183158 0.999997 0.00124764 -0.0349894 0.00114739 -0.00124975 0.999998 2.61426 
0.999997 -0.00196288 -0.00158197 -0.00512695 0.00196517 0.999997 0.00145327 -0.027009 0.00157911 -0.00145638 0.999998 2.62064 
0.999999 -0.00100857 -0.000906855 -0.0159302 0.00100879 1 0.000239478 -0.028285 0.000906438 -0.000240386 1 2.63531 
0.999998 0.000939507 -0.00157985 -0.0203094 -0.000938714 1 0.000498062 -0.0327129 0.00158024 -0.000496587 0.999999 2.61639 
1 0.000113465 -0.000443101 -0.016983 -0.000112846 0.999999 0.00140451 -0.0329685 0.000443339 -0.00140446 0.999999 2.62497 
0.999999 0.000481609 -0.00103414 -0.0162048 -0.000480685 0.999999 0.000884183 -0.0305719 0.00103438 -0.00088368 0.999999 2.65924 
0.999999 0.00157118 -0.000223011 -0.0447998 -0.00157162 0.999997 -0.00192656 -0.0304775 0.00022018 0.0019269 0.999998 2.61719 
1 -0.000579309 -0.0002819 -0.0157166 0.000578996 0.999999 -0.0010983 -0.0372944 0.000282526 0.00109813 0.999999 2.60956 
0.999999 -0.000835326 -0.000740945 -0.0131836 0.000835843 0.999999 0.000697291 -0.0264921 0.000740379 -0.000697903 1 2.62866 
1 0.000746548 -0.000287563 -0.0159149 -0.000746209 0.999999 0.00112299 -0.0197992 0.000288159 -0.00112278 0.999999 2.66922 
0.999999 0.00103019 -0.000445455 -0.0135803 -0.0010299 0.999999 0.000688491 -0.0334082 0.000446409 -0.000688029 1 2.67441 
0.999999 0.00118962 0.000766009 -0.0302734 -0.0011898 0.999999 0.000252936 -0.0295391 -0.000765711 -0.000253852 1 2.62573 
1 -0.000588078 0.000281453 -0.0162201 0.00058816 1 -0.000274036 -0.0318756 -0.000281364 0.000274222 1 2.63776 
0.999999 0.000271827 0.00114557 -0.0420685 -0.000271361 1 -0.000395747 -0.0314054 -0.00114593 0.00039543 0.999999 2.64551 
1 -7.75494e-05 -3.09944e-05 -0.025589 7.75941e-05 0.999998 0.00186523 -0.0382376 3.11136e-05 -0.00186525 0.999998 2.60059 
1 0.000741869 0.000178277 -0.00502014 -0.00074213 0.999999 0.00149444 -0.0262613 -0.000177115 -0.00149457 0.999999 2.65295 
0.999999 0.00145954 -0.000140339 -0.0252838 -0.00145952 0.999999 7.84304e-05 -0.0349655 0.000140488 -7.82274e-05 1 2.61902 
1 -0.000253953 0.000717402 -0.028717 0.000254497 1 -0.000756687 -0.0258436 -0.000717223 0.000756869 1 2.62988 
1 -0.000115659 -0.000103474 -0.0192108 0.000115585 1 -0.000705196 -0.0342636 0.000103533 0.000705192 1 2.61621 
1 -0.00106648 -0.000130594 -0.00917053 0.0010665 1 0.000149479 -0.0305691 0.000130445 -0.000149624 1 2.6322 
1 0.000440672 -0.000149369 -0.0227356 -0.000440612 1 0.00043365 -0.0350885 0.000149488 -0.000433585 1 2.63147 
1 1.17011e-05 -0.000515759 -0.00233459 -1.19247e-05 1 -0.00046083 -0.033556 0.000515819 0.000460839 1 2.60864 
1 0.000932973 0.000341475 -0.0276031 -0.000932757 0.999999 -0.00064256 -0.0375195 -0.000342041 0.000642244 1 2.61761 
1 -9.28305e-05 0.000151217 -0.0362549 9.27188e-05 1 0.000725212 -0.0304356 -0.000151247 -0.000725199 1 2.61157 
1 0.000589605 -0.000611871 -0.0125427 -0.000588723 0.999999 0.00145971 -0.0375557 0.000612706 -0.00145935 0.999999 2.60449 
1 5.59054e-05 -0.00023675 -0.0192108 -5.55813e-05 0.999999 0.00133646 -0.029356 0.000236839 -0.00133643 0.999999 2.59467 
1 -0.000325438 -0.000481695 -0.0201416 0.000325039 1 -0.000837145 -0.0328083 0.000481993 0.000836976 1 2.60193 
1 -0.000800397 -8.77678e-05 -0.0170441 0.000800375 1 -0.00037479 -0.0276966 8.7887e-05 0.000374725 1 2.61023 
1 -0.000401232 -0.000223488 -0.0225067 0.000401396 1 0.000752067 -0.0281372 0.000223398 -0.000752164 1 2.62732 
0.999999 0.00110604 -0.000143975 -0.0306396 -0.00110595 0.999999 0.00060251 -0.0368538 0.00014472 -0.000602352 1 2.62329 
1 0.000368144 0.000495583 -0.0282593 -0.000368051 1 -0.000186617 -0.0262299 -0.000495672 0.000186421 1 2.63947 
1 0.000414602 0.000168562 -0.0245819 -0.000414561 1 -0.000280868 -0.0338573 -0.000168681 0.000280801 1 2.63702 
1 5.39422e-06 -1.66893e-06 -0.0244598 -5.38304e-06 1 0.00102545 -0.0315456 1.60933e-06 -0.00102543 1 2.59125 
0.999999 0.000813145 0.000675023 -0.0214844 -0.00081449 0.999998 0.00197003 -0.0294628 -0.000673383 -0.00197059 0.999998 2.63544 
0.999999 0.000689682 0.000754714 -0.022995 -0.000690095 1 0.000564868 -0.0301628 -0.000754297 -0.000565384 1 2.651 
1 0.000222761 0.000347137 -0.0204773 -0.000222005 0.999998 -0.00215744 -0.0337181 -0.000347614 0.00215736 0.999998 2.61127 
1 -0.000351045 0.000697166 -0.0189819 0.000352979 0.999996 -0.00278642 -0.030283 -0.000696301 0.00278667 0.999996 2.63336 
1 0.000149254 -0.0003829 -0.00689697 -0.000149369 1 -0.00034803 -0.0337219 0.000382811 0.000348089 1 2.58411 
1 -0.000100736 0.000123471 -0.0405884 0.000100363 0.999996 0.00290818 -0.0308208 -0.000123799 -0.00290817 0.999996 2.6189 
1 0.000205643 0.000281602 -0.0535278 -0.000206158 0.999998 0.00186684 -0.0256824 -0.000281215 -0.0018669 0.999998 2.63171 
0.999999 -0.00102462 0.000320762 -0.0290527 0.0010247 0.999999 -0.00031513 -0.0266113 -0.000320256 0.000315441 1 2.63116 
1 -0.000520796 0.000448078 -0.00653076 0.000521317 0.999999 -0.00115492 -0.0285435 -0.000447452 0.00115518 0.999999 2.63977 
1 0.000157669 0.00033167 -0.0211029 -0.000157468 1 -0.000556083 -0.0334473 -0.000332028 0.000556035 1 2.64728 
0.999999 -0.00158898 0.000251949 -0.024292 0.00158879 0.999999 0.000679972 -0.0277443 -0.000253022 -0.000679575 1 2.64026 
0.999999 -0.00149537 -0.000270426 -0.00631714 0.00149576 0.999998 0.00143951 -0.0313339 0.00026834 -0.00143991 0.999999 2.63586 
0.999998 0.00166586 -0.000652611 -0.0050354 -0.00166523 0.999998 0.000959875 -0.0326023 0.000654191 -0.000958795 1 2.6637 
1 -0.000545733 -0.000129879 -0.0197906 0.00054574 1 -1.70916e-05 -0.0377254 0.000129849 1.70097e-05 1 2.64624 
1 -0.000577468 -0.000835776 -0.015152 0.000577778 1 0.00036874 -0.0291767 0.000835598 -0.00036921 1 2.65649 
0.999999 -0.000707664 -0.00102732 -0.00657654 0.000708889 0.999999 0.00119459 -0.0331459 0.00102651 -0.00119533 0.999999 2.64386 
0.999999 0.000925463 -0.000411302 -0.0230865 -0.000925228 0.999999 0.000593718 -0.0295448 0.000411838 -0.000593334 1 2.64624 
0.999998 0.0020898 -0.000330806 -0.0257263 -0.00208954 0.999997 0.000791498 -0.0335197 0.000332475 -0.000790793 1 2.64502 
0.999999 0.000421915 -0.00114256 -0.0197906 -0.000423342 0.999999 -0.00126652 -0.037056 0.00114202 0.00126701 0.999998 2.63171 
0.999998 -0.00171897 -0.00147748 -0.00769043 0.00171776 0.999998 -0.000816207 -0.0353127 0.00147885 0.000813665 0.999999 2.63055 
0.999999 -0.00140134 -0.000490665 -0.026535 0.00140119 0.999999 -0.000272298 -0.0406914 0.000491291 0.000271603 1 2.67407 
1 0.000380002 -0.000950724 -0.0140533 -0.000379052 1 0.00100161 -0.0319862 0.000950813 -0.00100124 0.999999 2.6236 
0.999999 -0.000180133 -0.0012483 -0.0132599 0.00018125 0.999999 0.000878181 -0.0275726 0.00124809 -0.00087841 0.999999 2.65405 
0.999999 -0.000355691 -0.000938475 -0.00997925 0.000354853 1 -0.00088669 -0.0308647 0.000938773 0.000886358 0.999999 2.63446 
1 0.000506852 -0.000535816 -0.0273743 -0.000507034 1 -0.000349712 -0.0329952 0.000535697 0.000349987 1 2.61835 
