1 0 0 0 0 1 0 -2.38e-07 0 0 1 0 
0.999996 -0.00243655 -0.00143683 -0.0046467 0.00244073 0.999993 0.0029125 -0.0162797 0.00142972 -0.00291599 0.999995 1.52088 
0.999999 -0.000458995 -0.00156839 0.00027307 0.000460376 0.999999 0.000879606 -0.0219935 0.00156799 -0.000880326 0.999998 1.51737 
0.999998 0.0010263 -0.00124001 -0.0170917 -0.00102677 0.999999 -0.000379958 -0.018906 0.00123961 0.00038123 0.999999 1.51533 
0.999999 0.000776381 -0.00170646 -0.00478946 -0.000776411 1 -1.66467e-05 -0.0233742 0.00170644 1.79724e-05 0.999999 1.50913 
0.999999 -0.000401209 -0.00144799 -0.00363862 0.000401395 1 0.000128545 -0.0185248 0.00144794 -0.000129126 0.999999 1.504 
0.999998 -0.000378383 -0.00197219 -0.0110873 0.000379645 1 0.000639725 -0.0210988 0.00197195 -0.000640472 0.999998 1.4981 
0.999998 -0.00160319 -0.0013363 -0.00372194 0.00160193 0.999998 -0.000948847 -0.0233217 0.00133782 0.000946705 0.999999 1.50035 
0.999998 -0.00123207 -0.00128272 -0.011235 0.00123236 0.999999 0.00022406 -0.0214835 0.00128244 -0.00022564 0.999999 1.49186 
0.999999 7.51968e-05 -0.00135504 0.00188449 -7.51662e-05 1 2.20779e-05 -0.0220131 0.00135504 -2.19757e-05 0.999999 1.4856 
1 0.000474734 -0.000728866 -0.0156908 -0.000474764 1 -4.02983e-05 -0.0165662 0.000728847 4.0645e-05 1 1.48585 
0.999998 0.00146684 -0.00127061 0.00791249 -0.00146611 0.999999 0.00056934 -0.0210076 0.00127144 -0.000567477 0.999999 1.47004 
0.999999 0.00136654 -0.000410289 -0.0151283 -0.0013663 0.999999 0.000591773 -0.0186013 0.000411098 -0.000591211 1 1.47163 
0.999999 0.000853962 -0.00075366 -0.000983305 -0.000853076 0.999999 0.00117373 -0.0273206 0.00075466 -0.00117308 0.999999 1.47443 
1 5.13657e-05 -0.000552464 -0.0065013 -5.14576e-05 1 -0.000165447 -0.0162148 0.000552457 0.000165473 1 1.45957 
1 0.000817416 -0.000516361 -0.00641852 -0.000817403 1 2.66074e-05 -0.0174675 0.000516392 -2.61865e-05 1 1.46054 
1 0.000430086 -2.10982e-05 -0.0084988 -0.000430071 1 0.000652477 -0.0232256 2.13757e-05 -0.000652467 1 1.45413 
0.999999 0.00093434 4.59719e-05 -0.00450969 -0.000934395 0.999999 0.0011779 -0.0205484 -4.4873e-05 -0.00117794 0.999999 1.44143 
1 0.000365482 -3.82233e-05 -0.00375452 -0.000365531 0.999999 -0.00132522 -0.0224468 3.77446e-05 0.00132524 0.999999 1.44363 
1 0.000486846 -4.54225e-05 -0.00976969 -0.000486944 0.999997 -0.00217335 -0.0167216 4.43663e-05 0.00217337 0.999997 1.42914 
0.999999 -0.0015989 0.00040891 -0.0029278 0.00159896 0.999999 -0.000142253 -0.0203344 -0.000408685 0.000142908 1 1.43407 
0.999999 -0.00124424 6.22384e-05 -0.00461155 0.00124405 0.999995 0.00292563 -0.0240683 -6.58762e-05 -0.00292555 0.999996 1.4107 
0.999999 -0.00139409 0.000390841 -0.00760856 0.00139363 0.999998 0.00117886 -0.0210398 -0.00039248 -0.00117831 0.999999 1.42638 
1 -0.00043985 0.000221802 -0.00514989 0.00044006 1 -0.000943009 -0.017828 -0.000221392 0.000943108 1 1.39079 
1 -0.000326617 0.000554884 -0.00703979 0.000327498 0.999999 -0.00158893 -0.0269763 -0.000554364 0.00158911 0.999999 1.40755 
0.999999 0.00139231 0.00050927 -0.00975498 -0.0013918 0.999999 -0.0010035 -0.0181482 -0.000510666 0.00100279 0.999999 1.35549 
1 6.34492e-05 0.000734089 -7.69272e-06 -6.29084e-05 1 -0.000737873 -0.0246612 -0.000734137 0.000737826 0.999999 1.36627 
0.999999 0.000534769 0.00119391 -0.00557441 -0.000536054 0.999999 0.00107665 -0.0214741 -0.00119334 -0.00107729 0.999999 1.33326 
0.999999 0.000456158 0.00158695 -0.00823489 -0.000459425 0.999998 0.00205968 -0.0224848 -0.00158601 -0.0020604 0.999997 1.33285 
0.999998 -0.00068064 0.00160866 -0.00459452 0.000678719 0.999999 0.00119464 -0.0246707 -0.00160947 -0.00119355 0.999998 1.29122 
0.999997 0.000653105 0.00228241 0.00164184 -0.000654358 1 0.000548285 -0.0237522 -0.00228206 -0.000549775 0.999997 1.27931 
0.999995 -6.93705e-05 0.00328658 -0.00487545 7.11101e-05 1 -0.000529009 -0.0226629 -0.00328654 0.000529236 0.999995 1.27429 
0.999993 -0.00102247 0.00365377 -0.00794035 0.00102899 0.999998 -0.00178343 -0.0259306 -0.00365194 0.00178718 0.999992 1.24116 
0.999994 -1.58073e-05 0.00347393 0.00528634 2.1568e-05 0.999999 -0.0016583 -0.0217311 -0.00347389 0.00165836 0.999993 1.22514 
0.999992 0.000674976 0.00385437 0.00103575 -0.000678222 0.999999 0.000841092 -0.0218874 -0.0038538 -0.0008437 0.999992 1.21144 
0.999985 -0.000488049 0.00540955 -0.00301516 0.000487992 1 1.20257e-05 -0.0227166 -0.00540955 -9.38633e-06 0.999985 1.23093 
0.999977 0.00173398 0.00653703 0.00644374 -0.00172546 0.999998 -0.00130992 -0.0143871 -0.00653929 0.00129861 0.999978 1.17733 
0.999971 0.00126317 0.00753125 -0.00213981 -0.0012627 0.999999 -6.65821e-05 -0.0161257 -0.00753133 5.70705e-05 0.999972 1.19998 
0.999966 0.00120442 0.00818572 0.00660491 -0.00121222 0.999999 0.000947889 -0.0168864 -0.00818457 -0.000957779 0.999966 1.19047 
0.999942 0.00238726 0.0104883 0.00211573 -0.0023983 0.999997 0.00104065 -0.0214432 -0.0104858 -0.00106574 0.999945 1.17049 
0.999915 0.00213519 0.0128394 0.0010016 -0.00213245 0.999998 -0.000227166 -0.0172927 -0.0128399 0.000199767 0.999918 1.12638 
0.99989 0.0017212 0.014743 0.00462341 -0.00172856 0.999998 0.000486725 -0.0177701 -0.0147421 -0.000512155 0.999891 1.13461 
0.999862 0.00283201 0.0163451 0.00634718 -0.00285652 0.999995 0.00147656 -0.0189016 -0.0163409 -0.00152305 0.999865 1.1191 
0.99984 0.000333675 0.0179001 0.0111251 -0.000352339 0.999999 0.00103961 -0.0173712 -0.0178997 -0.00104575 0.999839 1.11324 
0.999817 -0.000288259 0.0191359 0.0125737 0.000297905 1 -0.000501159 -0.0212615 -0.0191358 0.000506768 0.999817 1.10351 
0.999793 -0.00107773 0.0203199 0.0212955 0.00109586 0.999999 -0.000881145 -0.0101233 -0.0203189 0.00090323 0.999793 1.10664 
0.999768 -0.00300015 0.0213367 0.0138025 0.00299547 0.999995 0.000251159 -0.0235726 -0.0213374 -0.000187186 0.999772 1.05067 
0.999754 -0.00471998 0.0216596 0.0286093 0.00466948 0.999986 0.00238147 -0.0136702 -0.0216705 -0.00227975 0.999763 1.05554 
0.9997 -0.00508018 0.0239735 0.0177345 0.00504313 0.999986 0.00160586 -0.0212666 -0.0239812 -0.00148448 0.999711 1.06235 
0.999692 -0.00562832 0.0241871 0.0344496 0.00564585 0.999984 -0.000656834 -0.0176902 -0.024183 0.000793191 0.999707 1.04414 
0.999639 -0.00618846 0.0261513 0.0284805 0.00623438 0.999979 -0.00167446 -0.0219231 -0.0261404 0.00183689 0.999656 1.02066 
0.999624 -0.00377018 0.027155 0.0360565 0.00375754 0.999993 0.000516482 -0.0130008 -0.0271567 -0.000414252 0.999631 1.02234 
0.999587 -0.00183493 0.0286843 0.0231705 0.00177935 0.999996 0.00196308 -0.0187746 -0.0286879 -0.00191123 0.999587 1.00752 
0.999565 -0.00407542 0.029217 0.0317898 0.0040114 0.999989 0.0022496 -0.0134984 -0.0292259 -0.00213142 0.999571 1.00673 
0.999527 -0.0033461 0.0305701 0.0342178 0.00337333 0.999994 -0.000839489 -0.0212985 -0.0305671 0.000942211 0.999532 0.983444 
0.999508 -0.000772174 0.0313488 0.0286694 0.000913665 0.999989 -0.00449914 -0.0172454 -0.0313451 0.00452557 0.999498 0.974609 
0.999503 -0.00454012 0.0311826 0.0416775 0.00472488 0.999972 -0.00585356 -0.0205787 -0.0311551 0.00599799 0.999497 0.952911 
0.999486 -0.00388308 0.0318194 0.0378094 0.00398664 0.999987 -0.00319229 -0.0136115 -0.0318065 0.0033175 0.999488 0.958122 
0.999447 0.000569191 0.0332565 0.032629 -0.000647419 0.999997 0.00234128 -0.012761 -0.0332551 -0.00236151 0.999444 0.95771 
0.999346 0.00368405 0.0359662 0.0352135 -0.00382896 0.999985 0.0039608 -0.00966948 -0.035951 -0.00409592 0.999345 0.959534 
0.999326 0.00155835 0.0366828 0.0243454 -0.00167955 0.999993 0.00327359 -0.0205672 -0.0366775 -0.00333299 0.999322 0.958 
0.999288 0.00369555 0.0375342 0.0341721 -0.00348923 0.999979 -0.00556075 -0.0211931 -0.0375539 0.00542582 0.99928 0.933456 
0.999318 0.0026186 0.0368364 0.0288315 -0.00231977 0.999964 -0.00815231 -0.0104104 -0.0368564 0.0080613 0.999288 0.931427 
0.999349 0.000934158 0.036083 0.0322876 -0.000837401 0.999996 -0.00269669 -0.00714283 -0.0360854 0.00266472 0.999345 0.929237 
0.999351 -0.00110802 0.0359937 0.0345459 0.00102496 0.999997 0.00232615 -0.00548154 -0.035996 -0.00228775 0.999349 0.934898 
0.999346 -0.000528329 0.036144 0.0356865 0.000516383 1 0.00033987 -0.018785 -0.0361442 -0.000320986 0.999347 0.918755 
0.999357 -0.000504195 0.0358485 0.0342102 0.000635487 0.999993 -0.00365113 -0.0135452 -0.0358464 0.00367157 0.99935 0.917484 
0.999376 -0.000287652 0.0353087 0.0503807 0.000397423 0.999995 -0.00310194 -0.00927059 -0.0353077 0.00311404 0.999372 0.904106 
0.999327 0.00231269 0.0366013 0.016098 -0.00224842 0.999996 -0.00179678 -0.00694755 -0.0366052 0.00171328 0.999328 0.923065 
0.999347 0.000404637 0.0361305 0.0323448 -0.000334628 0.999998 -0.00194366 -0.0110427 -0.0361311 0.0019303 0.999345 0.90765 
0.99934 0.00159593 0.0362803 0.0207634 -0.00136014 0.999978 -0.00652302 -0.0168981 -0.03629 0.00646937 0.99932 0.918556 
0.999337 0.00157865 0.0363614 0.0396919 -0.00118977 0.999942 -0.0107139 -0.00425833 -0.0363762 0.0106636 0.999281 0.910137 
0.999313 0.00240778 0.0369763 0.0211258 -0.00209543 0.999962 -0.00848368 -0.00584769 -0.0369951 0.00840038 0.99928 0.926544 
0.999323 0.00379946 0.0365919 0.0329781 -0.00367178 0.999987 -0.00355601 -0.00256383 -0.036605 0.00341924 0.999324 0.915524 
0.999305 0.00278188 0.0371836 0.025032 -0.00285798 0.999994 0.00199357 -0.00115371 -0.0371779 -0.00209845 0.999306 0.95689 
0.999301 0.00549145 0.0369809 0.0290146 -0.00564217 0.999976 0.00397274 -0.00390124 -0.0369582 -0.00417861 0.999308 0.944553 
0.999279 0.00509897 0.037636 0.0213318 -0.00514041 0.999986 0.00100454 -0.0124256 -0.0376303 -0.00119729 0.999291 0.951118 
0.999247 0.00828659 0.0379085 0.0209274 -0.00828806 0.999966 -0.000118283 -0.00662781 -0.0379082 -0.000195988 0.999281 0.943398 
0.999261 0.00551798 0.0380358 0.0229034 -0.00552385 0.999985 4.93409e-05 -0.00877309 -0.038035 -0.000259406 0.999276 0.970421 
0.999277 0.00337532 0.0378607 0.028038 -0.00344351 0.999993 0.00173599 -0.00526983 -0.0378546 -0.00186511 0.999281 0.948803 
0.999285 0.0017147 0.0377711 0.0324402 -0.00174849 0.999998 0.000861723 -0.00723732 -0.0377694 -0.000927151 0.999286 0.972111 
0.999329 -0.000565117 0.0366149 0.0381012 0.000546958 1 0.000505897 -0.00690591 -0.0366152 -0.000485537 0.999329 0.992645 
0.999343 -0.0013232 0.0362156 0.0377731 0.0012941 0.999999 0.000826926 -0.000801325 -0.0362167 -0.000779513 0.999344 0.969398 
0.999359 -0.00756723 0.0349899 0.0511017 0.00757379 0.999971 -5.46352e-05 -0.00892937 -0.0349885 0.000319608 0.999388 0.983231 
0.999419 -0.00165759 0.0340554 0.0290985 0.00177672 0.999993 -0.00346804 -0.0144575 -0.0340494 0.00352653 0.999414 1.00716 
0.999454 -0.000138054 0.0330446 0.0321121 0.000301921 0.999988 -0.00495401 -0.00559503 -0.0330435 0.00496128 0.999442 0.975937 
0.999553 -0.00573316 0.0293445 0.0411072 0.00585899 0.999974 -0.00420396 -0.00657985 -0.0293197 0.00437401 0.999561 0.974144 
0.999681 -0.000612749 0.0252338 0.0304947 0.000579642 0.999999 0.00131953 0.00365794 -0.0252345 -0.00130449 0.999681 1.04951 
0.99975 -0.000846987 0.0223351 0.026207 0.000779361 0.999995 0.0030362 -0.00430176 -0.0223376 -0.00301802 0.999746 0.996796 
0.999824 0.000376562 0.0187699 0.0180588 -0.000428352 0.999996 0.00275524 -0.0101635 -0.0187688 -0.00276281 0.99982 0.999134 
0.999856 -0.00103211 0.0169144 0.0103531 0.00108896 0.999994 -0.00335266 -0.0102608 -0.0169109 0.00337061 0.999851 1.04664 
0.999892 -0.00219819 0.0145558 0.0217819 0.00225945 0.999989 -0.00419399 -0.0044736 -0.0145464 0.00422643 0.999885 0.999628 
0.999914 -0.00435068 0.0123223 0.0165787 0.00440622 0.99998 -0.00448377 -0.0132737 -0.0123025 0.00453769 0.999914 0.995974 
0.999949 -0.00457338 0.00905287 0.0125351 0.00460733 0.999983 -0.00373187 -0.00349891 -0.00903563 0.00377338 0.999952 1.03453 
0.999975 -0.00329986 0.00626045 0.00790405 0.0033328 0.999981 -0.00525859 -0.00662458 -0.00624297 0.00527932 0.999967 1.00145 
0.999992 -0.00200095 0.00352599 0.00930786 0.00201639 0.999989 -0.00438066 -0.0113845 -0.00351719 0.00438774 0.999984 1.01561 
0.999994 -0.00214215 0.00282139 0.00475311 0.00215304 0.99999 -0.00386378 -0.00821495 -0.00281309 0.00386983 0.999989 1.0151 
0.999996 -0.000645975 0.00270874 0.00652313 0.000653137 0.999996 -0.00264622 -0.0100896 -0.00270698 0.00264797 0.999993 1.02065 
0.999996 -0.00059478 0.00290004 -0.00498199 0.000604499 0.999994 -0.00335247 -0.00897264 -0.00289803 0.00335421 0.99999 1.01316 
0.999997 -0.00149098 0.00152713 0.0146942 0.00149711 0.999991 -0.00402283 -0.000303984 -0.00152116 0.00402513 0.999991 1.01367 
0.999993 -0.00249308 0.00265858 0.00182343 0.0024961 0.999996 -0.00113351 -0.00535893 -0.00265574 0.00114012 0.999996 1.02196 
0.999997 -2.42144e-05 0.00227553 -0.00649261 2.13422e-05 0.999999 0.00126148 -0.00994015 -0.00227558 -0.00126143 0.999997 1.03429 
0.999998 0.000475535 0.00203271 0.00221252 -0.00047577 1 0.000113602 -0.000146627 -0.00203265 -0.000114588 0.999998 1.03255 
0.999998 0.000539178 0.00208508 0.00237274 -0.000536334 0.999999 -0.00136633 -0.00347733 -0.00208583 0.00136521 0.999997 1.02903 
0.999998 0.000319144 0.0021128 0.0118408 -0.000314301 0.999997 -0.00229287 -0.0115676 -0.00211354 0.0022922 0.999995 1.046 
0.999995 0.00191246 0.00237004 0.000144958 -0.00190757 0.999996 -0.00206381 -0.0114825 -0.00237399 0.00205929 0.999995 1.03975 
0.999994 0.00241604 0.00235489 -0.00186157 -0.00240664 0.999989 -0.00398348 -0.00853467 -0.00236449 0.00397776 0.999989 1.03746 
0.999991 0.00372996 0.00204623 -0.0085907 -0.00372015 0.999981 -0.00477623 -0.000958204 -0.00206401 0.00476859 0.999986 1.04834 
0.999994 0.00266705 0.00237812 0.00328064 -0.00266055 0.999993 -0.00273462 -0.000647783 -0.00238539 0.00272828 0.999994 1.05617 
0.999993 0.00234217 0.0030247 -0.00766754 -0.00234616 0.999996 0.00131776 -0.00245738 -0.00302161 -0.00132486 0.999995 1.04865 
0.999993 0.0030049 0.00223941 0.00563049 -0.00301309 0.999989 0.00366355 -0.00044775 -0.00222837 -0.00367027 0.999991 1.07995 
0.999997 -0.000104348 0.00247286 -0.00411987 0.000100158 0.999999 0.00169546 -0.00559855 -0.00247305 -0.00169522 0.999996 1.06044 
0.999997 0.000587584 0.00239114 -0.0108109 -0.000587602 1 6.6529e-06 -0.0165076 -0.00239113 -8.05478e-06 0.999997 1.04359 
0.999999 -0.000561371 0.000884578 0.00577545 0.000564117 0.999995 -0.00311202 -0.000472784 -0.000882834 0.00311255 0.999995 1.08728 
1 -0.000575817 0.00064864 0.00152588 0.000577721 0.999995 -0.00294099 -0.00079751 -0.000646934 0.00294136 0.999996 1.07976 
0.999999 0.00102341 5.81816e-05 0.00202179 -0.00102337 0.999999 -0.000704065 -0.00614691 -5.89043e-05 0.000703985 1 1.07052 
0.999995 0.00313031 0.00026352 -0.0158005 -0.00313061 0.999994 0.0011324 -0.00654483 -0.000259958 -0.00113322 0.999999 1.06951 
0.999994 0.00337537 -0.000489004 -0.00630951 -0.00337521 0.999994 0.000333177 -0.00541258 0.000490144 -0.000331504 1 1.06882 
0.999992 0.00399882 -0.00048314 -0.00605011 -0.00399972 0.99999 -0.00189349 -0.0048126 0.000475533 0.00189537 0.999998 1.09006 
0.999992 0.00404734 -0.000184335 -0.00920868 -0.00404749 0.999991 -0.000817268 -0.00285232 0.000181027 0.000818011 1 1.08847 
0.999994 0.00353758 0.000464104 -0.00956726 -0.00353794 0.999993 0.000780208 -0.0128887 -0.00046134 -0.000781825 1 1.09064 
1 -0.000577628 0.000171684 -0.00374603 0.000576738 0.999987 0.00516303 -0.000148475 -0.000174679 -0.00516294 0.999987 1.10643 
0.999995 -0.00309377 0.000778362 -0.00636292 0.00308695 0.999958 0.00861478 0.00276482 -0.000804991 -0.00861235 0.999963 1.10528 
0.999981 -0.00613476 7.44984e-05 0.00209808 0.00613414 0.99996 0.00654248 -0.0130753 -0.00011465 -0.00654188 0.999979 1.10708 
0.999962 -0.00864736 -0.000542238 0.0183258 0.00864657 0.999962 -0.00143888 -0.00494969 0.000554711 0.00143413 0.999999 1.11563 
0.999983 -0.00568357 -0.000933789 0.00326538 0.00567868 0.99997 -0.0051643 -0.00362718 0.000963129 0.00515892 0.999986 1.09905 
0.999994 -0.00352909 -0.00047645 0.00175476 0.00352674 0.999982 -0.00483424 -0.00979805 0.000493497 0.00483252 0.999988 1.11672 
1 -0.000356611 -0.000241607 -0.0134354 0.000355482 0.999989 -0.00465356 -0.00344729 0.000243224 0.00465349 0.999989 1.09663 
0.999994 0.00326084 -0.000744149 -0.007164 -0.00325927 0.999992 0.00210285 0.00490665 0.000751011 -0.00210043 0.999997 1.12902 
1 0.000262115 -2.65464e-05 -0.0148239 -0.000261987 0.99999 0.00445987 -0.00615144 2.77162e-05 -0.00445988 0.99999 1.10924 
0.999998 0.00187499 -0.000794113 0.014061 -0.00187341 0.999996 0.0019954 -0.0040288 0.000797823 -0.00199386 0.999998 1.17841 
0.999998 0.00200272 -0.000236861 -0.00789642 -0.00200301 0.999997 -0.00129019 -0.000698805 0.000234269 0.00129063 0.999999 1.13697 
0.999998 -0.00198243 0.000124887 -0.0137558 0.00198295 0.999989 -0.00430644 -0.0221064 -0.000116356 0.00430668 0.999991 1.12863 
0.999999 0.000807561 -0.00137288 0.0170517 -0.000811545 0.999995 -0.00290577 0.00562882 0.00137051 0.00290686 0.999995 1.16265 
1 -4.315e-05 -0.00106382 0.00308228 4.44129e-05 0.999999 0.00118672 0.00114417 0.00106376 -0.00118677 0.999999 1.16103 
0.999999 -0.0014155 0.000579178 -0.0135956 0.00141122 0.999972 0.00730914 -0.00855589 -0.000589475 -0.0073083 0.999973 1.15757 
0.999999 0.00101636 0.000170276 0.00125122 -0.00101653 0.999999 0.00106855 -0.000738144 -0.000169203 -0.00106873 0.999999 1.17612 
0.999996 0.00290712 -0.000341855 -0.0173492 -0.0029082 0.999991 -0.00318326 -0.00687146 0.000332616 0.00318425 0.999995 1.16299 
1 0.000129309 -7.22259e-05 -0.00649261 -0.000129548 0.999995 -0.00331944 -0.000609517 7.1831e-05 0.00331945 0.999995 1.18507 
1 0.00113713 0.000185058 -0.0099411 -0.00113719 0.999999 0.000297222 -0.00149083 -0.000184715 -0.000297427 1 1.18081 
1 -0.000157419 -0.00070703 0.00312042 0.000159889 0.999994 0.00349055 -0.00263643 0.000706472 -0.00349067 0.999994 1.19876 
0.999999 0.000566758 -0.000890717 -0.00284576 -0.000565656 0.999999 0.00123852 -0.00922918 0.00089144 -0.00123802 0.999999 1.20385 
0.999998 -0.00140651 -0.00115094 -0.00491333 0.00140635 0.999999 -0.000142803 -0.00646091 0.00115111 0.000141178 0.999999 1.19798 
0.999996 -0.0025837 -0.00107484 0.00289154 0.00258361 0.999997 -8.11007e-05 -0.00593579 0.00107504 7.83193e-05 0.999999 1.20473 
1 4.05908e-05 -0.000958368 0.00201416 -4.03821e-05 1 0.000219142 0.00157583 0.000958368 -0.000219092 1 1.20794 
0.999999 -0.00118867 -0.00121871 -0.00403595 0.00118791 0.999999 -0.000628178 -0.00477695 0.00121947 0.00062671 0.999999 1.21059 
0.999999 0.00061856 -0.00123442 -0.00804901 -0.000616305 0.999998 0.00182606 -0.00710869 0.00123552 -0.00182528 0.999998 1.2028 
0.999999 0.00112234 -0.00124373 0.00258636 -0.00112093 0.999999 0.00112851 -0.008255 0.00124501 -0.00112712 0.999999 1.24256 
0.999998 -0.00111465 -0.001522 -0.00493622 0.00111508 1 0.000280667 0.000583887 0.00152169 -0.000282374 0.999999 1.2223 
0.999995 0.00164639 -0.00261471 0.00253296 -0.00164858 0.999998 -0.000839455 -0.00881922 0.00261331 0.000843764 0.999996 1.24136 
1 -1.51871e-05 -0.000309408 -0.0118942 1.44113e-05 0.999997 -0.00250264 -0.00470471 0.000309423 0.00250261 0.999997 1.23544 
0.999996 0.00257911 -0.00106243 -0.0124054 -0.00257812 0.999996 0.000936822 -0.000406146 0.00106486 -0.000934066 0.999999 1.22827 
0.999995 0.00294124 -0.00100139 -0.00431824 -0.00294012 0.999995 0.00112201 -0.0115192 0.0010047 -0.00111906 0.999999 1.25868 
0.999996 0.0027375 -0.00015258 -0.00778198 -0.0027377 0.999995 -0.0013323 -0.00321651 0.000148922 0.0013327 0.999999 1.24838 
0.999996 0.00286337 -0.00032562 0.00132751 -0.00286327 0.999996 0.000314134 -0.00550771 0.000326514 -0.00031316 1 1.23399 
0.999995 0.00291888 0.000970058 -0.00588226 -0.00292121 0.999993 0.0024072 -0.0066632 -0.000963025 -0.00241003 0.999997 1.25362 
0.999998 0.00203672 0.00104786 -0.00634766 -0.0020379 0.999997 0.00112676 -0.00533193 -0.00104558 -0.00112889 0.999999 1.2739 
0.999996 0.00230449 0.00187393 -0.0161667 -0.00230533 0.999997 0.000449474 -0.0050616 -0.0018729 -0.000453799 0.999998 1.27251 
1 -0.000417873 0.00101929 0.0075531 0.000417566 1 0.00029779 -0.0176072 -0.00101943 -0.000297353 1 1.25908 
0.999997 0.000739781 0.00242621 -0.00437164 -0.000742655 0.999999 0.00118385 -0.00371912 -0.00242531 -0.00118565 0.999996 1.26616 
0.999988 0.00370511 0.00313713 -0.00940704 -0.00371912 0.999983 0.00447185 -0.00794744 -0.00312052 -0.00448347 0.999985 1.28011 
0.99999 0.00117199 0.00424299 0.00062561 -0.00117085 0.999999 -0.000269914 -0.00417805 -0.0042433 0.000264955 0.999991 1.26869 
0.999976 0.00448315 0.00517944 7.62939e-06 -0.00444939 0.999969 -0.00650981 -0.0132521 -0.00520848 0.00648661 0.999965 1.25144 
0.999972 -0.000188218 0.00742245 -0.00312805 0.000210612 0.999995 -0.00301683 -0.00799167 -0.00742187 0.00301829 0.999968 1.23316 
0.999961 -0.0014703 0.0087323 0.0167465 0.00143425 0.99999 0.0041331 -0.00359577 -0.0087382 -0.00412042 0.999953 1.27217 
0.99994 -0.0015662 0.0108253 0.0130386 0.0015437 0.999997 0.00208644 -0.00844777 -0.0108285 -0.00206961 0.999939 1.24539 
0.999911 0.000555271 0.0133313 0.00714111 -0.000546709 1 -0.000645906 -0.0159485 -0.0133318 0.000638558 0.999911 1.24016 
0.999899 -0.0013059 0.0141448 0.0179138 0.00130382 0.999999 0.000156699 -0.0101227 -0.014145 -0.000138246 0.9999 1.24224 
0.999886 0.000805959 0.0150805 0.00183105 -0.000831961 0.999998 0.00171808 -0.00517321 -0.015079 -0.00173043 0.999885 1.25154 
0.999873 -0.00344309 0.0155566 0.02285 0.00347097 0.999993 -0.00176529 -0.015303 -0.0155504 0.00181906 0.999878 1.22879 
0.999873 0.00134277 0.0158666 0.00689697 -0.00128117 0.999992 -0.00389216 -0.0104994 -0.0158717 0.00387131 0.999867 1.20562 
0.999874 0.00158674 0.0157837 0.011734 -0.00151764 0.999989 -0.00438929 -0.00923336 -0.0157904 0.00436481 0.999866 1.20064 
0.999866 0.00433743 0.0157796 0.0107651 -0.00435217 0.99999 0.000899813 -0.00850484 -0.0157756 -0.000968338 0.999875 1.21867 
0.99984 0.0066685 0.0165775 -0.00166321 -0.00674067 0.999968 0.00430147 -0.0107013 -0.0165482 -0.00441253 0.999853 1.20181 
0.999858 0.00495814 0.016119 -0.00260162 -0.00500031 0.999984 0.00257704 -0.00360179 -0.016106 -0.00265729 0.999867 1.23843 
0.999872 0.00307226 0.0157182 0.00598145 -0.00303835 0.999993 -0.00218033 -0.0130334 -0.0157247 0.00213228 0.999874 1.19995 
0.999891 0.000414014 0.0147903 0.0142441 -0.000374794 0.999996 -0.00265434 -0.00577569 -0.0147914 0.00264851 0.999887 1.21639 
0.99989 -0.000308821 0.0148433 0.00813293 0.000342177 0.999997 -0.0022445 -0.00993872 -0.0148425 0.00224934 0.999887 1.19965 
0.999883 -0.00129788 0.0152701 0.0110397 0.00128331 0.999999 0.000963883 -0.0163713 -0.0152714 -0.000944191 0.999883 1.20519 
0.999889 0.00148148 0.0147924 0.00943756 -0.00150717 0.999997 0.0017262 -0.0103772 -0.0147899 -0.00174828 0.999889 1.20275 
0.999876 0.00104745 0.0157014 0.0118179 -0.00106122 0.999999 0.000868713 -0.0131192 -0.0157006 -0.000885285 0.999876 1.21297 
0.999871 0.00246304 0.0159008 0.00871277 -0.00242288 0.999994 -0.0025448 -0.0124807 -0.015907 0.00250594 0.99987 1.18943 
0.999867 0.00023012 0.0163156 0.00518799 -0.000193069 0.999997 -0.00227182 -0.00926805 -0.016316 0.00226838 0.999864 1.18712 
0.99987 -3.97153e-05 0.0161152 0.011673 7.02292e-05 0.999998 -0.00189336 -0.00719213 -0.0161152 0.00189424 0.999868 1.19923 
0.99987 -0.0015894 0.0160573 0.0197754 0.00162408 0.999996 -0.0021464 -0.00801039 -0.0160539 0.00217221 0.999869 1.208 
0.999862 0.00151439 0.0165595 0.00747681 -0.00144356 0.99999 -0.00428915 -0.00930381 -0.0165658 0.00426465 0.999854 1.1944 
0.99986 0.00105843 0.0166764 0.0174103 -0.00100919 0.999995 -0.00296098 -0.00598574 -0.0166795 0.00294372 0.999856 1.20401 
0.999847 0.00275049 0.0172827 0.0078125 -0.00277867 0.999995 0.00160648 -0.00208616 -0.0172782 -0.00165422 0.999849 1.21356 
0.999831 0.00419187 0.0179241 0.00872803 -0.00424215 0.999987 0.00276827 -0.00425553 -0.0179123 -0.00284384 0.999836 1.219 
0.999827 0.00198314 0.0184963 0.0102844 -0.00195669 0.999997 -0.00144853 -0.0046351 -0.0184991 0.00141209 0.999828 1.22536 
0.999828 0.00254426 0.0183748 0.0119629 -0.00253301 0.999997 -0.000635225 -0.000854731 -0.0183764 0.000588601 0.999831 1.23335 
0.999823 0.00200453 0.0187012 0.0183258 -0.00200219 0.999998 -0.00014394 -0.00238252 -0.0187015 0.000106463 0.999825 1.23197 
0.999824 0.00308302 0.0185151 0.0019989 -0.00306436 0.999995 -0.00103556 -0.00802231 -0.0185181 0.000978634 0.999828 1.24187 
0.999826 0.00197493 0.018565 0.0165405 -0.00196477 0.999998 -0.000565931 -0.00425196 -0.0185662 0.000529354 0.999828 1.23512 
0.999834 0.00125954 0.0181546 0.0201874 -0.00129158 0.999998 0.0017526 0.00237226 -0.0181524 -0.00177575 0.999834 1.25795 
0.999828 0.00127637 0.0184965 0.014328 -0.00134015 0.999993 0.00343667 -0.00653505 -0.0184921 -0.00346086 0.999823 1.25114 
0.999821 0.00132084 0.0188855 0.0149536 -0.00135126 0.999998 0.00159827 -0.00508833 -0.0188836 -0.0016235 0.99982 1.2627 
0.999832 0.00181009 0.0182662 0.0198975 -0.00181299 0.999998 0.000141319 -0.00255489 -0.0182658 -0.000174403 0.999833 1.25577 
0.999804 0.00308406 0.0195525 0.00260925 -0.00301469 0.999989 -0.00357541 -0.0124488 -0.0195632 0.00351575 0.999802 1.26324 
0.999793 0.00369279 0.0199939 0.00997925 -0.00364659 0.999991 -0.00234689 -0.00533009 -0.0200025 0.0022735 0.999797 1.26442 
0.999768 0.00379691 0.0211886 0.00518799 -0.00382056 0.999992 0.00107681 -0.00387287 -0.0211842 -0.0011575 0.999775 1.27366 
0.999743 0.00525297 0.0220481 0.0088501 -0.00537102 0.999972 0.0052988 -0.00375652 -0.0220197 -0.00541587 0.999743 1.27605 
0.999723 0.00287861 0.0233521 0.0132751 -0.00289563 0.999996 0.000695128 -0.00430775 -0.0233499 -0.000762563 0.999727 1.2914 
0.99968 0.00336478 0.0250875 0.0124359 -0.00337014 0.999994 0.000171464 -0.00592041 -0.0250869 -0.000255946 0.999685 1.28981 
0.999665 0.00528593 0.0253481 0.0131683 -0.00528437 0.999986 -0.00012885 -0.00449944 -0.0253483 -5.126e-06 0.999679 1.29175 
0.999682 0.00131688 0.0251884 0.0165558 -0.00134864 0.999998 0.00124447 -0.00919724 -0.0251866 -0.00127804 0.999682 1.29139 
0.999693 -0.000115644 0.0247725 0.0243225 0.00019525 0.999995 -0.00321086 -0.00371552 -0.0247719 0.0032147 0.999688 1.2927 
0.999697 -0.00251677 0.0244708 0.022934 0.00244977 0.999993 0.00276763 -0.00893497 -0.0244776 -0.00270686 0.999697 1.29267 
0.999693 -0.00087937 0.024767 0.0035553 0.000859138 0.999999 0.00082697 -0.0125952 -0.0247677 -0.000805423 0.999693 1.30334 
0.999694 0.000241231 0.0247432 0.0197296 -0.000183694 0.999997 -0.00232688 -0.00954533 -0.0247437 0.00232163 0.999691 1.29206 
0.999698 0.00136695 0.0245548 0.0135956 -0.00126355 0.99999 -0.00422631 -0.0112963 -0.0245601 0.00419401 0.999689 1.29021 
0.999708 -0.00068916 0.0241581 0.0181732 0.00067471 1 0.000606 -0.00839329 -0.0241587 -0.00058952 0.999708 1.30184 
0.999753 0.000726882 0.0222248 0.0213165 -0.000778325 0.999997 0.0023051 -0.00389194 -0.022223 -0.00232187 0.99975 1.2935 
0.99978 -0.0011989 0.0209374 0.019455 0.00123112 0.999998 -0.0015249 -0.00897598 -0.0209356 0.00155038 0.99978 1.29261 
0.99981 -0.00115532 0.0194867 0.0196686 0.001231 0.999992 -0.00387182 -0.00504684 -0.019482 0.00389504 0.999803 1.27876 
0.999814 0.00356815 0.0189598 0.0115204 -0.00354081 0.999993 -0.0014758 -0.00786018 -0.018965 0.00140841 0.999819 1.28729 
0.999832 0.00267013 0.0181523 0.0045929 -0.00268579 0.999996 0.000838637 -0.00976658 -0.0181501 -0.000887237 0.999835 1.28916 
0.999865 0.00235541 0.0162435 0.0100708 -0.00235195 0.999997 -0.000232168 -0.00873661 -0.0162439 0.000193924 0.999868 1.29041 
0.999878 0.00186126 0.0155057 0.0122375 -0.00187142 0.999998 0.00064192 -0.00959396 -0.0155047 -0.00067085 0.99988 1.29781 
0.99988 0.00228858 0.0152974 0.00708008 -0.00230064 0.999997 0.000771031 -0.00796413 -0.0152955 -0.000806138 0.999883 1.28163 
0.999898 0.00380246 0.0137314 0.0151215 -0.00385636 0.999985 0.00389992 -0.00872135 -0.0137164 -0.00395248 0.999898 1.33524 
0.999905 0.00223087 0.0135754 -0.00158691 -0.00227322 0.999993 0.00310519 -0.00502396 -0.0135683 -0.00313573 0.999903 1.28856 
0.999927 -0.00190574 0.0119013 0.00317383 0.00186858 0.999993 0.00313368 -0.00171185 -0.0119072 -0.00311121 0.999924 1.31326 
0.999954 -0.0034943 0.00897524 0.0104218 0.00350902 0.999993 -0.00162556 -0.0102139 -0.00896946 0.00165699 0.999958 1.28879 
0.999963 -0.00481308 0.00711313 0.00379944 0.00482452 0.999987 -0.00159212 -0.0111818 -0.00710541 0.00162639 0.999973 1.30314 
0.99998 -0.00328668 0.00534585 0.00933838 0.00329938 0.999992 -0.00236962 -0.0111113 -0.00533798 0.0023872 0.999983 1.28958 
0.99998 0.00290517 0.00556922 -0.0068512 -0.00291548 0.999994 0.0018422 -0.0151024 -0.00556386 -0.0018584 0.999983 1.28992 
0.999966 0.00667979 0.00491193 -0.00965881 -0.00669479 0.999973 0.00304468 3.91006e-05 -0.00489154 -0.00307745 0.999983 1.29934 
0.999974 0.00497617 0.00521719 -0.0130463 -0.00498754 0.999985 0.00216845 -0.00834751 -0.00520638 -0.00219445 0.999984 1.31599 
0.999958 0.00780678 0.00466362 -0.00746155 -0.00779711 0.999967 -0.00208879 -0.00109959 -0.00467974 0.00205235 0.999987 1.29079 
0.999988 0.00317552 0.00368559 -0.00827026 -0.00316671 0.999992 -0.00239457 -0.0107899 -0.00369325 0.0023829 0.99999 1.30667 
0.999998 0.000586784 0.00179112 0.0017395 -0.000583032 0.999997 -0.00209362 -0.00982571 -0.00179231 0.00209258 0.999996 1.28935 
1 -0.000239737 0.000455469 0.00430298 0.00024073 0.999998 -0.00217044 -0.00757885 -0.000454962 0.00217054 0.999998 1.31462 
0.999999 -0.00170547 3.92497e-05 -0.00718689 0.00170555 0.999996 -0.0021427 -0.00590611 -3.55542e-05 0.00214277 0.999998 1.27706 
0.999997 -0.00143505 -0.0019542 0.00531006 0.00143219 0.999998 -0.00146764 -0.00777531 0.00195628 0.00146487 0.999997 1.30178 
1 -0.000566144 -0.000125408 -0.0154266 0.000565922 0.999998 -0.00181556 -0.0107651 0.000126481 0.00181549 0.999998 1.27914 
0.999995 -0.0013779 -0.00295967 0.00117493 0.00137916 0.999999 0.000424944 -0.00638866 0.00295907 -0.000429057 0.999996 1.29573 
0.999997 0.000549471 -0.00231794 -0.00920105 -0.000549685 1 -9.14335e-05 -0.0108833 0.00231794 9.27001e-05 0.999997 1.28905 
0.99999 0.0012342 -0.00431472 -0.0114136 -0.00123545 0.999999 -0.000286415 -0.00833702 0.00431433 0.000291772 0.999991 1.27777 
0.999991 0.000623111 -0.00408924 -0.0229187 -0.000611741 0.999996 0.00278023 -0.0133591 0.00409102 -0.00277775 0.999988 1.26904 
0.999979 0.000759454 -0.00641531 -0.0112 -0.00074097 0.999996 0.00288368 -0.0117435 0.00641745 -0.00287885 0.999975 1.27839 
0.99997 0.00214246 -0.00747722 -0.00952148 -0.00212383 0.999995 0.00249787 -0.0050993 0.00748259 -0.00248193 0.999969 1.26707 
0.999968 -0.0023063 -0.00770274 -0.0105286 0.00230605 0.999997 -4.12911e-05 -0.00928688 0.00770289 2.35215e-05 0.99997 1.27188 
0.99996 -0.000530787 -0.00899094 -0.00996399 0.000531638 1 9.26182e-05 -0.0159054 0.00899091 -9.73865e-05 0.99996 1.25903 
0.99995 -0.00163577 -0.00989622 -0.0177917 0.00160769 0.999995 -0.00284456 -0.00871181 0.00990075 0.00282851 0.999947 1.2476 
0.999935 -0.00193925 -0.0111952 -0.0118866 0.00194607 0.999998 0.000597835 -0.00629139 0.0111941 -0.000619568 0.999937 1.27267 
0.999915 -0.0028901 -0.012703 -0.0157318 0.00287855 0.999995 -0.000927687 -0.0109758 0.0127056 0.000891022 0.999919 1.27319 
0.999915 -0.000841584 -0.013041 -0.0357971 0.000824668 0.999999 -0.00130236 -0.0138464 0.013042 0.0012915 0.999914 1.24047 
0.999888 -0.002707 -0.0147485 -0.0197601 0.00271723 0.999996 0.000673458 -0.0146017 0.0147467 -0.000713445 0.999891 1.26729 
0.999877 7.60779e-05 -0.0156946 -0.00444031 -5.65648e-05 0.999999 0.00124352 0.00875759 0.0156947 -0.0012425 0.999876 1.30975 
0.999896 -0.00248268 -0.0141999 -0.0220947 0.00248238 0.999997 -3.86611e-05 -0.0181217 0.0142 3.41982e-06 0.999899 1.26829 
0.999873 -0.00326616 -0.0156152 -0.0058136 0.00327112 0.999995 0.000291027 -0.00181198 0.0156141 -0.000342079 0.999878 1.25822 
0.999881 -0.00220029 -0.0152641 -0.0193176 0.00222664 0.999996 0.00170878 -0.00201511 0.0152604 -0.00174255 0.999882 1.24491 
0.999879 -0.00314701 -0.0152378 -0.0227356 0.00318822 0.999991 0.00268112 -0.0108576 0.0152292 -0.00272937 0.99988 1.25455 
0.999833 -0.00525521 -0.0175095 -0.000137329 0.00528724 0.999984 0.00178362 -0.0106544 0.0174999 -0.00187589 0.999845 1.24809 
0.999855 -0.00385059 -0.0165767 -0.0305023 0.00386669 0.999992 0.000938956 -0.01021 0.0165729 -0.00100293 0.999862 1.22427 
0.999789 -0.00443545 -0.0200699 -0.00866699 0.00446166 0.999989 0.00126165 -0.00796032 0.020064 -0.00135093 0.999798 1.2308 
0.99981 -0.00396421 -0.0191107 -0.0242462 0.00398614 0.999991 0.0011097 -0.0130081 0.0191062 -0.00118567 0.999817 1.20446 
0.999778 -0.0031919 -0.0208132 -0.0117493 0.00323232 0.999993 0.00190904 -0.026206 0.0208069 -0.00197589 0.999781 1.23421 
0.99982 -0.00169883 -0.0188909 -0.0398407 0.00168839 0.999998 -0.000568453 -0.00741673 0.0188919 0.000536453 0.999821 1.20763 
0.999739 -0.00371152 -0.0225379 -0.00617981 0.00372941 0.999993 0.000751827 -0.0106268 0.0225349 -0.000835672 0.999746 1.24116 
0.999743 -0.0029542 -0.0224988 -0.0222473 0.00301066 0.999992 0.00247601 -0.00883579 0.0224913 -0.00254313 0.999744 1.22292 
0.999711 -0.00461309 -0.0236016 -0.0262146 0.00462964 0.999989 0.000647001 0.00761127 0.0235983 -0.000756074 0.999721 1.21253 
0.999661 -0.0024955 -0.0259237 -0.0196075 0.00249163 0.999997 -0.00018179 -0.0155039 0.0259241 0.000117142 0.999664 1.2117 
0.999668 -0.00253104 -0.0256351 -0.0167999 0.00246596 0.999994 -0.00256981 -0.00954676 0.0256412 0.00250573 0.999668 1.21553 
0.999655 -0.0020539 -0.0261777 -0.0263519 0.00207979 0.999997 0.000961814 -0.0199418 0.0261758 -0.00101592 0.999657 1.19987 
0.999639 -0.000666887 -0.0268634 -0.0260162 0.000686096 1 0.000706414 -0.0138302 0.0268629 -0.000724578 0.999639 1.16565 
0.999627 -4.09428e-05 -0.0273203 -0.038063 6.39129e-05 1 0.00083933 -0.0114141 0.0273203 -0.000840766 0.999626 1.17824 
0.999623 0.000515342 -0.0274647 -0.0377808 -0.000538412 1 -0.000832409 -0.00855112 0.0274644 0.000846881 0.999622 1.19666 
0.999629 7.39973e-05 -0.0272305 -0.021759 -6.3045e-05 1 0.000403192 -0.0176058 0.0272304 -0.000401309 0.999629 1.14578 
0.999628 -0.00103772 -0.0272533 -0.0349655 0.00105605 0.999999 0.000658145 -0.0114431 0.0272526 -0.000686668 0.999628 1.17015 
0.999593 -0.00156477 -0.0284979 -0.0272293 0.00161492 0.999997 0.00173682 -0.0102911 0.0284951 -0.00178214 0.999592 1.19017 
0.999557 -0.00183696 -0.0297003 -0.0220108 0.00184359 0.999998 0.000195328 -0.0111113 0.0296999 -0.000250004 0.999559 1.16389 
0.999548 -0.00339372 -0.0298849 -0.036087 0.00334603 0.999993 -0.00164582 -0.00529432 0.0298903 0.00154508 0.999552 1.16907 
0.999484 -0.00150819 -0.032087 -0.0276566 0.0015165 0.999999 0.000234973 -0.00550365 0.0320865 -0.000283502 0.999485 1.18115 
0.999465 -0.000309201 -0.0327065 -0.00775146 0.000368005 0.999998 0.00179215 -0.00792265 0.032706 -0.00180325 0.999463 1.20644 
0.99952 -0.00142075 -0.0309284 -0.0494003 0.00150304 0.999995 0.00263774 -0.0102868 0.0309246 -0.00268295 0.999518 1.14978 
0.99939 -0.00218961 -0.0348523 -0.00725555 0.00218915 0.999997 -5.11222e-05 -0.0107617 0.0348523 -2.52165e-05 0.999392 1.20023 
0.999445 -0.00258979 -0.0332072 -0.044548 0.00253908 0.999996 -0.00156942 -0.0118451 0.0332111 0.00148425 0.999447 1.16229 
0.999328 -0.00541114 -0.0362538 -0.000114441 0.00542645 0.999985 0.000323745 -0.0188017 0.0362515 -0.00052026 0.999343 1.20425 
0.999411 -0.00285862 -0.0341906 -0.0285988 0.00287774 0.999996 0.000509888 -0.00384283 0.034189 -0.000607988 0.999415 1.16629 
0.999389 -0.00204715 -0.0349019 -0.0304184 0.0020706 0.999998 0.000635818 -0.0064249 0.0349005 -0.000707702 0.999391 1.17952 
0.999354 -0.00440385 -0.0356636 -0.0227623 0.00450646 0.999986 0.00279724 -0.0140877 0.0356508 -0.00295614 0.99936 1.18394 
0.999373 -0.00243229 -0.0353332 -0.0337181 0.00251905 0.999994 0.00241104 -0.00809956 0.0353272 -0.00249851 0.999373 1.17458 
0.999341 -0.00246138 -0.036228 -0.0231152 0.00253795 0.999995 0.00206735 -0.0103641 0.0362227 -0.00215794 0.999341 1.18248 
0.999358 -0.00288695 -0.0357154 -0.0331402 0.00290848 0.999996 0.000550641 -0.00770617 0.0357137 -0.000654177 0.999362 1.17072 
0.999327 -0.00163157 -0.0366489 -0.0181513 0.00165208 0.999998 0.000529218 -0.00604391 0.0366479 -0.000589401 0.999328 1.17836 
0.999373 -0.00245187 -0.0353214 -0.0428891 0.00247174 0.999997 0.000518773 -0.0137973 0.03532 -0.000605752 0.999376 1.1563 
0.999337 -0.00138727 -0.0363934 -0.017694 0.00138858 0.999999 1.07942e-05 -0.0176272 0.0363933 -6.13164e-05 0.999338 1.16359 
0.999442 -0.00172381 -0.0333553 -0.0473728 0.00175331 0.999998 0.000855015 -0.0123329 0.0333537 -0.00091301 0.999443 1.1544 
0.999381 -0.000150529 -0.0351913 -0.0148983 0.000193013 0.999999 0.00120392 -0.013711 0.0351911 -0.00120997 0.99938 1.16002 
0.999473 -0.000513559 -0.0324585 -0.0476627 0.000488999 1 -0.000764665 -0.00700188 0.0324589 0.000748389 0.999473 1.13702 
0.99942 -0.00308069 -0.0339041 -0.012825 0.00309755 0.999995 0.000444674 -0.0117054 0.0339025 -0.000549435 0.999425 1.18056 
0.99949 -0.00338761 -0.0317551 -0.0374413 0.00345536 0.999992 0.00207899 -0.0102654 0.0317478 -0.00218766 0.999494 1.16185 
0.999485 -0.00299085 -0.0319664 -0.0154457 0.00303347 0.999995 0.0012843 -0.0180998 0.0319624 -0.00138061 0.999488 1.17383 
0.999542 -0.002785 -0.0301298 -0.0335045 0.00277087 0.999996 -0.000510671 -0.0079174 0.0301311 0.000426943 0.999546 1.15698 
0.999508 -0.0036628 -0.0311672 -0.0200844 0.00365754 0.999993 -0.000225758 -0.00916576 0.0311678 0.000111657 0.999514 1.18086 
0.999519 -0.00432433 -0.0307035 -0.0301819 0.0043156 0.999991 -0.000350578 -0.000125885 0.0307046 0.000217902 0.999529 1.16428 
0.999508 -0.00359291 -0.0311466 -0.0224075 0.00361132 0.999993 0.000534602 -0.00710583 0.0311445 -0.000646833 0.999515 1.19456 
0.999502 -0.00370421 -0.0313311 -0.0261307 0.00372286 0.999993 0.000536877 -0.0140162 0.0313289 -0.000653243 0.999509 1.179 
0.999522 -0.00458847 -0.0305796 -0.0325851 0.00455987 0.999989 -0.00100468 -0.00587654 0.0305839 0.000864779 0.999532 1.17154 
0.999524 -0.00278794 -0.0307337 -0.0190964 0.0027956 0.999996 0.000205895 -0.00856495 0.0307331 -0.000291714 0.999528 1.17888 
0.99955 -0.00232599 -0.0299115 -0.0311661 0.00235541 0.999997 0.000948269 -0.00440121 0.0299091 -0.00101829 0.999552 1.18202 
0.999529 -0.00195155 -0.0306331 -0.0254974 0.00197484 0.999998 0.000730257 -0.0108814 0.0306316 -0.00079041 0.999531 1.17671 
0.99953 -0.00306397 -0.0304931 -0.0387421 0.00298914 0.999992 -0.0024995 -0.0104885 0.0305004 0.00240719 0.999532 1.17773 
0.999495 -0.0028104 -0.0316609 -0.019928 0.00270885 0.999991 -0.00324948 -0.00114441 0.0316699 0.00316206 0.999493 1.17932 
0.999518 -0.00348005 -0.0308346 -0.0268784 0.00349886 0.999994 0.00055656 -0.00972843 0.0308324 -0.000664145 0.999525 1.19165 
0.999528 -0.00245165 -0.0306157 -0.0302887 0.00250245 0.999996 0.0016207 -0.0142908 0.0306118 -0.00169657 0.99953 1.18298 
0.999555 -0.00116213 -0.0298018 -0.0244598 0.00120721 0.999998 0.001495 -0.00408268 0.0298 -0.00153034 0.999555 1.20322 
0.999615 -0.000271983 -0.0277571 -0.0288086 0.000270028 1 -7.43903e-05 -0.0143223 0.027757 6.68839e-05 0.999615 1.20697 
0.999671 -0.000304002 -0.0256519 -0.0274658 0.000297837 1 -0.00024401 -0.00525475 0.0256521 0.000236291 0.999671 1.20512 
0.999703 -0.000989616 -0.0243428 -0.0226593 0.00102795 0.999998 0.00156349 -0.00908279 0.0243409 -0.00158805 0.999702 1.20857 
0.999741 -8.96454e-05 -0.0227728 -0.0320282 0.000137433 0.999998 0.00209624 -0.00944614 0.0227729 -0.00209884 0.999738 1.20056 
0.999747 -0.00310925 -0.0222699 -0.0124207 0.00316172 0.999992 0.00232141 -0.00833416 0.0222626 -0.00239122 0.999749 1.21049 
0.999775 -0.00230673 -0.0210812 -0.0209045 0.0023411 0.999996 0.00160588 -0.00722408 0.0210774 -0.0016549 0.999776 1.21484 
0.999798 -0.00303121 -0.0198722 -0.0319061 0.00303974 0.999995 0.000398964 -0.00565147 0.0198708 -0.000459287 0.999802 1.21461 
0.999784 -0.00061173 -0.0207953 -0.0164185 0.000613194 1 6.36503e-05 -0.0121174 0.0207952 -7.63908e-05 0.999784 1.22231 
0.999776 -0.00187489 -0.0210616 -0.0161591 0.00187934 0.999998 0.000191424 -0.00515366 0.0210611 -0.000230964 0.999778 1.23621 
0.999789 -0.000393745 -0.0205318 -0.0251007 0.000446249 0.999997 0.00255268 -0.00502205 0.0205307 -0.0025613 0.999786 1.23061 
