1 0 0 0 0 1 0 2.38e-07 0 0 1 0 
0.999996 0.00244073 0.00142972 0.00251198 -0.00243655 0.999993 -0.00291599 0.0207031 -0.00143683 0.0029125 0.999995 -1.52083 
0.999999 0.000460375 0.00156799 -0.00264216 -0.000458996 0.999999 -0.000880327 0.0233294 -0.00156839 0.000879605 0.999998 -1.51735 
0.999999 -0.00102677 0.00123962 0.0151939 0.0010263 0.999999 0.000381231 0.0183458 -0.00124001 -0.000379957 0.999999 -1.51535 
0.999998 -0.000776411 0.00170644 0.00219605 0.000776381 1 1.79715e-05 0.0233508 -0.00170646 -1.66474e-05 0.999999 -1.50914 
0.999999 0.000401396 0.00144794 0.00146835 -0.000401209 1 -0.000129126 0.0187175 -0.00144799 0.000128546 0.999999 -1.504 
0.999998 0.000379645 0.00197195 0.00814111 -0.000378382 1 -0.000640472 0.0220541 -0.00197219 0.000639725 0.999998 -1.49811 
0.999998 0.00160193 0.00133782 0.00175209 -0.00160319 0.999998 0.000946704 0.0218953 -0.0013363 -0.000948847 0.999999 -1.50038 
0.999998 0.00123236 0.00128244 0.00934827 -0.00123207 0.999999 -0.00022564 0.0218062 -0.00128271 0.000224059 0.999999 -1.49186 
0.999999 -7.51662e-05 0.00135504 -0.00389917 7.51959e-05 1 -2.19762e-05 0.0220456 -0.00135503 2.20775e-05 0.999999 -1.4856 
1 -0.000474763 0.000728847 0.0145999 0.000474735 1 4.06443e-05 0.0165133 -0.000728866 -4.0299e-05 1 -1.48586 
0.999998 -0.00146611 0.00127145 -0.00981235 0.00146684 0.999999 -0.000567476 0.0218302 -0.00127061 0.000569341 0.999999 -1.47002 
0.999999 -0.0013663 0.000411098 0.0144979 0.00136654 0.999999 -0.000591212 0.0194919 -0.000410289 0.000591773 1 -1.47163 
0.999999 -0.000853077 0.000754662 -0.000152647 0.000853961 0.999999 -0.00117308 0.029051 -0.00075366 0.00117372 0.999999 -1.4744 
1 -5.14572e-05 0.000552457 0.00569414 5.13661e-05 1 0.000165475 0.0159737 -0.000552462 -0.000165445 1 -1.45958 
1 -0.000817402 0.000516385 0.00565 0.000817416 1 -2.61855e-05 0.0175111 -0.00051637 2.66088e-05 1 -1.46054 
1 -0.000430072 2.13776e-05 0.00845772 0.000430085 1 -0.000652467 0.024178 -2.10963e-05 0.000652476 1 -1.45412 
1 -0.000934394 -4.48711e-05 0.00455514 0.000934342 0.999999 -0.00117794 0.0222506 4.59719e-05 0.0011779 0.999999 -1.44141 
1 -0.000365532 3.77391e-05 0.00369181 0.000365481 0.999999 0.00132524 0.020535 -3.82271e-05 -0.00132522 0.999999 -1.44366 
1 -0.000486944 4.43626e-05 0.00969813 0.000486847 0.999997 0.00217337 0.0136203 -4.54243e-05 -0.00217335 0.999998 -1.42918 
0.999999 0.00159896 -0.000408683 0.00354636 -0.00159891 0.999999 0.000142906 0.0201248 0.000408914 -0.000142254 1 -1.43407 
0.999999 0.00124405 -6.58762e-05 0.00473452 -0.00124424 0.999995 -0.00292555 0.0281895 6.22403e-05 0.00292563 0.999996 -1.41062 
0.999999 0.00139363 -0.000392482 0.00819764 -0.00139409 0.999999 -0.00117831 0.0227098 0.000390839 0.00117886 0.999999 -1.42635 
1 0.000440059 -0.00022139 0.00546551 -0.000439851 0.999999 0.000943106 0.0165139 0.000221804 -0.00094301 1 -1.3908 
1 0.000327498 -0.000554366 0.00782886 -0.000326617 0.999999 0.00158911 0.0247372 0.000554886 -0.00158893 0.999999 -1.4076 
0.999999 -0.0013918 -0.000510667 0.0104218 0.00139231 0.999999 0.00100279 0.0168025 0.000509269 -0.0010035 0.999999 -1.35551 
1 -6.29074e-05 -0.000734136 0.00100911 6.345e-05 1 0.000737826 0.0236531 0.000734091 -0.000737872 0.999999 -1.36629 
0.999999 -0.000536055 -0.00119334 0.00715384 0.000534768 0.999999 -0.00107729 0.0229134 0.00119391 0.00107665 0.999999 -1.33323 
0.999999 -0.000459426 -0.00158601 0.0103384 0.000456157 0.999998 -0.0020604 0.0252348 0.00158695 0.00205968 0.999996 -1.33279 
0.999999 0.000678719 -0.00160947 0.00668937 -0.000680641 0.999999 -0.00119355 0.0262087 0.00160866 0.00119464 0.999998 -1.29118 
0.999997 -0.000654358 -0.00228205 0.00126207 0.000653105 1 -0.000549777 0.0244544 0.00228242 0.000548283 0.999997 -1.2793 
0.999995 7.11095e-05 -0.00328654 0.00906497 -6.93711e-05 1 0.000529239 0.021988 0.00328658 -0.000529006 0.999994 -1.27427 
0.999993 0.00102899 -0.00365194 0.0124995 -0.00102247 0.999998 0.00178718 0.0237041 0.00365377 -0.00178343 0.999992 -1.24117 
0.999994 2.1568e-05 -0.0034739 -0.00102991 -1.5807e-05 0.999999 0.00165836 0.0196993 0.00347393 -0.0016583 0.999993 -1.22518 
0.999992 -0.000678222 -0.0038538 0.003618 0.000674976 0.999999 -0.0008437 0.0229087 0.00385437 0.000841091 0.999992 -1.21143 
0.999985 0.000487992 -0.00540955 0.0096848 -0.00048805 1 -9.3854e-06 0.0227267 0.00540955 1.20262e-05 0.999985 -1.2309 
0.999977 -0.00172546 -0.00653929 0.0012306 0.00173398 0.999998 0.00129861 0.0128471 0.00653703 -0.00130992 0.999978 -1.17736 
0.999971 -0.0012627 -0.00753132 0.0111568 0.00126317 0.999999 5.70701e-05 0.0160599 0.00753125 -6.6583e-05 0.999972 -1.19993 
0.999966 -0.00121222 -0.00818457 0.00311828 0.00120442 0.999999 -0.000957779 0.0180186 0.00818572 0.000947888 0.999966 -1.19047 
0.999942 -0.0023983 -0.0104858 0.0101063 0.00238726 0.999997 -0.00106574 0.0226855 0.0104883 0.00104065 0.999944 -1.17042 
0.999915 -0.00213245 -0.0128399 0.0134239 0.00213519 0.999998 0.000199767 0.0170656 0.0128394 -0.000227166 0.999918 -1.12631 
0.99989 -0.00172856 -0.0147421 0.012073 0.0017212 0.999998 -0.000512156 0.0183432 0.014743 0.000486725 0.999891 -1.13455 
0.999862 -0.00285652 -0.0163409 0.0118866 0.00283201 0.999995 -0.00152304 0.020588 0.0163451 0.00147656 0.999865 -1.11903 
0.99984 -0.000352338 -0.0178997 0.00879669 0.000333673 0.999999 -0.00104575 0.0185318 0.0179001 0.00103961 0.999839 -1.11325 
0.999817 0.000297904 -0.0191358 0.00855112 -0.000288261 1 0.000506767 0.0207058 0.0191359 -0.00050116 0.999817 -1.10356 
0.999793 0.00109586 -0.0203189 0.0012064 -0.00107773 0.999999 0.000903231 0.00914657 0.0203199 -0.000881144 0.999793 -1.10685 
0.999768 0.00299547 -0.0213374 0.00868797 -0.00300015 0.999995 -0.000187186 0.0238105 0.0213368 0.000251159 0.999772 -1.05072 
0.999754 0.00466948 -0.0216705 -0.00566483 -0.00471998 0.999986 -0.00227975 0.0162114 0.0216596 0.00238147 0.999763 -1.05588 
0.9997 0.00504313 -0.0239813 0.00785351 -0.00508018 0.999986 -0.00148448 0.0229335 0.0239734 0.00160587 0.999711 -1.06244 
0.999691 0.00564585 -0.024183 -0.00908852 -0.00562832 0.999984 0.000793188 0.0170556 0.0241871 -0.000656836 0.999707 -1.04468 
0.999639 0.00623438 -0.0261403 -0.00165367 -0.00618847 0.999979 0.00183689 0.0202241 0.0261513 -0.00167446 0.999657 -1.02109 
0.999624 0.00375754 -0.0271567 -0.00823021 -0.00377018 0.999993 -0.000414253 0.0135604 0.0271549 0.000516481 0.999631 -1.02293 
0.999587 0.00177935 -0.0286878 0.00577736 -0.00183493 0.999997 -0.00191123 0.0207428 0.0286843 0.00196308 0.999587 -1.00774 
0.999565 0.00401139 -0.0292258 -0.00230217 -0.00407542 0.999989 -0.00213142 0.0157737 0.029217 0.0022496 0.999571 -1.00719 
0.999527 0.00337334 -0.0305672 -0.00406837 -0.0033461 0.999994 0.000942214 0.0204865 0.0305701 -0.000839486 0.999532 -0.984047 
0.999508 0.000913661 -0.0313451 0.00190735 -0.000772182 0.999989 0.00452557 0.0128568 0.0313489 -0.00449914 0.999498 -0.975098 
0.999503 0.00472487 -0.0311552 -0.0118694 -0.00454013 0.999972 0.00599798 0.0150517 0.0311826 -0.00585356 0.999497 -0.953857 
0.999486 0.00398665 -0.0318066 -0.00725746 -0.00388307 0.999987 0.0033175 0.0105794 0.0318194 -0.00319229 0.999489 -0.958878 
0.999447 -0.000647414 -0.033255 -0.000768661 0.000569197 0.999997 -0.00236152 0.015004 0.0332566 0.00234128 0.999444 -0.958229 
0.999346 -0.00382896 -0.035951 -0.000732422 0.00368406 0.999985 -0.00409592 0.0134695 0.0359661 0.0039608 0.999345 -0.960129 
0.999326 -0.00167956 -0.0366774 0.0107727 0.00155834 0.999993 -0.003333 0.0237221 0.0366829 0.00327359 0.999322 -0.958183 
0.999289 -0.00348923 -0.037554 0.000827789 0.00369555 0.999978 0.00542582 0.0160017 0.0375341 -0.00556075 0.99928 -0.934177 
0.999318 -0.00231978 -0.0368565 0.00548935 0.00261859 0.999964 0.0080613 0.00282599 0.0368364 -0.00815231 0.999288 -0.931908 
0.999348 -0.000837395 -0.0360853 0.00126648 0.000934161 0.999996 0.00266472 0.00463647 0.036083 -0.00269669 0.999345 -0.929817 
0.999351 0.00102496 -0.0359962 -0.000862122 -0.00110802 0.999997 -0.00228775 0.00765853 0.0359937 0.00232615 0.999349 -0.935524 
0.999346 0.000516385 -0.0361443 -0.00244904 -0.00052833 1 -0.000320985 0.0190986 0.036144 0.000339872 0.999346 -0.919445 
0.999357 0.000635488 -0.0358464 -0.00129318 -0.000504194 0.999993 0.00367157 0.0101938 0.0358485 -0.00365113 0.999351 -0.918167 
0.999376 0.000397425 -0.0353076 -0.0184174 -0.000287652 0.999995 0.00311404 0.00646964 0.0353087 -0.00310194 0.999372 -0.90535 
0.999327 -0.00224843 -0.0366053 0.0176926 0.00231268 0.999996 0.00171328 0.00532886 0.0366012 -0.00179678 0.999328 -0.923054 
0.999347 -0.000334631 -0.0361312 0.000461578 0.000404635 0.999998 0.0019303 0.00927758 0.0361305 -0.00194366 0.999345 -0.908257 
0.99934 -0.00136013 -0.03629 0.0125656 0.00159593 0.999978 0.00646937 0.010922 0.0362805 -0.00652301 0.99932 -0.9188 
0.999338 -0.00118977 -0.0363762 -0.00655365 0.00157865 0.999942 0.0106636 -0.00550973 0.0363615 -0.0107139 0.999281 -0.910976 
0.999313 -0.00209543 -0.0369953 0.0131569 0.00240778 0.999962 0.00840038 -0.00198674 0.0369761 -0.00848369 0.99928 -0.926704 
0.999323 -0.00367178 -0.036605 0.000541687 0.00379946 0.999987 0.00341925 -0.000691891 0.036592 -0.00355601 0.999324 -0.916122 
0.999305 -0.00285798 -0.0371778 0.0105515 0.00278189 0.999994 -0.00209845 0.00309217 0.0371836 0.00199357 0.999307 -0.957157 
0.999301 -0.00564218 -0.0369582 0.00587463 0.00549145 0.999976 -0.00417861 0.00768882 0.0369809 0.00397274 0.999308 -0.944958 
0.999279 -0.00514042 -0.0376304 0.0143967 0.00509897 0.999986 -0.00119728 0.0134554 0.0376359 0.00100455 0.999291 -0.951241 
0.999247 -0.00828806 -0.0379082 0.0147934 0.00828659 0.999966 -0.000195995 0.006639 0.0379085 -0.000118285 0.999281 -0.943516 
0.999261 -0.00552385 -0.0380349 0.0139771 0.00551798 0.999985 -0.00025941 0.00889832 0.0380358 4.93389e-05 0.999276 -0.970589 
0.999277 -0.00344351 -0.0378546 0.00786591 0.00337532 0.999993 -0.00186511 0.00694478 0.0378607 0.00173599 0.999282 -0.949177 
0.999285 -0.00174849 -0.0377695 0.00427246 0.0017147 0.999998 -0.00092715 0.00808299 0.037771 0.000861727 0.999286 -0.972641 
0.999329 0.000546961 -0.0366151 -0.0017395 -0.000565116 1 -0.000485529 0.00740957 0.0366149 0.000505905 0.999329 -0.993366 
0.999343 0.0012941 -0.0362166 -0.00265503 -0.0013232 0.999999 -0.000779515 0.00160658 0.0362156 0.000826923 0.999344 -0.970123 
0.999359 0.00757378 -0.0349885 -0.0166016 -0.00756724 0.999972 0.000319607 0.00900143 0.0349899 -5.46376e-05 0.999388 -0.984421 
0.999419 0.00177672 -0.0340494 0.00524139 -0.00165759 0.999992 0.00352653 0.010954 0.0340554 -0.00346804 0.999414 -1.00761 
0.999454 0.000301921 -0.0330435 0.000160217 -0.000138055 0.999988 0.00496129 0.000757605 0.0330446 -0.00495401 0.999442 -0.976482 
0.999553 0.00585899 -0.0293197 -0.0124741 -0.00573316 0.999974 0.00437401 0.00255442 0.0293445 -0.00420396 0.99956 -0.974947 
0.999681 0.000579637 -0.0252345 -0.0039978 -0.000612754 0.999999 -0.00130448 -0.00227025 0.0252338 0.00131954 0.999681 -1.04995 
0.99975 0.000779364 -0.0223376 -0.00392914 -0.000846984 0.999995 -0.00301803 0.00733212 0.0223351 0.00303619 0.999746 -0.997114 
0.999824 -0.000428352 -0.0187688 0.000694275 0.000376563 0.999996 -0.0027628 0.0129169 0.0187699 0.00275525 0.99982 -0.999268 
0.999856 0.00108897 -0.0169108 0.00735474 -0.00103211 0.999994 0.0033706 0.00674352 0.0169144 -0.00335267 0.999851 -1.0467 
0.999892 0.00225945 -0.0145464 -0.00723267 -0.00219818 0.999989 0.00422643 0.000296652 0.0145558 -0.00419399 0.999885 -0.999851 
0.999915 0.00440622 -0.0123025 -0.00426483 -0.00435068 0.99998 0.00453769 0.00882626 0.0123223 -0.00448377 0.999914 -0.996151 
0.999949 0.00460732 -0.00903564 -0.0031662 -0.00457338 0.999982 0.00377339 -0.000347018 0.00905285 -0.00373186 0.999952 -1.0346 
0.999975 0.0033328 -0.00624296 -0.00161743 -0.00329987 0.999981 0.00527933 0.00136423 0.00626043 -0.00525859 0.999967 -1.0015 
0.999992 0.00201639 -0.00351717 -0.00571442 -0.00200095 0.999988 0.00438774 0.00694704 0.00352599 -0.00438068 0.999984 -1.01568 
0.999994 0.00215304 -0.00281308 -0.00189972 -0.00214216 0.99999 0.00386982 0.00429702 0.0028214 -0.00386378 0.999989 -1.01514 
0.999996 0.00065314 -0.002707 -0.00375366 -0.000645975 0.999996 0.00264798 0.00739169 0.00270871 -0.00264621 0.999993 -1.02069 
0.999996 0.000604503 -0.00289803 0.00791931 -0.000594782 0.999994 0.00335421 0.00557113 0.00290003 -0.00335247 0.99999 -1.01316 
0.999998 0.00149711 -0.00152113 -0.0131531 -0.00149098 0.999991 0.0040251 -0.0037539 0.00152716 -0.00402285 0.999991 -1.01368 
0.999993 0.0024961 -0.00265576 0.000907898 -0.00249308 0.999996 0.00114014 0.00419879 0.00265857 -0.00113348 0.999996 -1.02196 
0.999997 2.13366e-05 -0.00227556 0.0088501 -2.42162e-05 0.999999 -0.00126144 0.0112443 0.00227555 0.00126148 0.999997 -1.03426 
0.999998 -0.00047577 -0.00203265 -0.000114441 0.00047553 1 -0.000114573 0.000264406 0.0020327 0.000113619 0.999998 -1.03255 
0.999998 -0.000536332 -0.00208582 -0.000244141 0.000539185 0.999999 0.00136521 0.00207067 0.00208508 -0.00136633 0.999997 -1.02903 
0.999998 -0.000314301 -0.00211353 -0.00964355 0.000319151 0.999997 0.00229219 0.00916529 0.00211281 -0.00229288 0.999995 -1.04605 
0.999995 -0.00190756 -0.00237398 0.00232697 0.00191246 0.999996 0.00205928 0.009341 0.00237004 -0.00206382 0.999995 -1.03976 
0.999994 -0.00240664 -0.00236448 0.00430298 0.00241603 0.999989 0.0039778 0.00441241 0.00235489 -0.00398345 0.999989 -1.03748 
0.999991 -0.00372015 -0.00206402 0.0107498 0.00372996 0.999982 0.00476858 -0.00400853 0.00204623 -0.00477624 0.999987 -1.04832 
0.999994 -0.00266055 -0.00238541 -0.000762939 0.00266706 0.999993 0.00272828 -0.00224233 0.00237811 -0.00273462 0.999994 -1.05616 
0.999993 -0.00234616 -0.00302161 0.0108261 0.00234216 0.999996 -0.00132486 0.00386429 0.0030247 0.00131778 0.999995 -1.04862 
0.999993 -0.00301309 -0.00222838 -0.00322723 0.0030049 0.999989 -0.00367028 0.00439453 0.00223942 0.00366355 0.999991 -1.07996 
0.999997 0.000100155 -0.00247304 0.00672913 -0.000104349 0.999999 -0.00169522 0.00739551 0.00247288 0.00169547 0.999996 -1.06042 
0.999997 -0.000587602 -0.00239114 0.013298 0.000587584 1 -8.05489e-06 0.0165222 0.00239114 6.64603e-06 0.999997 -1.04357 
0.999999 0.000564121 -0.000882827 -0.00482178 -0.00056137 0.999995 0.00311252 -0.00290799 0.000884585 -0.00311205 0.999995 -1.08728 
1 0.000577723 -0.000646949 -0.000831604 -0.000575819 0.999995 0.00294138 -0.00237751 0.000648648 -0.00294099 0.999995 -1.07976 
0.999999 -0.00102338 -5.89043e-05 -0.00196075 0.00102341 0.999999 0.000704007 0.0053916 5.81816e-05 -0.00070405 1 -1.07052 
0.999995 -0.00313061 -0.000259966 0.0160522 0.00313032 0.999995 -0.00113322 0.00780582 0.000263512 0.0011324 0.999999 -1.0695 
0.999994 -0.00337521 0.000490122 0.00576782 0.00337537 0.999994 -0.000331526 0.00578785 -0.000489019 0.000333154 1 -1.06882 
0.999992 -0.00399972 0.000475563 0.00551605 0.00399882 0.99999 0.0018954 0.00276995 -0.000483111 -0.00189345 0.999998 -1.09006 
0.999992 -0.00404749 0.000181034 0.00900269 0.00404734 0.999991 0.000818004 0.0019989 -0.000184335 -0.000817276 1 -1.08848 
0.999994 -0.00353794 -0.000461347 0.0100174 0.00353758 0.999993 -0.000781847 0.013775 0.000464089 0.000780186 1 -1.09063 
1 0.000576735 -0.000174664 0.00393677 -0.000577631 0.999986 -0.00516293 0.00585848 0.000171691 0.00516303 0.999987 -1.1064 
0.999995 0.00308695 -0.000804983 0.00724792 -0.00309377 0.999958 -0.00861233 0.00673515 0.00077837 0.00861479 0.999963 -1.10526 
0.999981 0.00613414 -0.000114635 -0.00188446 -0.00613476 0.99996 -0.0065419 0.0203305 7.45207e-05 0.00654247 0.999978 -1.10697 
0.999963 0.00864657 0.000554666 -0.0189133 -0.00864735 0.999962 0.00143413 0.00350821 -0.000542276 -0.00143888 0.999999 -1.11562 
0.999983 0.00567867 0.000963107 -0.00431824 -0.00568357 0.999971 0.00515891 -0.00202394 -0.000933789 -0.00516431 0.999986 -1.09905 
0.999994 0.00352674 0.000493489 -0.00228119 -0.00352908 0.999982 0.00483252 0.00440741 -0.000476442 -0.00483424 0.999988 -1.11676 
1 0.000355484 0.000243261 0.0131683 -0.000356611 0.999989 0.00465348 -0.00166035 -0.00024157 -0.00465357 0.999989 -1.09665 
0.999994 -0.00325927 0.000750996 0.0063324 0.00326084 0.999993 -0.00210041 -0.00251222 -0.000744171 0.00210287 0.999998 -1.12904 
1 -0.00026199 2.77087e-05 0.0148163 0.00026211 0.99999 -0.00445986 0.011102 -2.65688e-05 0.00445989 0.99999 -1.10919 
0.999998 -0.0018734 0.000797853 -0.015007 0.00187499 0.999996 -0.00199391 0.00635219 -0.00079409 0.00199535 0.999998 -1.17839 
0.999998 -0.00200302 0.000234261 0.00762177 0.00200271 0.999997 0.00129065 -0.00075376 -0.000236854 -0.00129016 0.999999 -1.13697 
0.999998 0.00198295 -0.000116348 0.0139465 -0.00198243 0.999989 0.00430667 0.0172181 0.000124879 -0.00430644 0.999991 -1.12871 
0.999999 -0.000811545 0.00137053 -0.018631 0.000807557 0.999995 0.00290689 -0.009022 -0.00137287 -0.00290575 0.999995 -1.16262 
0.999999 4.44129e-05 0.00106378 -0.00431824 -4.31519e-05 0.999999 -0.00118677 0.000232935 -0.00106382 0.00118672 0.999999 -1.16103 
0.999999 0.00141123 -0.000589505 0.0142746 -0.00141549 0.999972 -0.00730831 0.0169959 0.000579126 0.00730912 0.999973 -1.15749 
1 -0.00101654 -0.000169188 -0.00106049 0.00101635 0.999999 -0.00106872 0.00199413 0.000170283 0.00106857 0.999999 -1.17612 
0.999996 -0.0029082 0.000332601 0.0169373 0.00290713 0.999991 0.00318423 0.00321889 -0.000341862 -0.00318326 0.999995 -1.163 
1 -0.000129545 7.18012e-05 0.00641632 0.000129308 0.999995 0.00331944 -0.00332403 -7.22483e-05 -0.00331944 0.999995 -1.18507 
0.999999 -0.00113719 -0.000184707 0.01017 0.00113713 0.999999 -0.000297427 0.0018537 0.000185072 0.000297215 1 -1.1808 
1 0.000159885 0.000706486 -0.00396729 -0.000157422 0.999994 -0.00349066 0.00682139 -0.000707015 0.00349055 0.999994 -1.19875 
1 -0.000565658 0.000891417 0.00177002 0.00056676 0.999999 -0.00123802 0.0107201 -0.000890732 0.00123852 0.999999 -1.20383 
0.999998 0.00140634 0.00115114 0.00352478 -0.00140651 0.999999 0.000141177 0.00628471 -0.00115091 -0.000142802 0.999999 -1.19799 
0.999996 0.00258362 0.00107504 -0.00418854 -0.0025837 0.999997 7.83266e-05 0.005849 -0.00107484 -8.10929e-05 0.999999 -1.20473 
0.999999 -4.03784e-05 0.000958368 -0.00317383 4.05926e-05 1 -0.000219114 -0.0013119 -0.000958361 0.000219128 1 -1.20793 
0.999998 0.00118791 0.00121945 0.00257111 -0.00118867 0.999999 0.000626725 0.0040133 -0.00121874 -0.000628163 0.999999 -1.2106 
0.999999 -0.000616305 0.00123556 0.00656891 0.00061856 0.999998 -0.00182529 0.00930798 -0.0012344 0.00182604 0.999998 -1.2028 
0.999999 -0.00112094 0.00124501 -0.00413513 0.00112234 0.999999 -0.00112712 0.00965226 -0.00124374 0.0011285 0.999999 -1.24254 
0.999998 0.00111508 0.00152168 0.00307465 -0.00111465 0.999999 -0.000282367 -0.000243902 -0.001522 0.000280675 0.999999 -1.2223 
0.999995 -0.00164859 0.00261331 -0.00580597 0.00164638 0.999998 0.000843763 0.00776768 -0.0026147 -0.00083947 0.999996 -1.24137 
1 1.44131e-05 0.00030943 0.0114975 -1.51852e-05 0.999997 0.00250264 0.00161314 -0.000309385 -0.00250262 0.999997 -1.23546 
0.999996 -0.00257812 0.00106484 0.0110703 0.00257911 0.999996 -0.000934065 0.0015856 -0.00106244 0.000936807 0.999999 -1.22829 
0.999995 -0.00294012 0.0010047 0.00301361 0.00294124 0.999995 -0.00111905 0.0129409 -0.0010014 0.001122 0.999999 -1.25866 
0.999996 -0.0027377 0.00014893 0.00758362 0.0027375 0.999995 0.00133271 0.0015744 -0.000152573 -0.00133229 0.999999 -1.2484 
0.999996 -0.00286327 0.000326522 -0.00175476 0.00286338 0.999996 -0.000313197 0.00589055 -0.000325613 0.000314097 1 -1.23399 
0.999995 -0.00292121 -0.000963017 0.00708771 0.00291888 0.999993 -0.00241003 0.00970101 0.000970051 0.00240721 0.999997 -1.25359 
0.999997 -0.0020379 -0.00104557 0.0076828 0.00203672 0.999997 -0.00112889 0.00678331 0.00104786 0.00112676 0.999999 -1.2739 
0.999996 -0.00230534 -0.0018729 0.0185318 0.00230449 0.999997 -0.000453791 0.00567654 0.00187393 0.000449489 0.999998 -1.27249 
0.999999 0.000417569 -0.00101943 -0.00627899 -0.00041787 1 -0.00029736 0.0179851 0.0010193 0.000297783 0.999999 -1.25908 
0.999997 -0.000742656 -0.00242534 0.00743866 0.000739782 0.999999 -0.00118565 0.00522304 0.00242619 0.00118385 0.999997 -1.26614 
0.999988 -0.00371912 -0.0031205 0.0133743 0.00370511 0.999983 -0.00448347 0.0137208 0.00313713 0.00447186 0.999985 -1.28003 
0.99999 -0.00117085 -0.0042433 0.00476074 0.00117199 0.999999 0.000264944 0.0038408 0.00424298 -0.000269925 0.999991 -1.26869 
0.999977 -0.00444939 -0.00520846 0.00646973 0.00448315 0.999969 0.0064866 0.00513434 0.00517946 -0.00650982 0.999965 -1.25149 
0.999973 0.000210615 -0.00742184 0.0122757 -0.000188217 0.999995 0.00301831 0.00426912 0.00742248 -0.00301682 0.999968 -1.23312 
0.999961 0.00143425 -0.00873829 -0.00562286 -0.0014703 0.99999 -0.00412041 0.00886345 0.0087322 0.0041331 0.999953 -1.27222 
0.99994 0.0015437 -0.0108285 0.000473022 -0.0015662 0.999997 -0.00206961 0.0110456 0.0108253 0.00208645 0.999939 -1.24543 
0.999911 -0.000546709 -0.0133317 0.00939941 0.000555272 1 0.000638559 0.0151521 0.0133314 -0.000645906 0.999911 -1.24016 
0.999899 0.00130381 -0.0141449 -0.000312805 -0.0013059 0.999999 -0.000138235 0.0103177 0.0141448 0.000156706 0.9999 -1.24236 
0.999886 -0.000831963 -0.0150791 0.0170441 0.000805959 0.999998 -0.00173044 0.00733745 0.0150805 0.00171808 0.999885 -1.25142 
0.999873 0.00347097 -0.0155504 -0.00369263 -0.00344309 0.999992 0.00181906 0.0131467 0.0155566 -0.00176529 0.999877 -1.22903 
0.999873 -0.00128116 -0.0158717 0.0122147 0.00134277 0.999992 0.00387134 0.00582314 0.0158667 -0.00389214 0.999867 -1.20561 
0.999874 -0.00151763 -0.0157904 0.00720978 0.00158674 0.999989 0.00436479 0.00397429 0.0157836 -0.00438932 0.999866 -1.20071 
0.999866 -0.00435216 -0.0157755 0.00842285 0.00433743 0.99999 -0.000968361 0.00963843 0.0157796 0.000899791 0.999875 -1.21867 
0.99984 -0.00674066 -0.0165482 0.0214767 0.00666849 0.999968 -0.00441252 0.0160159 0.0165774 0.00430147 0.999853 -1.20156 
0.999858 -0.00500032 -0.016106 0.0225372 0.00495814 0.999984 -0.00265727 0.00690603 0.0161191 0.00257705 0.999867 -1.23822 
0.999872 -0.00303836 -0.0157248 0.0128632 0.00307226 0.999993 0.00213229 0.0104563 0.0157182 -0.00218033 0.999874 -1.19993 
0.999891 -0.000374792 -0.0147913 0.00374603 0.000414018 0.999996 0.0026485 0.0025475 0.0147904 -0.00265434 0.999887 -1.21649 
0.99989 0.000342177 -0.0148425 0.00967407 -0.000308823 0.999997 0.00224933 0.00724244 0.0148433 -0.00224451 0.999887 -1.19967 
0.999883 0.00128331 -0.0152714 0.00739288 -0.00129788 0.999999 -0.000944171 0.0175238 0.0152702 0.000963911 0.999883 -1.20521 
0.99989 -0.00150717 -0.0147898 0.00833893 0.00148148 0.999997 -0.00174829 0.0124664 0.0147925 0.00172618 0.999889 -1.20274 
0.999876 -0.00106122 -0.0157005 0.00720978 0.00104745 0.999999 -0.000885268 0.0141809 0.0157015 0.000868725 0.999876 -1.213 
0.999871 -0.00242288 -0.015907 0.0101776 0.00246305 0.999994 0.00250594 0.00947857 0.0159008 -0.0025448 0.99987 -1.18945 
0.999867 -0.000193078 -0.0163161 0.0141907 0.000230113 0.999997 0.00226836 0.00657129 0.0163155 -0.00227183 0.999864 -1.18707 
0.99987 7.02348e-05 -0.0161152 0.00765991 -3.9706e-05 0.999998 0.00189424 0.00491881 0.0161153 -0.00189336 0.999868 -1.19928 
0.99987 0.00162407 -0.0160539 -0.00037384 -0.00158941 0.999996 0.00217221 0.00541806 0.0160574 -0.00214641 0.999869 -1.20819 
0.999862 -0.00144355 -0.0165658 0.0122986 0.00151439 0.99999 0.00426466 0.00420022 0.0165595 -0.00428916 0.999854 -1.1944 
0.99986 -0.00100919 -0.0166794 0.00267792 0.00105843 0.999995 0.00294374 0.00242329 0.0166764 -0.00296096 0.999857 -1.20413 
0.999847 -0.00277868 -0.0172783 0.0131531 0.00275049 0.999995 -0.00165426 0.00407028 0.0172826 0.00160645 0.999849 -1.21351 
0.999831 -0.00424216 -0.0179123 0.013092 0.00419187 0.999987 -0.00284383 0.00768399 0.0179241 0.00276827 0.999835 -1.21893 
0.999827 -0.00195668 -0.0184991 0.0123596 0.00198315 0.999997 0.00141209 0.00288367 0.0184963 -0.00144853 0.999828 -1.22534 
0.999828 -0.00253301 -0.0183764 0.0106659 0.00254426 0.999997 0.000588572 9.98974e-05 0.0183748 -0.000635251 0.999831 -1.23336 
0.999823 -0.00200219 -0.0187015 0.00471497 0.00200453 0.999998 0.000106478 0.00221562 0.0187013 -0.000143932 0.999825 -1.2321 
0.999824 -0.00306438 -0.0185183 0.0209656 0.00308302 0.999995 0.000978643 0.00680113 0.018515 -0.00103556 0.999828 -1.24171 
0.999826 -0.00196477 -0.018566 0.00636292 0.00197494 0.999998 0.000529362 0.00356531 0.0185651 -0.000565922 0.999828 -1.23521 
0.999834 -0.00129157 -0.0181524 0.00263977 0.00125956 0.999998 -0.00177577 -0.000163078 0.0181545 0.00175261 0.999834 -1.2581 
0.999828 -0.00134015 -0.018492 0.00878906 0.00127637 0.999993 -0.00346087 0.0108466 0.0184965 0.00343667 0.999823 -1.25115 
0.999821 -0.00135126 -0.0188833 0.0088501 0.00132084 0.999998 -0.0016235 0.00711775 0.0188856 0.00159827 0.99982 -1.26275 
0.999832 -0.00181298 -0.0182659 0.0030365 0.0018101 0.999999 -0.000174411 0.00273943 0.018266 0.000141304 0.999833 -1.25591 
0.999804 -0.00301471 -0.0195633 0.022049 0.00308404 0.999989 0.00351577 0.0079999 0.0195523 -0.0035754 0.999802 -1.26308 
0.999793 -0.00364657 -0.0200023 0.0153046 0.00369279 0.999991 0.00227348 0.00241947 0.0199939 -0.0023469 0.999797 -1.26437 
0.999768 -0.00382057 -0.0211842 0.0218201 0.0037969 0.999992 -0.00115751 0.00532818 0.0211885 0.00107679 0.999775 -1.27345 
0.999743 -0.00537103 -0.0220197 0.0192566 0.00525296 0.999972 -0.00541585 0.0106201 0.0220481 0.00529881 0.999743 -1.27588 
0.999723 -0.00289563 -0.0233499 0.0168915 0.00287862 0.999996 -0.000762548 0.00525379 0.023352 0.000695128 0.999727 -1.29136 
0.99968 -0.00337014 -0.0250867 0.0198975 0.00336479 0.999994 -0.000255946 0.00620842 0.0250877 0.000171464 0.999685 -1.28972 
0.999665 -0.00528437 -0.0253485 0.0195312 0.00528594 0.999986 -5.1409e-06 0.00443554 0.0253481 -0.000128862 0.999679 -1.29168 
0.999682 -0.00134864 -0.0251867 0.015976 0.00131687 0.999998 -0.00127804 0.0108271 0.0251884 0.00124446 0.999682 -1.29141 
0.999693 0.000195246 -0.024772 0.00772095 -0.000115648 0.999995 0.0032147 -0.000437737 0.0247724 -0.00321085 0.999688 -1.29292 
0.999698 0.00244977 -0.0244776 0.00872803 -0.00251678 0.999993 -0.00270684 0.0124922 0.0244709 0.00276764 0.999697 -1.29282 
0.999693 0.000859145 -0.0247677 0.0287323 -0.000879355 0.999999 -0.000805426 0.0136509 0.0247671 0.000826959 0.999693 -1.30302 
0.999694 -0.000183709 -0.0247437 0.0122833 0.00024122 0.999997 0.00232163 0.00654221 0.0247433 -0.00232688 0.999691 -1.29217 
0.999697 -0.00126354 -0.0245604 0.0180817 0.00136695 0.99999 0.00419401 0.005867 0.0245546 -0.0042263 0.99969 -1.2902 
0.999708 0.000674713 -0.0241585 0.0133057 -0.000689156 1 -0.000589527 0.00917244 0.0241583 0.000605993 0.999708 -1.3019 
0.999753 -0.000778306 -0.0222231 0.00743103 0.000726901 0.999997 -0.00232184 0.00688076 0.0222248 0.00230513 0.99975 -1.29364 
0.99978 0.0012311 -0.0209355 0.00759888 -0.00119893 0.999998 0.00155033 0.00699615 0.0209374 -0.00152493 0.99978 -1.29276 
0.99981 0.001231 -0.019482 0.00524902 -0.00115532 0.999992 0.00389507 8.67844e-05 0.0194866 -0.00387179 0.999803 -1.27891 
0.999814 -0.00354079 -0.0189649 0.0128784 0.00356815 0.999992 0.00140839 0.00600624 0.0189599 -0.00147582 0.999819 -1.28729 
0.999832 -0.0026858 -0.01815 0.0187683 0.00267013 0.999996 -0.000887245 0.0108957 0.0181524 0.000838615 0.999835 -1.28902 
0.999865 -0.00235195 -0.016244 0.010849 0.00235541 0.999997 0.000193931 0.008461 0.0162433 -0.00023216 0.999868 -1.2904 
0.999878 -0.00187144 -0.0155045 0.00782776 0.00186124 0.999998 -0.000670873 0.0104408 0.0155058 0.000641912 0.99988 -1.29785 
0.99988 -0.00230065 -0.0152956 0.0125275 0.00228858 0.999997 -0.00080613 0.00897884 0.0152974 0.000771046 0.999883 -1.28157 
0.999899 -0.00385635 -0.0137163 0.00314331 0.00380247 0.999985 -0.00395246 0.0139418 0.0137314 0.00389993 0.999898 -1.33529 
0.999905 -0.00227322 -0.0135683 0.019043 0.00223087 0.999993 -0.00313575 0.00907135 0.0135753 0.00310516 0.999903 -1.2884 
0.999927 0.00186857 -0.0119072 0.0124512 -0.00190574 0.999993 -0.00311121 0.00580406 0.0119013 0.00313368 0.999924 -1.31319 
0.999954 0.00350903 -0.00896952 0.00115967 -0.00349429 0.999992 0.00165698 0.00811386 0.00897521 -0.00162556 0.999958 -1.28885 
0.999963 0.00482452 -0.00710541 0.00547791 -0.00481308 0.999987 0.00162639 0.00907993 0.00711322 -0.00159211 0.999973 -1.30316 
0.99998 0.00329938 -0.00533804 -0.00245667 -0.00328668 0.999992 0.00238721 0.00806427 0.00534582 -0.00236961 0.999983 -1.28964 
0.99998 -0.00291547 -0.00556388 0.0139618 0.00290517 0.999994 -0.00185842 0.017518 0.00556919 0.0018422 0.999983 -1.28983 
0.999966 -0.00669479 -0.00489148 0.015976 0.00667978 0.999973 -0.00307746 0.00402451 0.00491202 0.00304468 0.999983 -1.29927 
0.999974 -0.00498754 -0.00520638 0.0198975 0.00497617 0.999985 -0.0021944 0.011302 0.00521728 0.00216848 0.999984 -1.31588 
0.999959 -0.00779711 -0.0046798 0.0134888 0.00780678 0.999967 0.00205234 -0.00148964 0.00466359 -0.0020888 0.999987 -1.29074 
0.999988 -0.00316671 -0.00369313 0.0130768 0.00317552 0.999992 0.00238288 0.00770092 0.00368562 -0.00239459 0.99999 -1.30665 
0.999998 -0.000583032 -0.00179231 0.000595093 0.000586785 0.999998 0.00209258 0.00712585 0.00179103 -0.00209362 0.999996 -1.28936 
1 0.000240726 -0.000454962 -0.00372314 -0.000239741 0.999997 0.00217056 0.00472736 0.000455469 -0.00217044 0.999997 -1.31463 
0.999999 0.00170555 -3.5584e-05 0.00724792 -0.00170547 0.999996 0.00214276 0.00315666 3.92199e-05 -0.00214271 0.999998 -1.27707 
0.999997 0.00143219 0.00195634 -0.00782776 -0.00143505 0.999998 0.00146484 0.00587559 -0.0019542 -0.00146766 0.999997 -1.30178 
1 0.000565914 0.000126481 0.0152435 -0.000566149 0.999998 0.0018155 0.00843239 -0.000125468 -0.00181556 0.999998 -1.27917 
0.999995 0.00137917 0.00295904 -0.00498962 -0.0013779 0.999999 -0.000429034 0.00694561 -0.0029597 0.000424974 0.999996 -1.29573 
0.999997 -0.000549685 0.00231791 0.00621033 0.000549471 1 9.27001e-05 0.0107689 -0.00231797 -9.14261e-05 0.999997 -1.28907 
0.99999 -0.00123544 0.00431439 0.00588989 0.00123421 0.999999 0.000291727 0.00797844 -0.00431466 -0.000286445 0.999991 -1.27782 
0.999992 -0.000611745 0.00409096 0.0177002 0.000623107 0.999996 -0.00277771 0.0169001 -0.00408927 0.00278027 0.999988 -1.26908 
0.999979 -0.000740966 0.00641748 0.00297546 0.000759456 0.999996 -0.00287886 0.0154324 -0.00641528 0.00288367 0.999975 -1.27839 
0.99997 -0.00212383 0.00748259 3.05176e-05 0.00214245 0.999995 -0.00248192 0.00826359 -0.00747719 0.00249789 0.999969 -1.26709 
0.999968 0.00230605 0.00770283 0.000747681 -0.0023063 0.999997 2.35066e-05 0.00923347 -0.00770268 -4.12762e-05 0.99997 -1.27193 
0.999959 0.000531638 0.00899088 -0.00137329 -0.000530779 1 -9.7394e-05 0.0160217 -0.00899091 9.26107e-05 0.99996 -1.25907 
0.99995 0.00160769 0.00990084 0.00547791 -0.00163577 0.999995 0.00282851 0.0051527 -0.00989616 -0.00284457 0.999947 -1.24773 
0.999936 0.00194607 0.011194 -0.00231934 -0.00193925 0.999998 -0.000619575 0.00705528 -0.0111953 0.00059782 0.999937 -1.27272 
0.999915 0.00287855 0.0127056 -0.00038147 -0.00289011 0.999996 0.00089103 0.00979424 -0.0127029 -0.000927657 0.999919 -1.2733 
0.999915 0.000824671 0.013042 0.0196381 -0.000841584 0.999999 0.00129149 0.0122137 -0.0130409 -0.00130235 0.999914 -1.24086 
0.999888 0.00271723 0.0147467 0.00108337 -0.002707 0.999996 -0.000713468 0.0154524 -0.0147486 0.000673473 0.999891 -1.26743 
0.999877 -5.65648e-05 0.0156947 -0.0161285 7.60779e-05 0.999999 -0.00124248 -0.00713062 -0.0156946 0.00124355 0.999876 -1.30966 
0.999896 0.00248239 0.0142 0.00411987 -0.00248268 0.999997 3.40492e-06 0.0180635 -0.0142 -3.86685e-05 0.999899 -1.26846 
0.999873 0.00327111 0.0156142 -0.0138245 -0.00326617 0.999994 -0.000342064 0.00222206 -0.0156152 0.000291042 0.999878 -1.25816 
0.999881 0.00222663 0.0152603 0.000320435 -0.00220029 0.999996 -0.00174256 0.00414371 -0.0152642 0.00170877 0.999882 -1.24507 
0.999879 0.00318822 0.0152292 0.00366211 -0.00314701 0.999991 -0.00272939 0.0142107 -0.0152377 0.00268112 0.99988 -1.25472 
0.999833 0.00528724 0.0174998 -0.0216675 -0.00525521 0.999985 -0.0018759 0.0129919 -0.0175095 0.00178361 0.999845 -1.24787 
0.999855 0.00386668 0.0165729 0.0102234 -0.0038506 0.999992 -0.00100293 0.0113163 -0.0165767 0.000938974 0.999862 -1.2246 
0.999789 0.00446166 0.020064 -0.0159912 -0.00443544 0.999989 -0.00135093 0.00958252 -0.0200698 0.00126166 0.999798 -1.23074 
0.999809 0.00398614 0.0191062 0.001297 -0.00396421 0.999991 -0.00118567 0.0143414 -0.0191108 0.00110971 0.999817 -1.20468 
0.999778 0.00323232 0.020807 -0.0138245 -0.00319189 0.999993 -0.00197589 0.0286064 -0.0208132 0.00190904 0.999782 -1.23412 
0.99982 0.00168839 0.0188919 0.0170288 -0.00169883 0.999999 0.00053646 0.00670052 -0.0188909 -0.000568449 0.999821 -1.20818 
0.999739 0.00372941 0.0225349 -0.0217285 -0.00371152 0.999993 -0.000835687 0.0116405 -0.0225379 0.000751812 0.999746 -1.24098 
0.999743 0.00301066 0.0224913 -0.00524902 -0.0029542 0.999992 -0.0025431 0.0118828 -0.0224987 0.00247604 0.999744 -1.22309 
0.999711 0.00462965 0.0235982 -0.00248718 -0.00461308 0.999989 -0.000756077 -0.00681353 -0.0236015 0.000646994 0.999721 -1.21281 
0.999661 0.00249162 0.025924 -0.0117493 -0.0024955 0.999997 0.000117127 0.0153131 -0.0259237 -0.000181802 0.999664 -1.21181 
0.999668 0.00246596 0.0256414 -0.0143127 -0.00253104 0.999994 0.00250573 0.0064559 -0.0256347 -0.00256979 0.999668 -1.21559 
0.999655 0.00207979 0.0261757 -0.00502014 -0.0020539 0.999997 -0.00101592 0.0211072 -0.0261779 0.000961825 0.999657 -1.20015 
0.999639 0.000686113 0.0268629 -0.00533295 -0.000666872 1 -0.000724589 0.0146585 -0.0268634 0.000706395 0.999639 -1.16594 
0.999627 6.3898e-05 0.0273203 0.00584412 -4.09558e-05 1 -0.000840763 0.0124006 -0.0273203 0.000839336 0.999626 -1.17882 
0.999623 -0.000538409 0.0274643 0.00489807 0.000515344 1 0.000846885 0.00755787 -0.0274648 -0.000832405 0.999623 -1.19724 
0.999629 -6.30394e-05 0.0272305 -0.00944519 7.39973e-05 1 -0.000401316 0.0180678 -0.0272304 0.000403177 0.999629 -1.14592 
0.999628 0.00105605 0.0272525 0.00305176 -0.00103772 0.999999 -0.000686681 0.0122099 -0.0272532 0.000658138 0.999628 -1.17067 
0.999593 0.00161492 0.0284951 -0.00670624 -0.00156476 0.999997 -0.00178214 0.0123687 -0.0284979 0.00173683 0.999592 -1.19044 
0.999557 0.00184358 0.0296999 -0.0125504 -0.00183697 0.999998 -0.000249997 0.011364 -0.0297003 0.000195341 0.999559 -1.16402 
0.999548 0.00334603 0.0298903 0.00112915 -0.00339373 0.999993 0.00154508 0.00336695 -0.029885 -0.00164581 0.999552 -1.1696 
0.999484 0.00151651 0.0320866 -0.0102539 -0.00150819 0.999999 -0.000283523 0.00579548 -0.0320869 0.000234969 0.999485 -1.18144 
0.999465 0.000368012 0.0327059 -0.0316849 -0.000309197 0.999998 -0.00180323 0.0100932 -0.0327065 0.00179217 0.999463 -1.20602 
0.999521 0.00150304 0.0309245 0.0138321 -0.00142075 0.999995 -0.00268296 0.0132995 -0.0309284 0.00263773 0.999518 -1.15071 
0.99939 0.00218915 0.0348524 -0.0345459 -0.00218961 0.999998 -2.52109e-05 0.0107741 -0.0348523 -5.11175e-05 0.999393 -1.19975 
0.999445 0.00253907 0.0332111 0.00595093 -0.0025898 0.999996 0.00148423 0.010006 -0.0332072 -0.00156942 0.999447 -1.16315 
0.999328 0.00542645 0.0362515 -0.043438 -0.00541114 0.999985 -0.000520262 0.0194268 -0.0362538 0.000323753 0.999343 -1.20348 
0.999411 0.00287774 0.034189 -0.0112801 -0.00285862 0.999996 -0.000607986 0.00446701 -0.0341906 0.000509901 0.999415 -1.16656 
0.999389 0.0020706 0.0349005 -0.0107498 -0.00204715 0.999998 -0.0007077 0.00719547 -0.0349019 0.000635828 0.999391 -1.17984 
0.999354 0.00450646 0.0356508 -0.0193977 -0.00440386 0.999986 -0.00295615 0.017488 -0.0356637 0.00279723 0.99936 -1.18396 
0.999373 0.00251905 0.0353271 -0.00777435 -0.00243229 0.999994 -0.00249853 0.0109525 -0.0353333 0.00241102 0.999373 -1.175 
0.999341 0.00253794 0.0362227 -0.019701 -0.00246139 0.999994 -0.00215794 0.0128579 -0.036228 0.00206736 0.999341 -1.18253 
0.999358 0.00290848 0.0357137 -0.00866604 -0.00288695 0.999996 -0.000654166 0.00837564 -0.0357154 0.000550656 0.999362 -1.17114 
0.999327 0.00165208 0.036648 -0.0250306 -0.00163157 0.999999 -0.000589404 0.00671101 -0.0366488 0.000529211 0.999328 -1.17822 
0.999373 0.00247174 0.03532 0.00205851 -0.00245188 0.999997 -0.000605752 0.0143933 -0.0353214 0.000518769 0.999376 -1.15709 
0.999337 0.00138858 0.0363933 -0.0246372 -0.00138727 0.999999 -6.13203e-05 0.017673 -0.0363933 1.07867e-05 0.999338 -1.16347 
0.999442 0.0017533 0.0333537 0.00886726 -0.00172381 0.999998 -0.000913014 0.0133071 -0.0333553 0.000855007 0.999443 -1.15533 
0.999381 0.000193016 0.0351911 -0.0259285 -0.000150526 0.999999 -0.00120996 0.0151129 -0.0351913 0.00120393 0.99938 -1.15982 
0.999473 0.000488997 0.0324589 0.0107346 -0.000513561 1 0.000748385 0.0061245 -0.0324585 -0.000764665 0.999473 -1.13795 
0.99942 0.00309755 0.0339026 -0.0271683 -0.00308069 0.999995 -0.000549435 0.012311 -0.0339041 0.000444675 0.999425 -1.18028 
0.99949 0.00345536 0.0317478 0.000572205 -0.00338761 0.999992 -0.00218766 0.0126801 -0.0317551 0.00207898 0.999494 -1.16241 
0.999485 0.00303346 0.0319623 -0.0220299 -0.00299086 0.999995 -0.00138061 0.0196724 -0.0319664 0.00128429 0.999488 -1.17369 
0.999542 0.00277087 0.0301311 -0.00135422 -0.002785 0.999996 0.00042695 0.00732613 -0.0301298 -0.000510662 0.999546 -1.1575 
0.999507 0.00365754 0.0311678 -0.0167084 -0.0036628 0.999993 0.00011165 0.00895882 -0.0311672 -0.000225762 0.999514 -1.18092 
0.999519 0.0043156 0.0307047 -0.00559235 -0.00432432 0.999991 0.000217901 -0.000258446 -0.0307034 -0.000350576 0.999528 -1.16466 
0.999508 0.00361131 0.0311445 -0.0147858 -0.00359292 0.999993 -0.000646815 0.00779915 -0.0311466 0.000534616 0.999515 -1.19467 
0.999502 0.00372285 0.0313289 -0.0107803 -0.00370421 0.999993 -0.000653244 0.0146885 -0.0313312 0.000536869 0.999509 -1.17923 
0.999522 0.00455987 0.030584 -0.00322723 -0.00458846 0.999989 0.000864772 0.00471592 -0.0305796 -0.00100469 0.999532 -1.172 
0.999524 0.0027956 0.030733 -0.0171051 -0.00278795 0.999996 -0.000291703 0.00885773 -0.0307338 0.000205892 0.999527 -1.17889 
0.99955 0.0023554 0.0299093 -0.00418091 -0.00232599 0.999997 -0.00101829 0.00553322 -0.0299115 0.00094826 0.999552 -1.18242 
0.999529 0.00197484 0.0306316 -0.0105362 -0.00195154 0.999998 -0.000790408 0.0117607 -0.0306331 0.000730252 0.99953 -1.17693 
0.99953 0.00298914 0.0305005 0.00284576 -0.00306398 0.999992 0.00240718 0.00753403 -0.0304931 -0.00249951 0.999532 -1.17839 
0.999495 0.00270886 0.0316698 -0.0174332 -0.0028104 0.999991 0.00316207 -0.00264072 -0.0316611 -0.00324946 0.999493 -1.1794 
0.999519 0.00349888 0.0308325 -0.00984192 -0.00348004 0.999994 -0.000664178 0.0104265 -0.0308345 0.000556534 0.999524 -1.19191 
0.999528 0.00250244 0.0306117 -0.00587463 -0.00245167 0.999995 -0.00169654 0.0162239 -0.0306158 0.00162072 0.99953 -1.18335 
0.999555 0.00120721 0.0298 -0.0114136 -0.00116213 0.999998 -0.00153032 0.00589561 -0.0298018 0.00149503 0.999555 -1.20337 
0.999615 0.000270024 0.0277571 -0.00469971 -0.000271987 1 6.68596e-05 0.0142326 -0.0277571 -7.44015e-05 0.999615 -1.20729 
0.999671 0.000297841 0.0256521 -0.00343323 -0.000303999 1 0.000236291 0.00496197 -0.0256521 -0.00024401 0.999671 -1.20544 
0.999703 0.00102798 0.0243413 -0.00674438 -0.00098959 0.999998 -0.00158805 0.0109806 -0.0243424 0.00156349 0.999702 -1.20877 
0.999741 0.000137422 0.0227727 0.00471497 -8.9664e-05 0.999998 -0.00209882 0.0119619 -0.0227731 0.00209625 0.999738 -1.20096 
0.999747 0.00316173 0.0222625 -0.0144806 -0.00310925 0.999992 -0.00239124 0.0111876 -0.0222699 0.00232139 0.999749 -1.21043 
0.999775 0.00234109 0.0210774 -0.00468445 -0.00230673 0.999996 -0.00165487 0.00918579 -0.0210811 0.00160591 0.999777 -1.215 
0.999798 0.00303974 0.0198709 0.0078125 -0.00303121 0.999995 -0.000459291 0.00611115 -0.0198721 0.00039896 0.999802 -1.21501 
0.999784 0.00061319 0.0207952 -0.00897217 -0.000611737 1 -7.63834e-05 0.0122013 -0.0207954 6.36429e-05 0.999784 -1.2224 
0.999776 0.00187935 0.0210612 -0.00985718 -0.00187489 0.999998 -0.000230961 0.00540924 -0.0210616 0.00019142 0.999778 -1.23625 
0.999789 0.000446245 0.0205307 -0.000167847 -0.000393741 0.999997 -0.0025613 0.00816154 -0.0205318 0.00255268 0.999786 -1.23083 
