1 0 0 0 0 1 0 0 0 0 1 0 
0.999999 -0.000782994 -0.00146455 0.00785502 0.000789657 0.999989 0.00455481 -0.00196575 0.00146096 -0.00455596 0.999989 -0.96368 
0.999997 0.00223475 -0.000677924 -0.0018056 -0.00223422 0.999997 0.000787597 -0.00657042 0.000679683 -0.00078608 0.999999 -0.954803 
0.999999 0.00103159 -0.000507521 0.0096986 -0.00103368 0.999991 -0.00413094 0.00297497 0.000503255 0.00413146 0.999991 -0.932933 
0.999997 0.00248958 0.000596896 -0.000778545 -0.00248583 0.999978 -0.00620459 0.00843855 -0.000612331 0.00620309 0.999981 -0.948483 
0.999992 0.0036034 0.00154597 -0.00251677 -0.00360328 0.999993 -7.83256e-05 0.00194034 -0.00154625 7.27545e-05 0.999999 -0.937982 
0.999997 0.00256471 0.000779094 0.00012984 -0.00256697 0.999993 0.00290815 -0.00189814 -0.00077163 -0.00291014 0.999996 -0.931008 
0.999999 0.000682017 0.0010481 0.00119425 -0.000685846 0.999993 0.00365491 -0.00789445 -0.0010456 -0.00365562 0.999993 -0.929007 
1 -0.000428379 0.000398197 0.0064438 0.000428296 1 0.000199824 0.00620816 -0.000398283 -0.000199654 1 -0.9235 
0.999999 -7.42791e-05 0.00111075 0.00646075 7.63011e-05 0.999998 -0.00181887 -0.00132673 -0.00111061 0.00181895 0.999998 -0.914699 
1 -0.000301843 0.000428676 0.00547249 0.000303043 0.999996 -0.00280237 -0.000878226 -0.000427827 0.0028025 0.999996 -0.939393 
0.999999 0.000209596 0.00104113 0.00423446 -0.000207978 0.999999 -0.0015522 0.000743449 -0.00104145 0.00155199 0.999998 -0.92326 
0.999999 0.00136226 0.000692846 -0.00333715 -0.0013617 0.999999 -0.00081825 0.00352142 -0.00069396 0.000817304 1 -0.914226 
0.999999 0.000351632 0.0010661 -0.000276646 -0.000351425 1 -0.000193401 0.0037768 -0.00106617 0.000193026 0.999999 -0.914818 
1 0.000223141 0.000484095 0.00413182 -0.000223903 0.999999 0.00157105 -0.00269966 -0.000483743 -0.00157116 0.999999 -0.899919 
1 0.000262298 0.0011041 0.0120762 -0.000264509 0.999998 0.00200266 -0.00333237 -0.00110357 -0.00200295 0.999997 -0.907318 
0.999997 0.00139421 0.0018908 -0.00713357 -0.00139721 0.999998 0.00158376 -0.00793615 -0.00188858 -0.00158639 0.999997 -0.905842 
0.999999 -9.00964e-05 0.00172507 0.00479683 8.99362e-05 1 9.41309e-05 0.00869968 -0.00172508 -9.39758e-05 0.999999 -0.89982 
0.999998 -0.00139168 0.00107807 0.0167053 0.00139064 0.999999 0.000959132 -0.00307057 -0.0010794 -0.000957631 0.999999 -0.901631 
0.999997 -0.00171487 0.00181784 0.00227726 0.00171494 0.999999 -3.47369e-05 0.00012891 -0.00181777 3.78544e-05 0.999998 -0.894213 
0.999999 0.000854223 0.00107193 0.00816671 -0.000853231 0.999999 -0.000926579 0.00140074 -0.00107272 0.000925663 0.999999 -0.895811 
0.999999 -0.000397404 0.00138665 0.00468372 0.000399368 0.999999 -0.00141508 0.00179352 -0.00138608 0.00141563 0.999998 -0.884766 
0.999998 -0.000287352 0.00184422 -0.000713766 0.000287795 1 -0.000241309 -0.00478775 -0.00184416 0.000241839 0.999998 -0.884056 
0.999998 0.00129021 0.00156641 0.00322999 -0.00129008 0.999999 -8.69392e-05 0.00203113 -0.00156652 8.49189e-05 0.999999 -0.874889 
0.999998 -0.000127731 0.00191793 0.00301212 0.000126012 1 0.000895809 -0.00214117 -0.00191804 -0.000895566 0.999998 -0.877573 
1 -0.000159632 0.000477483 0.00563926 0.000160036 1 -0.000847431 0.00484036 -0.000477349 0.000847507 1 -0.859568 
0.999999 -8.10063e-05 0.00113065 0.00226954 8.30544e-05 0.999998 -0.00180787 -0.0019412 -0.0011305 0.00180797 0.999998 -0.85627 
0.999999 0.00118902 0.000901312 -0.000947624 -0.00118647 0.999995 -0.00282046 0.00212757 -0.000904668 0.00281939 0.999996 -0.846146 
1 -0.000267998 0.000478603 0.00614536 0.000268785 0.999999 -0.00164618 0.00601386 -0.000478161 0.0016463 0.999998 -0.841913 
1 -0.000523785 0.00048032 0.00842133 0.000523097 0.999999 0.00142477 -0.00122522 -0.000481062 -0.00142452 0.999999 -0.832558 
0.999998 -0.00204713 0.00085141 0.00626016 0.00204508 0.999995 0.00240274 0.00241365 -0.000856325 -0.00240099 0.999997 -0.812008 
1 -0.000254103 0.000877803 0.00156549 0.000252593 0.999999 0.00172374 -0.00159825 -0.000878243 -0.00172352 0.999998 -0.793772 
0.999999 -0.000888403 0.000927428 0.00629863 0.000887946 1 0.000492881 -0.00286057 -0.00092786 -0.000492058 0.999999 -0.796055 
0.999999 -0.000396172 0.00108434 0.00707257 0.000395642 1 0.000487027 0.000660901 -0.00108453 -0.000486596 0.999999 -0.784981 
0.999997 0.000234174 0.0022716 -0.00289023 -0.000235436 1 0.000556405 0.00599975 -0.00227148 -0.00055694 0.999997 -0.790859 
0.999998 0.000392868 0.0020036 0.0032627 -0.000392744 1 -6.24347e-05 0.00114071 -0.00200362 6.16467e-05 0.999998 -0.766169 
0.999999 -0.000453313 0.00162845 0.00883645 0.000454689 1 -0.000844316 -0.00510046 -0.00162806 0.000845055 0.999998 -0.762236 
0.999997 0.000685116 0.00250015 -0.00782239 -0.000679005 0.999997 -0.00244409 0.00460871 -0.00250182 0.00244239 0.999994 -0.756929 
0.999997 -0.000939795 0.00216172 0.00294757 0.000942658 0.999999 -0.00132402 -0.000235125 -0.00216046 0.00132606 0.999997 -0.73571 
0.999998 -0.00136008 0.00133854 0.0145548 0.00136046 0.999999 -0.000282623 0.00356288 -0.00133817 0.000284443 0.999999 -0.726997 
0.999995 -0.00257374 0.00205369 0.00464457 0.00257274 0.999996 0.000492895 0.00674495 -0.00205495 -0.000487609 0.999998 -0.730038 
0.999996 -0.00182201 0.0020367 0.000103951 0.00182027 0.999998 0.000855583 -0.00420256 -0.00203826 -0.000851871 0.999998 -0.709618 
0.999999 -0.000506536 0.00161191 0.00160438 0.000508482 0.999999 -0.00120658 0.000141978 -0.00161131 0.0012074 0.999998 -0.704433 
0.999999 -0.000921415 0.000726443 0.0106202 0.000922757 0.999998 -0.00185069 0.00411363 -0.000724725 0.00185135 0.999998 -0.695999 
0.999997 -0.00260371 0.000398356 0.00289029 0.0026039 0.999996 -0.000488572 0.00126816 -0.00039709 0.000489607 1 -0.677578 
0.999993 -0.00346252 -0.00129589 0.00857902 0.00346525 0.999992 0.00211036 0.00213401 0.00128857 -0.00211483 0.999997 -0.672817 
0.999997 -0.00163789 -0.00186002 0.00603437 0.00164302 0.999995 0.00276181 0.0064008 0.0018555 -0.00276486 0.999994 -0.651348 
0.999999 -0.000318909 -0.00171383 -0.00338089 0.00032256 0.999998 0.00213058 -0.00802488 0.00171313 -0.00213113 0.999996 -0.648109 
0.999993 -0.000966466 -0.00364504 0.0128632 0.000962972 0.999999 -0.000960427 -0.000814693 0.00364596 0.00095691 0.999993 -0.634602 
0.999985 -0.00472107 -0.0028538 0.00462568 0.00471289 0.999985 -0.00286617 0.00338828 0.0028673 0.00285267 0.999992 -0.638943 
0.999984 -0.00445582 -0.00360606 -0.000796944 0.00444391 0.999985 -0.00330593 0.000808597 0.00362074 0.00328985 0.999988 -0.643784 
0.99998 -0.00476031 -0.0041968 0.00558959 0.00475609 0.999988 -0.00101289 0.00117263 0.00420158 0.000992913 0.999991 -0.606796 
0.999979 -0.00377842 -0.00533525 0.00723804 0.00377661 0.999993 -0.000347847 -0.00144714 0.00533652 0.00032769 0.999986 -0.581844 
0.999972 -0.00414559 -0.00620776 0.0163087 0.00413221 0.999989 -0.00216579 -0.00123575 0.00621667 0.00214008 0.999978 -0.57444 
0.999972 -0.00448246 -0.00605891 -0.0047155 0.00447328 0.999989 -0.0015303 0.0112917 0.0060657 0.00150315 0.999981 -0.554615 
0.99997 -0.00332786 -0.00693859 0.00205785 0.00332907 0.999995 0.000164809 0.00129122 0.006938 -0.000187903 0.999976 -0.532734 
0.999967 -0.00343395 -0.00740916 0.00489593 0.00342984 0.999994 -0.000566253 0.00720835 0.00741106 0.000540822 0.999972 -0.508625 
0.999967 -0.00381812 -0.00710598 -0.00135112 0.00382149 0.999993 0.000461092 -0.0022907 0.00710417 -0.000488237 0.999975 -0.498051 
0.999957 -0.00431402 -0.00821159 0.0121787 0.00433407 0.999988 0.00242588 0.000332773 0.00820101 -0.00246137 0.999963 -0.466068 
0.999966 -0.00219619 -0.00801834 -3.69549e-05 0.00221416 0.999995 0.0022343 0.00682417 0.0080134 -0.00225197 0.999965 -0.455532 
0.999969 -0.000396559 -0.00782013 -0.00215125 0.000395806 1 -9.93395e-05 -0.00134376 0.00782016 9.62396e-05 0.999969 -0.428917 
0.999968 0.000834014 -0.0079501 -0.00702286 -0.00084776 0.999998 -0.00172528 0.00108218 0.00794864 0.00173197 0.999967 -0.397346 
0.999967 -0.00203417 -0.00784538 -0.00180054 0.0020251 0.999997 -0.00116466 -4.20809e-05 0.00784773 0.00114873 0.999969 -0.390747 
0.999956 -0.00308836 -0.00887351 0.00835109 0.00308201 0.999995 -0.000730761 0.00547817 0.00887572 0.000703383 0.99996 -0.360962 
0.999952 -0.00496689 -0.00837219 -0.00834942 0.00496889 0.999988 0.000218987 -0.00175378 0.008371 -0.000260578 0.999965 -0.325932 
0.99995 -0.00392433 -0.00923214 0.00502539 0.00391716 0.999992 -0.00079401 0.00548059 0.00923517 0.000757808 0.999957 -0.303307 
0.999955 0.000610669 -0.00941912 -0.00438786 -0.000622741 0.999999 -0.00128007 0.00318152 0.00941835 0.00128588 0.999955 -0.286686 
0.999943 0.00134216 -0.0106288 -0.0137978 -0.00132872 0.999998 0.00127201 0.000306964 0.0106305 -0.00125781 0.999943 -0.279255 
0.999924 0.00192814 -0.0121674 -0.00490522 -0.001885 0.999992 0.00355477 0.00459838 0.0121742 -0.00353157 0.99992 -0.258949 
0.999909 -0.000521347 -0.013512 -0.00927258 0.000567798 0.999994 0.00343456 -0.00486317 0.0135101 -0.00344192 0.999903 -0.26944 
0.999875 -0.00135673 -0.0157542 -0.00283623 0.00137576 0.999999 0.00119711 0.000404462 0.0157526 -0.00121864 0.999875 -0.266525 
0.999865 -0.00187099 -0.0163029 -0.0121546 0.00187476 0.999998 0.000216722 0.00187705 0.0163025 -0.000247258 0.999867 -0.253891 
0.999851 -0.000613206 -0.0172339 -0.00914097 0.000614645 1 7.79289e-05 -0.00182556 0.0172339 -8.85101e-05 0.999851 -0.263573 
0.999827 0.00109832 -0.0185796 -0.00849247 -0.0010943 0.999999 0.000226446 -0.00541368 0.0185799 -0.000206074 0.999827 -0.266155 
0.999805 0.000449915 -0.0197584 -0.0144033 -0.000470604 0.999999 -0.00104107 0.00178465 0.0197579 0.00105016 0.999804 -0.253296 
0.99979 -2.58078e-05 -0.0204993 -0.0217638 2.05357e-05 1 -0.000258135 0.00228108 0.0204993 0.000257661 0.99979 -0.243626 
0.999763 -0.00201925 -0.0216709 -0.0152988 0.00204186 0.999997 0.00102164 -0.00359982 0.0216688 -0.00106565 0.999765 -0.245861 
0.999719 -0.00116668 -0.0236983 -0.0118427 0.00117841 0.999999 0.000481273 0.000690222 0.0236978 -0.000509065 0.999719 -0.259495 
0.99968 -0.00170409 -0.0252245 -0.0229597 0.00168876 0.999998 -0.000629548 0.00366937 0.0252256 0.000586755 0.999682 -0.25729 
0.999633 -0.00327498 -0.0268811 -0.0163174 0.00324935 0.999994 -0.000997335 0.000980079 0.0268841 0.000909627 0.999638 -0.255432 
0.999578 -0.00257662 -0.028927 -0.0206032 0.00254882 0.999996 -0.000997782 0.00207919 0.0289294 0.000923634 0.999581 -0.261745 
0.99953 -0.001087 -0.0306476 -0.0215931 0.00106424 0.999999 -0.00075839 -0.000726372 0.0306485 0.000725408 0.99953 -0.268562 
0.999473 0.0022894 -0.032371 -0.0346966 -0.00229504 0.999997 -0.000137008 0.00118986 0.0323706 0.000211228 0.999476 -0.272255 
0.99935 0.00278838 -0.0359441 -0.0280075 -0.00277639 0.999996 0.000383977 -0.000873953 0.0359449 -0.000283931 0.999354 -0.266258 
0.99927 0.00176073 -0.0381598 -0.0347023 -0.00169507 0.999997 0.00175259 0.000674546 0.0381628 -0.00168663 0.99927 -0.267853 
0.999216 -0.00058232 -0.0395829 -0.0285587 0.000693374 0.999996 0.00279216 -0.00642936 0.0395812 -0.00281743 0.999212 -0.274975 
0.999149 -0.000881438 -0.0412467 -0.0347519 0.000961945 0.999998 0.00193229 -0.00401671 0.0412449 -0.00197031 0.999147 -0.293068 
0.999046 -0.00266025 -0.0435856 -0.0285053 0.00270546 0.999996 0.000978331 -0.00461872 0.0435828 -0.00109532 0.999049 -0.298447 
0.998953 -0.00508286 -0.0454724 -0.0238228 0.00508673 0.999987 -3.06503e-05 -0.00538485 0.0454718 -0.000200683 0.998966 -0.314102 
0.998895 -0.00593225 -0.0466341 -0.0204887 0.00591992 0.999982 -0.000402512 -0.000502229 0.0466359 0.000125993 0.998912 -0.31432 
0.998793 -0.00190483 -0.0490885 -0.028717 0.0018705 0.999998 -0.000745113 -0.00172728 0.0490897 0.000652388 0.998794 -0.352432 
0.998634 0.000803861 -0.0522483 -0.026165 -0.000940368 0.999996 -0.00258817 0.00113577 0.0522461 0.00263378 0.998631 -0.355297 
0.998613 5.29224e-05 -0.0526574 -0.0342178 -0.000145458 0.999998 -0.0017534 -0.00157601 0.0526572 0.00175861 0.998611 -0.368965 
0.998495 -0.000847993 -0.0548419 -0.0267563 0.000758479 0.999998 -0.00165291 -0.000490606 0.0548431 0.00160884 0.998494 -0.397301 
0.998367 0.000113986 -0.0571259 -0.0273781 -0.000102535 1 0.000203403 -0.00943768 0.057126 -0.000197211 0.998367 -0.42197 
0.998334 0.000103818 -0.0576995 -0.0258942 -0.000206241 0.999998 -0.00176907 0.00209266 0.0576992 0.00177802 0.998332 -0.41641 
0.998457 -0.00211647 -0.0554861 -0.0304604 0.00197869 0.999995 -0.0025377 -0.0145218 0.0554912 0.00242401 0.998456 -0.474586 
0.998515 -0.00224681 -0.0544257 -0.0367775 0.00204264 0.999991 -0.00380663 -0.00729573 0.0544338 0.00368982 0.998511 -0.462589 
0.998486 -0.00646324 -0.0546277 -0.0116844 0.0062998 0.999975 -0.00316351 -0.00672388 0.0546468 0.00281457 0.998502 -0.481821 
0.998634 -0.00159537 -0.0522185 -0.0244217 0.0016147 0.999999 0.000327933 -0.0122869 0.052218 -0.000411798 0.998636 -0.486393 
0.998693 0.0077962 -0.0505138 -0.0384445 -0.00786182 0.999968 -0.00110052 0.00269401 0.0505036 0.00149621 0.998723 -0.489025 
0.998868 0.0105713 -0.0463738 -0.0402756 -0.0107226 0.999938 -0.00301529 -0.00891483 0.046339 0.00350911 0.99892 -0.513268 
0.999034 0.00676664 -0.0434324 -0.0368118 -0.00675489 0.999977 0.000417254 -0.00542745 0.0434342 -0.000123451 0.999056 -0.515942 
0.999226 0.000556143 -0.0393493 -0.0141945 -0.000489397 0.999999 0.00170563 -0.0119514 0.0393502 -0.00168506 0.999224 -0.54952 
0.999428 0.00622744 -0.03322 -0.037365 -0.00617856 0.99998 0.00157423 0.00327316 0.0332291 -0.00136808 0.999447 -0.51639 
0.999547 0.00546274 -0.0295851 -0.0210152 -0.00549325 0.999984 -0.000950016 -0.0039123 0.0295794 0.0011121 0.999562 -0.562172 
0.999667 0.00463904 -0.0254053 -0.0183525 -0.00468467 0.999988 -0.00173688 0.00353307 0.0253969 0.00185529 0.999676 -0.568368 
0.999789 0.00398986 -0.0201637 -0.0185661 -0.00400246 0.999992 -0.000584748 -0.0134599 0.0201611 0.000665346 0.999797 -0.579415 
0.999871 0.00198423 -0.0159529 -0.0119667 -0.00194805 0.999996 0.00228371 -0.0150851 0.0159574 -0.00225233 0.99987 -0.582119 
0.999907 -0.000412205 -0.0136363 -0.00130463 0.000407088 1 -0.000378211 -0.00274241 0.0136364 0.000372611 0.999907 -0.596456 
0.999933 0.000146377 -0.0115206 -0.00226212 -0.000136347 0.999999 0.000871795 -0.00420856 0.0115207 -0.000870157 0.999933 -0.615182 
0.999948 0.00440044 -0.00924467 -0.0123062 -0.00437521 0.999987 0.00274803 -0.00411355 0.00925665 -0.00270744 0.999954 -0.615993 
0.99997 0.00376459 -0.00679856 -0.012188 -0.00375154 0.999991 0.0019314 -0.0100201 0.00680577 -0.00190584 0.999975 -0.620957 
0.99999 7.98646e-05 -0.00458151 0.00600815 -8.28113e-05 1 -0.000642468 -0.00723505 0.00458146 0.000642803 0.999989 -0.656163 
0.99999 -0.00268045 -0.00345806 0.00169754 0.00267181 0.999993 -0.00250219 -0.0150177 0.00346474 0.00249294 0.999991 -0.646221 
0.999995 -0.00219484 -0.00241598 0.00662613 0.00217852 0.999975 -0.00673792 -0.00342977 0.00243071 0.00673263 0.999974 -0.706355 
0.999998 0.00137134 -0.00125852 -0.00193024 -0.00137829 0.999984 -0.0055316 -0.00450706 0.00125092 0.00553332 0.999984 -0.689654 
0.999998 0.00217074 -0.000662867 -0.000106812 -0.00217257 0.999994 -0.0027791 -2.7895e-05 0.000656828 0.00278054 0.999996 -0.6809 
0.999994 0.00349076 -0.000100154 0.000488281 -0.00349057 0.999992 0.00197039 0.00338304 0.000107031 -0.00197003 0.999998 -0.707122 
0.999999 0.00128225 0.00105111 -0.00898743 -0.00129015 0.999971 0.0075602 -0.0145305 -0.00104138 -0.00756154 0.999971 -0.711329 
0.999997 0.000830771 0.00210995 0.00437927 -0.000848036 0.999966 0.00819378 -0.0165997 -0.00210306 -0.00819556 0.999964 -0.709201 
0.999997 0.000966858 0.00226879 -0.00196457 -0.000968529 0.999999 0.000733561 -0.0179129 -0.00226809 -0.000735766 0.999997 -0.737682 
0.999998 -0.000420477 0.0020521 0.00683594 0.000429522 0.99999 -0.00441056 -0.00636268 -0.00205022 0.00441143 0.999988 -0.74851 
0.999996 -0.00022787 0.00276236 0.000961304 0.000245724 0.999979 -0.00646265 0.00393832 -0.00276084 0.00646331 0.999975 -0.75629 
0.999996 -0.00155678 0.00258336 0.00817108 0.00156158 0.999997 -0.00185916 9.78708e-05 -0.00258046 0.00186318 0.999995 -0.745623 
0.999965 0.00777149 0.00304855 -0.0059967 -0.00778798 0.999955 0.00543507 -0.00564528 -0.00300617 -0.0054586 0.999981 -0.728176 
0.999993 0.00199566 0.0031905 -0.00218582 -0.00201245 0.999984 0.00527015 -0.00642967 -0.00317994 -0.00527651 0.999981 -0.737566 
0.999978 -0.00598141 0.00269246 0.0181427 0.00597928 0.999982 0.000795196 -0.0098598 -0.00269716 -0.000779085 0.999996 -0.732117 
0.999985 -0.00428933 0.00346179 0.0146484 0.00430135 0.999985 -0.00347069 -0.00365305 -0.00344685 0.00348554 0.999988 -0.756487 
0.999982 0.00409243 0.00440107 -0.00827408 -0.00407619 0.999985 -0.00369363 0.00466704 -0.00441612 0.00367562 0.999984 -0.764908 
0.999982 0.00478742 0.00352335 -0.00892639 -0.0047903 0.999988 0.00081257 1.95503e-05 -0.00351942 -0.000829444 0.999994 -0.742556 
0.999997 -3.8065e-05 0.00240344 0.0126495 2.74926e-05 0.99999 0.00439418 -0.00212502 -0.00240358 -0.00439411 0.999987 -0.732132 
0.999985 -0.00355499 0.00421723 0.00946045 0.00355115 0.999993 0.000917852 -0.0101576 -0.00422046 -0.000902861 0.999991 -0.750877 
0.999994 -0.000257323 0.00353286 0.00286484 0.000258757 1 -0.000405661 -0.00611591 -0.00353275 0.000406583 0.999994 -0.76495 
0.999986 0.00399785 0.00343069 -0.000217438 -0.00398761 0.999988 -0.0029889 -0.000587225 -0.00344259 0.00297518 0.99999 -0.745377 
0.999983 0.00476724 0.00348046 -0.00385284 -0.00476877 0.999989 0.000435293 0.000504971 -0.00347834 -0.000451889 0.999994 -0.746632 
0.99999 0.00296537 0.00342048 -0.00069809 -0.00296913 0.999995 0.00108917 -0.00472379 -0.00341724 -0.00109931 0.999994 -0.754759 
0.999997 0.00093469 0.00245753 0.00242996 -0.000933867 0.999999 -0.000339845 -0.000910759 -0.00245784 0.000337531 0.999997 -0.765213 
0.999993 0.00147524 0.00343744 0.00404358 -0.00147176 0.999998 -0.00101531 -0.00816798 -0.00343894 0.00101025 0.999994 -0.755196 
0.999991 0.00231672 0.00351709 0.000980377 -0.00231301 0.999997 -0.00105919 -0.00284982 -0.00351953 0.00105106 0.999993 -0.747913 
0.999994 -0.00115079 0.00308054 0.000453949 0.00115107 0.999999 -8.67981e-05 -0.000523567 -0.00308043 9.03389e-05 0.999995 -0.759396 
0.99999 -0.00314831 0.00311971 0.0151863 0.00314242 0.999993 0.00189046 -0.00780511 -0.00312564 -0.00188063 0.999993 -0.773388 
0.999994 0.00206305 0.00274155 -0.00345993 -0.00206395 0.999998 0.000322884 -0.00769901 -0.00274089 -0.000328558 0.999996 -0.749279 
0.999993 -0.00183221 0.00325256 0.00295639 0.00183283 0.999998 -0.000181978 -0.00888348 -0.00325221 0.000187931 0.999995 -0.761425 
0.999996 -0.00157629 0.00219489 0.00943375 0.00157645 0.999999 -7.40313e-05 -0.000209093 -0.00219477 7.74964e-05 0.999998 -0.762665 
0.999992 -0.00263603 0.00288794 0.0130539 0.00263538 0.999996 0.000226193 -0.00519204 -0.00288853 -0.000218581 0.999996 -0.766399 
0.999996 -0.00105032 0.00271112 0.00757217 0.00104566 0.999998 0.00171928 -0.00445461 -0.00271291 -0.00171645 0.999995 -0.754333 
0.999993 -0.00152182 0.00339212 0.0108643 0.00150977 0.999993 0.00355234 -0.00346422 -0.0033975 -0.00354719 0.999988 -0.78529 
0.999993 0.00059139 0.00380919 -0.000675201 -0.000600133 0.999997 0.00229305 -0.00840116 -0.00380784 -0.0022953 0.99999 -0.775539 
0.99998 -0.00554398 0.0031411 0.0140572 0.00553861 0.999983 0.00171576 -0.00709963 -0.00315053 -0.00169834 0.999994 -0.769772 
0.999989 -0.00393652 0.00261636 0.017128 0.00393944 0.999992 -0.00110943 -0.00398827 -0.00261198 0.00111972 0.999996 -0.77951 
0.999988 0.00345823 0.00341859 0.00248337 -0.00345969 0.999994 0.000421848 -0.0089879 -0.00341712 -0.000433656 0.999994 -0.760651 
0.99999 -0.00229616 0.00379238 0.0141296 0.00229121 0.999996 0.00130618 0.00507927 -0.00379534 -0.00129749 0.999992 -0.815529 
0.999987 -0.00325254 0.00389194 0.0150909 0.00324862 0.999994 0.00101175 -0.0120184 -0.00389523 -0.00099911 0.999992 -0.787079 
0.999991 -0.000613427 0.00427899 0.00565338 0.000622589 0.999997 -0.00213965 -0.00709987 -0.00427764 0.00214228 0.999989 -0.797501 
0.99999 -0.000109991 0.00443532 0.0173492 0.000109017 1 0.000220037 -0.000211716 -0.00443534 -0.00021952 0.99999 -0.811974 
0.99998 -0.0029868 0.00549832 -0.00151825 0.00296882 0.99999 0.00327459 -0.00920653 -0.00550806 -0.00325822 0.999979 -0.788162 
0.999981 -0.00167312 0.00586591 0.0139351 0.00162338 0.999963 0.00847524 -0.00987911 -0.0058799 -0.00846555 0.999947 -0.793293 
0.99997 -0.00027081 0.00768748 0.00506973 0.000236722 0.99999 0.00443491 -0.00985408 -0.0076886 -0.00443298 0.999961 -0.808025 
0.999961 -0.00421124 0.00777942 0.014904 0.00418861 0.999987 0.00292304 -0.0141373 -0.00779164 -0.00289032 0.999966 -0.81234 
0.99997 -0.0021531 0.00738638 0.00676727 0.0021708 0.999995 -0.00239028 -0.0049541 -0.00738116 0.00240624 0.99997 -0.828777 
0.999973 0.000572338 0.00728338 0.0128098 -0.000563337 0.999999 -0.00123738 -0.0102181 -0.00728408 0.00123324 0.999973 -0.817234 
0.999971 0.000309722 0.00764765 0.00738144 -0.000282377 0.999994 -0.00357646 -0.0056715 -0.0076487 0.00357419 0.999964 -0.837215 
0.999971 -0.00137168 0.00753286 0.00850677 0.00141604 0.999982 -0.00588679 0.000870705 -0.00752461 0.00589728 0.999954 -0.813927 
0.999968 -0.0015356 0.00791025 0.000751495 0.00159457 0.999971 -0.00745341 -0.00796914 -0.00789861 0.00746579 0.999941 -0.827644 
0.999974 -0.000257637 0.00713585 0.00784683 0.000277951 0.999996 -0.00284611 0.011793 -0.00713508 0.00284801 0.99997 -0.831573 
0.999973 0.000217403 0.00730336 0.00865555 -0.000230212 0.999999 0.00175283 0.000361323 -0.007303 -0.00175446 0.999972 -0.816624 
0.999985 0.0010558 0.00547853 0.00612259 -0.00109411 0.999975 0.00699584 -0.0101813 -0.00547099 -0.00700173 0.999961 -0.796406 
0.999981 -0.00104498 0.00601913 -0.00519943 0.00102173 0.999992 0.00386553 -0.0147381 -0.00602312 -0.00385931 0.999974 -0.789646 
0.999987 -0.000746497 0.00499406 0.0124664 0.000733499 0.999996 0.00260444 0.000217915 -0.00499596 -0.00260073 0.999984 -0.78447 
0.999984 -0.00231224 0.00521344 0.0145264 0.00231806 0.999997 -0.0011102 0.00197423 -0.0052108 0.00112228 0.999986 -0.803802 
0.999978 0.00433906 0.00494048 0.00167847 -0.00432786 0.999988 -0.00227491 -0.00134182 -0.00495027 0.00225345 0.999985 -0.785339 
0.99999 0.00114057 0.00434119 0.00545883 -0.00111325 0.99998 -0.00629045 -0.00728714 -0.00434826 0.00628558 0.999971 -0.77504 
0.999992 -0.00115742 0.00367829 0.00319672 0.00118021 0.99998 -0.00619978 -0.00250685 -0.00367106 0.00620409 0.999974 -0.768066 
0.999986 -0.0037868 0.00364348 0.00857162 0.00380328 0.999983 -0.00452779 0.0123222 -0.00362626 0.00454156 0.999983 -0.757935 
0.999994 -0.0011262 0.00338131 0.00392151 0.00112722 0.999999 -0.000299278 0.00228429 -0.00338098 0.000303117 0.999994 -0.759842 
0.999996 -0.00181458 0.00217082 0.00686646 0.00181115 0.999997 0.00157652 0.000562191 -0.00217363 -0.00157259 0.999996 -0.729591 
0.999989 -0.00423583 0.00212182 0.00771713 0.00422778 0.999984 0.00377977 -0.00143021 -0.00213784 -0.00377076 0.999991 -0.721184 
0.999998 -0.000493911 0.00196676 0.01157 0.000485942 0.999992 0.00405098 -0.005036 -0.00196874 -0.00405004 0.99999 -0.711716 
0.999999 -0.00058309 0.00157259 0.0174522 0.000574926 0.999986 0.00518585 -0.00135052 -0.0015756 -0.00518492 0.999985 -0.70121 
0.999998 0.000862308 0.00149238 0.00450134 -0.000865805 0.999997 0.0023441 -0.00732815 -0.00149034 -0.00234536 0.999996 -0.692116 
0.999996 -0.00199305 0.00213911 3.8147e-05 0.00199404 0.999998 -0.000462904 -0.00312865 -0.00213821 0.000467161 0.999997 -0.720558 
1 -4.09185e-05 0.000285149 0.0059967 4.17602e-05 0.999996 -0.00295835 -0.000247359 -0.000285015 0.00295836 0.999996 -0.681351 
1 0.000195618 0.000763327 0.00311279 -0.000193593 0.999996 -0.00265382 0.00226021 -0.000763848 0.00265368 0.999996 -0.675323 
0.999999 0.00154093 -4.04567e-05 -0.00112152 -0.00154097 0.999998 -0.000978297 -0.00406075 3.89516e-05 0.000978349 1 -0.665932 
0.999998 -0.000508701 -0.00211182 0.0107536 0.000506498 1 -0.00104243 0.00277311 0.00211234 0.00104136 0.999997 -0.647125 
0.999998 -0.00193597 -0.000740454 -0.00684357 0.00193631 0.999998 0.000461182 0.00973535 0.000739589 -0.000462601 1 -0.634338 
0.999997 -0.000882834 -0.00230937 0.00440216 0.000889033 0.999996 0.00268312 0.000183225 0.00230703 -0.00268516 0.999994 -0.624107 
0.999995 0.00192047 -0.00247099 0.000469208 -0.0019105 0.99999 0.00403514 0.000798583 0.00247863 -0.00403041 0.999989 -0.608856 
0.999997 0.00186971 -0.00183024 0.0058403 -0.00186757 0.999998 0.00117487 -0.00595891 0.00183244 -0.00117143 0.999998 -0.623383 
0.999997 -0.0003323 -0.00246106 -0.0017662 0.00033021 1 -0.000850447 -0.0136364 0.00246139 0.000849606 0.999997 -0.59903 
0.999997 -0.000650975 -0.00236264 0.000415802 0.000644069 0.999996 -0.00292349 -0.0019505 0.0023645 0.00292197 0.999993 -0.600784 
0.999997 0.000599649 -0.00233844 0.00490189 -0.00060987 0.99999 -0.00437331 0.00716156 0.00233579 0.00437472 0.999988 -0.589127 
0.999993 0.00297976 -0.00215085 -0.00393295 -0.0029807 0.999996 -0.000434651 0.00789344 0.00214954 0.000441055 0.999998 -0.574249 
0.999991 0.00394095 -0.00188653 -0.00522614 -0.00393641 0.999989 0.00240756 -0.00552857 0.00189599 -0.00240014 0.999995 -0.559128 
0.999988 0.00412667 -0.00275503 -0.00326538 -0.00411919 0.999988 0.00271153 -0.00404906 0.00276621 -0.00270015 0.999992 -0.561157 
0.999998 -0.000876948 -0.00179181 -0.000576019 0.000880225 0.999998 0.00183143 -0.00596797 0.00179021 -0.001833 0.999997 -0.554573 
0.999998 -0.000682523 -0.00163721 0.00547409 0.000686731 0.999996 0.00256968 -0.00487471 0.0016354 -0.00257079 0.999995 -0.550201 
0.999998 0.00188573 -0.000962988 -0.00579453 -0.00188732 0.999997 -0.0016511 0.0036633 0.000959903 0.00165291 0.999998 -0.56488 
0.999984 0.0055718 0.000550419 -0.0118294 -0.00557184 0.999984 8.71646e-05 -0.00971437 -0.000549912 -9.02265e-05 1 -0.559288 
0.999983 0.00562908 0.00174175 -0.00653839 -0.00562729 0.999984 -0.00102893 -0.00833154 -0.0017475 0.00101914 0.999998 -0.54818 
0.999994 0.0028788 0.00191438 -0.00233078 -0.00287838 0.999996 -0.000225757 -0.00257611 -0.00191499 0.000220227 0.999998 -0.563385 
0.999992 -0.00214302 0.00335668 0.0114937 0.00214603 0.999997 -0.000891791 -0.00141764 -0.0033548 0.000898977 0.999994 -0.570015 
0.999984 -0.000781955 0.00560707 0.00782013 0.0007792 1 0.000493728 -0.00135899 -0.00560744 -0.00048934 0.999984 -0.568115 
0.99998 0.00145306 0.00612515 0.0124741 -0.00145056 0.999999 -0.000412348 -0.00852299 -0.00612572 0.000403461 0.999981 -0.577065 
0.999963 -0.00116536 0.00852752 7.24792e-05 0.00116501 0.999999 4.56073e-05 -0.00925708 -0.00852755 -3.5658e-05 0.999964 -0.589798 
0.999965 0.00116611 0.0082636 0.0208244 -0.00115092 0.999998 -0.00184189 -0.00461435 -0.00826575 0.00183234 0.999964 -0.586281 
0.99995 -0.00307856 0.00947244 -0.00591278 0.0030875 0.999995 -0.000929656 -0.00301647 -0.00946952 0.00095885 0.999955 -0.580444 
0.999951 -0.00027531 0.0098998 0.00844955 0.000279287 1 -0.000399876 -0.00363278 -0.00989969 0.000402626 0.999951 -0.60041 
0.999937 -0.00474815 0.0101533 0.0207863 0.00471857 0.999985 0.00293502 -0.00691652 -0.0101671 -0.00288696 0.999944 -0.613045 
0.999948 -0.00244757 0.00989082 0.0186005 0.00243385 0.999996 0.00139801 -0.00624394 -0.00989421 -0.00137385 0.99995 -0.629982 
0.999927 -0.00303132 0.0117128 0.00732422 0.0030078 0.999993 0.00202528 -0.00931191 -0.0117189 -0.0019899 0.999929 -0.615852 
0.999943 -0.00072977 0.0106569 0.0157623 0.000708793 0.999998 0.00197134 -0.0071466 -0.0106583 -0.0019637 0.999941 -0.64196 
0.999946 -0.00205088 0.0101674 0.0173035 0.00204903 0.999998 0.000192457 -0.00847268 -0.0101678 -0.000171608 0.999948 -0.654022 
0.999942 -1.23847e-05 0.0107794 0.00624466 9.97633e-06 1 0.000223319 -0.00477767 -0.0107795 -0.000223176 0.999942 -0.66407 
0.999933 -0.00313744 0.0111165 0.0152054 0.003137 0.999995 5.80123e-05 -0.0142505 -0.0111165 -2.31306e-05 0.999938 -0.684944 
0.999941 0.000565044 0.0108146 0.00956345 -0.000520545 0.999991 -0.0041179 -0.0139401 -0.0108169 0.004112 0.999933 -0.668304 
0.999928 0.00499606 0.0109153 0.00266647 -0.00492769 0.999968 -0.00628243 -0.00147998 -0.0109464 0.0062282 0.999921 -0.701897 
0.999931 0.00222996 0.0115497 0.00388336 -0.00218982 0.999992 -0.00348714 -0.00573885 -0.0115574 0.00346159 0.999927 -0.712997 
0.999937 -0.000180462 0.0112377 0.00438118 0.00021802 0.999994 -0.00334092 -0.00453186 -0.011237 0.00334318 0.999931 -0.731247 
0.999928 0.00748829 0.00936371 0.0037365 -0.00748816 0.999972 -4.88758e-05 -0.0107406 -0.00936383 -2.12509e-05 0.999956 -0.739731 
0.999937 0.00685654 0.00893131 -0.00491142 -0.00683069 0.999972 -0.00292177 -0.0107404 -0.00895107 0.00286058 0.999956 -0.751862 
0.999927 0.00988138 0.00693482 -0.00967598 -0.00983957 0.999933 -0.00603818 -0.00508171 -0.00699404 0.00596951 0.999958 -0.773293 
0.999954 0.00612053 0.0073317 -0.00175476 -0.00610138 0.999978 -0.00263189 -0.00355375 -0.0073477 0.00258704 0.99997 -0.768471 
0.999968 0.00229367 0.00762454 0.00638962 -0.00229991 0.999997 0.000810401 0.00404924 -0.00762266 -0.000827904 0.999971 -0.769424 
0.999963 0.00301102 0.00804573 0.00122833 -0.00307779 0.999961 0.00829865 -0.0156078 -0.0080204 -0.00832312 0.999933 -0.783623 
0.99996 0.00451919 0.00767419 -0.00367165 -0.00457047 0.999967 0.00667763 -0.0166168 -0.0076437 -0.00671243 0.999948 -0.771187 
0.999983 -0.00161808 0.00560543 0.0121918 0.00160894 0.999997 0.00163382 -0.00862145 -0.00560811 -0.00162476 0.999983 -0.781113 
0.999962 -0.00667708 0.00562003 0.012764 0.00668631 0.999976 -0.00162343 0.00276971 -0.00560904 0.00166093 0.999983 -0.780334 
0.999969 -0.00635008 0.00469455 0.0207882 0.00634347 0.999979 0.00142002 -0.00386333 -0.00470346 -0.0013902 0.999988 -0.767067 
0.999991 -0.000626806 0.00426358 0.0109081 0.000613376 0.999995 0.00314965 -0.000638008 -0.00426558 -0.00314699 0.999986 -0.752106 
0.999984 -0.0027021 0.00496191 -7.43866e-05 0.00268523 0.999991 0.00340088 -0.00749063 -0.00497106 -0.00338753 0.999982 -0.747986 
0.999989 -0.00250929 0.00393832 0.0119648 0.00250111 0.999995 0.00208113 -0.0056529 -0.00394353 -0.00207123 0.99999 -0.737038 
0.99999 -0.000766173 0.00444975 0.00802231 0.000775216 0.999998 -0.00202972 -0.00378561 -0.00444832 0.00203314 0.999988 -0.734894 
0.999989 0.00103921 0.00463948 0.00416374 -0.00102548 0.999995 -0.00295823 0.00511241 -0.00464249 0.00295344 0.999985 -0.740242 
0.999993 0.000181943 0.00366834 0.00200272 -0.000170987 0.999995 -0.00298572 -0.00357294 -0.00366893 0.00298509 0.999989 -0.716454 
0.999992 -0.000671143 0.00397938 0.0113297 0.000677148 0.999999 -0.00150879 0.00299692 -0.00397825 0.00151146 0.999991 -0.711212 
0.99999 -0.00209046 0.00391707 0.00711823 0.00208559 0.999997 0.00124474 -0.00315738 -0.00391975 -0.00123653 0.999992 -0.691086 
0.999995 0.000890141 0.00294337 0.00765991 -0.000893416 0.999999 0.0011113 0.00172043 -0.00294238 -0.00111393 0.999995 -0.695999 
0.999995 0.00228041 0.00205246 0.00259018 -0.00227869 0.999997 -0.000839326 -0.0023675 -0.00205439 0.000834628 0.999998 -0.666031 
0.999995 0.00218496 0.00233358 -0.0136318 -0.00218392 0.999997 -0.000449398 0.00226712 -0.00233454 0.000444298 0.999997 -0.659866 
0.999997 -0.00052312 0.00219038 0.00528717 0.000524241 1 -0.000506003 -0.00556636 -0.00219008 0.000507159 0.999998 -0.661041 
0.999997 0.00148404 0.0020439 0.00447273 -0.00148361 0.999999 -0.00021132 0.00346708 -0.00204423 0.000208271 0.999998 -0.652107 
0.999995 -0.000405552 0.00314826 0.000835419 0.000399763 0.999998 0.00183652 -0.000705957 -0.003149 -0.00183526 0.999993 -0.637245 
0.999992 0.00255879 0.00288025 0.00418091 -0.00256284 0.999996 0.00140297 0.00523901 -0.00287664 -0.00141037 0.999995 -0.636574 
0.999992 0.0025454 0.00326711 0.00338745 -0.0025465 0.999997 0.000331087 -0.00728011 -0.00326622 -0.000339396 0.999995 -0.622551 
0.999989 0.00319545 0.00355887 -0.0102196 -0.00319486 0.999995 -0.000167694 -8.22544e-05 -0.00355944 0.000156334 0.999994 -0.578674 
0.999992 0.00177078 0.0034965 0.00290871 -0.00177038 0.999998 -0.000118216 -0.00272918 -0.00349671 0.000112036 0.999994 -0.60376 
0.999993 0.00134585 0.00363326 0.00282001 -0.00134708 0.999999 0.000333607 -0.0023458 -0.00363281 -0.000338515 0.999994 -0.5914 
0.999992 0.000700489 0.00383735 0.00771904 -0.000696823 0.999999 -0.000955034 0.00597787 -0.00383803 0.000952352 0.999992 -0.59082 
0.999992 0.00195138 0.0035235 0.00166321 -0.00195316 0.999998 0.00050207 -0.00402927 -0.00352246 -0.000508942 0.999994 -0.570663 
0.999989 0.000262108 0.00460282 0.00265884 -0.000270259 0.999998 0.00177129 -0.00444603 -0.00460243 -0.0017725 0.999988 -0.586304 
0.999984 0.00266205 0.0049434 -0.00361061 -0.00266916 0.999995 0.00143398 -0.000530481 -0.00493959 -0.00144712 0.999987 -0.573532 
0.999981 -0.00145789 0.00605914 0.00236988 0.00143942 0.999994 0.00305093 -0.00421786 -0.00606358 -0.00304215 0.999977 -0.572128 
0.999976 -0.00325772 0.00615132 0.0151834 0.00322776 0.999983 0.00487483 -0.0016098 -0.00616711 -0.00485488 0.999969 -0.570053 
0.999963 -0.00453527 0.00724879 0.0135803 0.00449576 0.999975 0.00545753 -0.00554752 -0.00727344 -0.00542475 0.999959 -0.57106 
0.999963 -0.00511346 0.00686389 0.0196161 0.00508244 0.999977 0.00453024 -0.00228596 -0.00688684 -0.00449517 0.999966 -0.563889 
0.999964 -0.00268429 0.00803182 0.0135908 0.00265317 0.999989 0.00387947 -0.0144305 -0.00804216 -0.00385807 0.99996 -0.587219 
0.99997 -0.00337557 0.0070014 0.0110598 0.00338636 0.999993 -0.00152875 -0.0123453 -0.00699621 0.00155241 0.999974 -0.583389 
0.99996 -0.00584025 0.0067797 0.0215101 0.00587033 0.999973 -0.0044262 -0.00667 -0.00675371 0.00446582 0.999967 -0.595779 
0.999956 -0.00547202 0.00755179 0.017633 0.00552183 0.999963 -0.0065918 0.0014863 -0.00751546 0.0066332 0.99995 -0.604584 
0.999952 -0.00596305 0.00775075 0.00784111 0.00600885 0.999964 -0.00589556 0.00216269 -0.0077152 0.00594188 0.999953 -0.603668 
0.999971 -0.00192756 0.00732332 0.0148287 0.00195491 0.999991 -0.00373114 -0.00172615 -0.00731599 0.00374535 0.999966 -0.621231 
0.999957 -0.00408423 0.00826612 0.0130272 0.00407046 0.99999 0.00168279 -0.00990009 -0.00827295 -0.0016491 0.999964 -0.628571 
0.999967 -0.00368309 0.00727168 0.022208 0.0036648 0.99999 0.00252635 -0.00631356 -0.00728098 -0.00249961 0.99997 -0.638733 
0.999964 -0.00181103 0.00826296 0.00499868 0.00178634 0.999994 0.00299589 -0.0154715 -0.00826824 -0.00298103 0.999961 -0.64711 
0.99997 -0.00168208 0.00752586 0.0151667 0.00167076 0.999998 0.00150891 -0.00908232 -0.00752845 -0.00149629 0.999971 -0.655319 
0.999967 -0.00243882 0.0077695 0.0172247 0.00244723 0.999996 -0.00107022 -0.00134706 -0.00776681 0.00108921 0.999969 -0.687027 
0.999948 -0.00539034 0.00867039 0.0128355 0.00539879 0.999985 -0.00095243 -0.0117662 -0.00866514 0.000999189 0.999962 -0.695129 
0.99996 0.000602404 0.00889677 0.0115972 -0.000581415 0.999997 -0.00236078 -0.00630188 -0.00889826 0.00235553 0.999958 -0.704315 
0.999959 0.000185533 0.00909963 0.00896502 -0.000167024 0.999998 -0.00203549 -0.007061 -0.00909996 0.00203387 0.999957 -0.720047 
0.999955 0.00014863 0.00949594 0.0105557 -0.000151942 1 0.00034908 -0.00671887 -0.00949588 -0.00035048 0.999955 -0.733383 
0.999943 -0.00385492 0.00996414 0.0224695 0.00385456 0.999992 5.44352e-05 -0.00909424 -0.00996435 -1.6042e-05 0.99995 -0.747391 
0.99995 0.000339172 0.00995508 0.0137177 -0.000349958 0.999999 0.00108184 -0.0139554 -0.00995463 -0.00108528 0.99995 -0.750198 
0.99996 -0.00150239 0.00886011 0.00851345 0.00150304 0.999999 -6.69249e-05 -0.0161042 -0.00886002 8.024e-05 0.999961 -0.791092 
0.999976 0.000534226 0.00685251 0.00770855 -0.000528789 0.999999 -0.000795444 -0.009799 -0.00685295 0.000791809 0.999976 -0.798538 
0.999989 0.0014422 0.00438222 0.0111427 -0.00144095 0.999999 -0.000290339 -0.00985813 -0.00438261 0.000284023 0.99999 -0.799774 
0.999983 0.0036505 0.00446624 0.00835228 -0.00364946 0.999993 -0.000238902 -0.00830054 -0.00446707 0.000222609 0.99999 -0.809769 
0.999976 0.00577061 0.00388831 0.00251961 -0.00576746 0.999983 -0.00082215 0.00088501 -0.00389287 0.000799688 0.999992 -0.830719 
0.999957 0.00832808 0.00413042 -0.0178652 -0.00832333 0.999965 -0.00116515 -0.015614 -0.00414002 0.00113073 0.999991 -0.834961 
0.999968 0.00655652 0.00454777 -0.0014143 -0.0065474 0.999976 -0.00201955 -0.0122166 -0.00456104 0.00198969 0.999987 -0.85585 
0.999975 0.00597755 0.00372991 -0.00368881 -0.00596876 0.99998 -0.00236328 -0.00456738 -0.00374398 0.00234097 0.99999 -0.858582 
0.999992 0.000391624 0.00399062 0.0186357 -0.000384625 0.999998 -0.00175313 -0.00351286 -0.00399128 0.00175157 0.99999 -0.86763 
0.999991 -0.00035772 0.00426382 -0.00440407 0.000351144 0.999999 0.00154605 -0.0054214 -0.00426435 -0.00154453 0.99999 -0.852676 
0.999976 -0.0050223 0.00475153 0.0182343 0.00501467 0.999986 0.00161815 -0.00990224 -0.00475955 -0.00159427 0.999987 -0.871964 
0.999971 -0.00623486 0.00432932 0.0236454 0.00623632 0.999981 -0.000330185 -0.0129273 -0.00432718 0.000357162 0.999991 -0.880402 
0.999992 -0.00014759 0.004127 0.00773239 0.000166098 0.99999 -0.00447947 -0.00162661 -0.00412637 0.00448014 0.999981 -0.882599 
0.999981 -0.00328888 0.00525001 0.00137711 0.00331972 0.999977 -0.00587897 -0.00892556 -0.00523034 0.00589628 0.999969 -0.910339 
0.999987 0.00118521 0.00496027 0.00606155 -0.00115228 0.999977 -0.00663514 -0.00414943 -0.00496808 0.00662933 0.999966 -0.912277 
0.99998 0.0022058 0.00594759 0.00682068 -0.0021844 0.999991 -0.0036027 0.00312388 -0.00595537 0.00358964 0.999976 -0.898666 
0.999966 0.00593142 0.00579694 -0.00131989 -0.0059415 0.999981 0.00172035 -0.00347942 -0.00578681 -0.00175474 0.999982 -0.91037 
0.999928 0.0104332 0.00589141 -0.00724602 -0.0104682 0.999927 0.00595427 -0.0103459 -0.00582865 -0.00601551 0.999965 -0.890793 
0.999954 0.00622975 0.00733721 -0.00821304 -0.00629004 0.999947 0.00822273 -0.0119654 -0.00728551 -0.0082685 0.999939 -0.906769 
0.999969 0.00326524 0.00721884 0.0104351 -0.00329599 0.999986 0.00425002 -0.016315 -0.00720495 -0.00427369 0.999965 -0.917374 
0.999963 0.00322449 0.00802135 0.00341415 -0.00319674 0.999989 -0.00347139 -0.00756824 -0.00803253 0.00344561 0.999962 -0.916306 
0.999956 0.00442682 0.00821272 -0.0033989 -0.00440097 0.999985 -0.00316192 0.0112907 -0.00822654 0.00312565 0.999961 -0.921829 
0.999955 0.0058941 0.00743949 -0.00530624 -0.00590145 0.999982 0.000966374 -0.0178462 -0.00743374 -0.00101023 0.999972 -0.920624 
0.999979 0.00254375 0.00603628 0.00796509 -0.00257803 0.99998 0.00567823 -0.00930762 -0.00602171 -0.00569366 0.999966 -0.932266 
0.999985 -0.000591021 0.00552577 0.00148392 0.000582945 0.999999 0.00146299 -0.0076263 -0.00552669 -0.00145974 0.999984 -0.929535 
0.999983 0.00318067 0.0048373 -0.00602722 -0.00317204 0.999993 -0.00179079 -0.0023191 -0.00484303 0.00177541 0.999987 -0.932449 
0.999987 0.00382614 0.00352642 -0.00312805 -0.00381365 0.999987 -0.00354227 -0.0126702 -0.0035398 0.00352877 0.999988 -0.931763 
0.999993 0.00328484 0.00176924 -0.00240707 -0.00327987 0.999991 -0.00281192 -0.000666589 -0.00177857 0.00280611 0.999995 -0.932907 
0.999991 0.00403735 0.000858665 -0.00473022 -0.00403466 0.999987 -0.00310912 -0.00432581 -0.000871211 0.00310564 0.999995 -0.941986 
1 0.000366263 0.000457644 0.000808716 -0.00036587 1 -0.000843465 -0.00942123 -0.000457793 0.000843298 1 -0.937881 
0.999999 -0.00153607 -0.000678271 0.0198975 0.00153523 0.999998 -0.00123719 0.00253749 0.000680238 0.00123615 0.999999 -0.952026 
0.999997 -0.00212008 -0.000685215 0.0023613 0.00212132 0.999996 0.00181975 -0.00605673 0.000681311 -0.00182121 0.999998 -0.933624 
0.999992 -0.00359415 -0.00164929 0.0184097 0.00359625 0.999993 0.00127444 -0.0127086 0.00164464 -0.00128036 0.999998 -0.960541 
0.999991 -0.00328663 -0.00272089 0.0102291 0.003292 0.999993 0.00196766 -0.0111061 0.00271446 -0.00197659 0.999994 -0.946228 
0.999987 -0.00451061 -0.00241128 0.0032711 0.00450855 0.99999 -0.000856258 0.00185418 0.00241521 0.000845362 0.999997 -0.944504 
0.99999 -0.00244903 -0.00362098 0.0204067 0.00244778 0.999997 -0.000353368 -0.00510502 0.00362185 0.000344504 0.999993 -0.962112 
0.999994 -0.00117822 -0.00328919 0.00359917 0.00117212 0.999997 -0.00185745 -0.00288212 0.0032914 0.00185358 0.999993 -0.932785 
