1 0 0 0 0 1 0 0 0 0 1 0 
0.999999 0.000789657 0.00146096 -0.00644556 -0.000782994 0.999989 -0.00455596 -0.00241861 -0.00146455 0.00455481 0.999989 0.96369 
0.999997 -0.00223421 0.000679682 0.00243988 0.00223475 0.999997 -0.00078608 0.00582388 -0.000677925 0.000787596 0.999999 0.954806 
0.999999 -0.00103368 0.000503255 -0.00922601 0.00103159 0.999991 0.00413146 0.000869432 -0.000507521 -0.00413094 0.999991 0.932942 
0.999997 -0.00248583 -0.00061233 0.000218734 0.00248958 0.999978 0.00620309 -0.0025529 0.000596897 -0.00620459 0.999981 0.948517 
0.999992 -0.00360328 -0.00154625 0.00107339 0.0036034 0.999994 7.27545e-05 -0.00186302 0.00154597 -7.8327e-05 0.999999 0.937985 
0.999996 -0.00256697 -0.00077163 -0.000853105 0.00256471 0.999992 -0.00291014 -0.000811571 0.000779094 0.00290815 0.999995 0.93101 
0.999999 -0.000685844 -0.0010456 -0.00217103 0.000682019 0.999993 -0.00365562 0.00449748 0.0010481 0.00365491 0.999993 0.929028 
1 0.000428299 -0.000398283 -0.00681427 -0.000428376 1 -0.000199653 -0.00638978 0.000398198 0.000199824 1 0.923495 
0.999999 7.62992e-05 -0.00111061 -0.00747652 -7.428e-05 0.999998 0.00181895 0.002991 0.00111075 -0.00181887 0.999998 0.914687 
1 0.000303043 -0.000427828 -0.00587412 -0.000301843 0.999996 0.0028025 0.00351252 0.000428675 -0.00280237 0.999996 0.939384 
0.999999 -0.00020798 -0.00104145 -0.00519583 0.000209593 0.999999 0.00155199 0.000688557 0.00104113 -0.0015522 0.999998 0.923255 
0.999999 -0.0013617 -0.00069396 0.0027075 0.00136226 0.999999 0.000817305 -0.00276967 0.000692846 -0.000818248 0.999999 0.914229 
0.999999 -0.000351426 -0.00106617 -0.000697379 0.000351631 1 0.000193025 -0.00360012 0.0010661 -0.000193401 1 0.914819 
1 -0.000223902 -0.000483744 -0.00456775 0.000223142 0.999999 -0.00157115 0.00128483 0.000484094 0.00157105 0.999999 0.899919 
0.999999 -0.00026451 -0.00110357 -0.0130783 0.000262298 0.999998 -0.00200295 0.00151188 0.0011041 0.00200266 0.999997 0.90731 
0.999997 -0.00139721 -0.00188858 0.00541168 0.00139421 0.999998 -0.0015864 0.00650906 0.0018908 0.00158376 0.999997 0.905865 
0.999999 8.99343e-05 -0.00172508 -0.00634988 -9.00973e-05 1 -9.39756e-05 -0.00878381 0.00172507 9.41311e-05 0.999999 0.899809 
0.999999 0.00139064 -0.0010794 -0.0176743 -0.00139168 0.999999 -0.000957631 0.00223038 0.00107806 0.000959132 0.999999 0.901616 
0.999997 0.00171494 -0.00181777 -0.00390295 -0.00171487 0.999999 3.78542e-05 -9.11579e-05 0.00181784 -3.47371e-05 0.999998 0.894207 
0.999999 -0.00085323 -0.00107272 -0.00912642 0.000854223 0.999999 0.000925663 -0.000578504 0.00107193 -0.000926578 0.999999 0.895805 
0.999999 0.000399368 -0.00138608 -0.00591076 -0.000397407 0.999999 0.00141563 -0.000539153 0.00138664 -0.00141508 0.999998 0.88476 
0.999998 0.0002878 -0.00184415 -0.00091514 -0.00028735 1 0.000241839 0.00500134 0.00184423 -0.000241308 0.999998 0.884054 
0.999998 -0.00129008 -0.00156652 -0.00459787 0.00129021 0.999999 8.49182e-05 -0.001961 0.00156641 -8.694e-05 0.999999 0.874884 
0.999998 0.000126014 -0.00191805 -0.00469509 -0.000127731 1 -0.000895565 0.00135563 0.00191793 0.000895809 0.999998 0.877565 
1 0.000160037 -0.000477349 -0.00605038 -0.000159633 1 0.000847507 -0.00411097 0.000477485 -0.00084743 0.999999 0.859568 
0.999999 8.30526e-05 -0.0011305 -0.00323734 -8.10119e-05 0.999998 0.00180797 0.00348949 0.00113065 -0.00180788 0.999998 0.856264 
0.999999 -0.00118647 -0.000904661 0.000184774 0.00118902 0.999995 0.00281939 0.000259161 0.000901313 -0.00282046 0.999996 0.846149 
1 0.000268786 -0.000478161 -0.00654957 -0.000267997 0.999999 0.00164631 -0.00462618 0.000478601 -0.00164618 0.999999 0.841921 
1 0.000523099 -0.000481065 -0.00882119 -0.000523783 0.999999 -0.00142452 4.36306e-05 0.000480318 0.00142477 0.999999 0.832554 
0.999997 0.00204508 -0.000856323 -0.00696033 -0.00204713 0.999995 -0.00240099 -0.00435045 0.00085141 0.00240274 0.999997 0.811993 
1 0.00025259 -0.000878239 -0.00226215 -0.000254106 0.999999 -0.00172352 0.000230558 0.000877803 0.00172374 0.999998 0.793772 
0.999999 0.000887947 -0.000927864 -0.00703469 -0.000888402 1 -0.000492057 0.00247448 0.000927422 0.000492882 1 0.796049 
0.999999 0.000395644 -0.00108453 -0.00792411 -0.00039617 1 -0.000486598 -0.00104006 0.00108434 0.000487026 0.999999 0.784971 
0.999997 -0.000235437 -0.00227147 0.00109529 0.00023417 1 -0.000556939 -0.00643954 0.0022716 0.000556406 0.999997 0.790859 
0.999998 -0.000392742 -0.00200362 -0.0047974 0.000392867 1 6.16475e-05 -0.00109476 0.0020036 -6.24337e-05 0.999998 0.766163 
0.999999 0.000454689 -0.00162807 -0.010075 -0.000453312 1 0.000845055 0.00574859 0.00162845 -0.000844316 0.999998 0.762215 
0.999997 -0.000679007 -0.00250182 0.00593191 0.000685116 0.999997 0.00244239 -0.00275464 0.00250015 -0.00244409 0.999994 0.75696 
0.999997 0.000942659 -0.00216047 -0.00453699 -0.000939795 0.999999 0.00132606 0.00121348 0.00216171 -0.00132402 0.999997 0.735703 
0.999998 0.00136046 -0.00133815 -0.0155324 -0.00136008 0.999999 0.000284443 -0.00333627 0.00133855 -0.000282622 0.999999 0.726978 
0.999995 0.00257273 -0.00205496 -0.00616199 -0.00257374 0.999997 -0.000487609 -0.00708896 0.00205369 0.000492895 0.999998 0.730019 
0.999996 0.00182027 -0.00203825 -0.00154257 -0.00182201 0.999998 -0.000851872 0.00359821 0.00203669 0.000855581 0.999997 0.709614 
0.999998 0.000508481 -0.00161131 -0.00273943 -0.000506536 0.999999 0.0012074 0.000709385 0.00161192 -0.00120658 0.999998 0.70443 
0.999999 0.000922757 -0.00072474 -0.0111282 -0.000921414 0.999998 0.00185135 -0.00281526 0.000726432 -0.00185069 0.999998 0.695999 
0.999997 0.0026039 -0.000397082 -0.00316274 -0.00260371 0.999997 0.000489607 -0.000928909 0.000398364 -0.000488571 1 0.677582 
0.999993 0.00346525 0.00128857 -0.00771922 -0.00346252 0.999992 -0.00211484 -0.00352719 -0.00129589 0.00211036 0.999997 0.672821 
0.999997 0.00164302 0.00185549 -0.00483602 -0.00163789 0.999995 -0.00276486 -0.00819176 -0.00186003 0.00276182 0.999995 0.651333 
0.999998 0.000322559 0.00171315 0.00449401 -0.000318908 0.999998 -0.00213113 0.00664256 -0.00171382 0.00213058 0.999996 0.648117 
0.999993 0.000962971 0.00364597 -0.0105486 -0.000966467 0.999999 0.00095691 0.00143438 -0.00364504 -0.000960427 0.999993 0.634644 
0.999985 0.00471289 0.00286729 -0.00280952 -0.00472107 0.999985 0.00285268 -0.00154371 -0.00285381 -0.00286617 0.999992 0.638958 
0.999983 0.0044439 0.00362074 0.00312424 -0.00445582 0.999985 0.00328985 0.00130583 -0.00360606 -0.00330593 0.999988 0.643776 
0.99998 0.0047561 0.00420158 -0.00304565 -0.00476031 0.999988 0.000992912 -0.000543475 -0.0041968 -0.0010129 0.999991 0.606819 
0.999979 0.00377661 0.00533652 -0.00412764 -0.00377842 0.999993 0.000327691 0.00166517 -0.00533524 -0.000347847 0.999986 0.581871 
0.999972 0.00413221 0.00621667 -0.0127321 -0.00414559 0.999989 0.00214008 0.00253269 -0.00620776 -0.00216579 0.999978 0.574524 
0.999972 0.00447326 0.0060657 0.00802898 -0.00448247 0.999989 0.00150315 -0.0104791 -0.0060589 -0.00153029 0.99998 0.5546 
0.99997 0.00332908 0.006938 0.00163394 -0.00332785 0.999995 -0.000187904 -0.00138456 -0.00693859 0.00016481 0.999976 0.532738 
0.999967 0.00342985 0.00741106 -0.0011512 -0.00343394 0.999994 0.000540821 -0.00691643 -0.00740916 -0.000566254 0.999972 0.508652 
0.999967 0.00382149 0.00710416 0.00489855 -0.00381812 0.999993 -0.000488233 0.00204244 -0.00710598 0.000461096 0.999975 0.498032 
0.999957 0.00433407 0.00820102 -0.00835717 -0.00431402 0.999988 -0.00246137 -0.00142735 -0.00821158 0.00242588 0.999963 0.466152 
0.999965 0.00221417 0.00801339 0.00367236 -0.00219618 0.999995 -0.00225197 -0.00785008 -0.00801835 0.0022343 0.999965 0.455505 
0.999969 0.000395795 0.00782017 0.00550628 -0.00039657 1 9.62415e-05 0.0013842 -0.00782013 -9.93381e-05 0.999969 0.428894 
0.999968 -0.000847752 0.00794864 0.0101819 0.000834017 0.999998 0.00173196 -0.000388086 -0.0079501 -0.00172528 0.999967 0.397274 
0.999967 0.00202509 0.00784772 0.00486708 -0.00203417 0.999997 0.00114873 0.000487328 -0.00784537 -0.00116466 0.999968 0.390717 
0.999956 0.003082 0.00887572 -0.00516343 -0.00308836 0.999995 0.000703383 -0.00519839 -0.00887351 -0.000730763 0.99996 0.361027 
0.999953 0.00496889 0.008371 0.0110862 -0.00496688 0.999988 -0.000260578 0.00162736 -0.0083722 0.000218989 0.999965 0.325851 
0.99995 0.00391717 0.00923517 -0.0022459 -0.00392432 0.999992 0.000757805 -0.00523096 -0.00923212 -0.00079401 0.999957 0.303341 
0.999955 -0.000622741 0.00941834 0.00708914 0.000610662 0.999999 0.00128588 -0.00281024 -0.00941914 -0.00128007 0.999955 0.286636 
0.999943 -0.00132871 0.0106305 0.0167656 0.00134217 0.999998 -0.00125781 -0.000639737 -0.0106288 0.00127201 0.999943 0.279091 
0.999924 -0.00188501 0.0121742 0.0080657 0.00192813 0.999992 -0.00353157 -0.00550342 -0.0121674 0.00355477 0.99992 0.258854 
0.999909 0.000567806 0.0135101 0.0129151 -0.000521344 0.999994 -0.00344192 0.00393096 -0.013512 0.00343456 0.999903 0.269306 
0.999875 0.00137577 0.0157526 0.0070343 -0.00135673 0.999998 -0.00121864 -0.000733048 -0.0157542 0.00119711 0.999875 0.266445 
0.999866 0.00187477 0.0163025 0.0162873 -0.00187098 0.999998 -0.000247257 -0.00196254 -0.0163029 0.000216724 0.999867 0.253658 
0.999851 0.000614638 0.0172339 0.0136824 -0.000613214 1 -8.85096e-05 0.00179663 -0.0172339 7.79289e-05 0.999851 0.263378 
0.999827 -0.0010943 0.0185799 0.0134287 0.0010983 0.999999 -0.000206076 0.00536819 -0.0185797 0.000226445 0.999827 0.265953 
0.999805 -0.000470573 0.019758 0.0194054 0.000449945 0.999999 0.00105016 -0.00151217 -0.0197584 -0.00104107 0.999804 0.252964 
0.99979 2.05177e-05 0.0204993 0.0267544 -2.58312e-05 1 0.000257658 -0.0022189 -0.0204993 -0.000258136 0.99979 0.243126 
0.999763 0.00204187 0.0216687 0.0206318 -0.00201925 0.999997 -0.00106565 0.00330701 -0.0216709 0.00102164 0.999765 0.245476 
0.999719 0.00117842 0.0236978 0.0179892 -0.00116667 0.999999 -0.00050906 -0.00083603 -0.0236983 0.000481274 0.999719 0.259151 
0.999681 0.00168876 0.0252256 0.0294352 -0.0017041 0.999999 0.000586753 -0.00355747 -0.0252246 -0.000629554 0.999682 0.256638 
0.999633 0.00324934 0.0268842 0.0231743 -0.00327499 0.999994 0.000909626 -0.000801176 -0.026881 -0.000997336 0.999638 0.254902 
0.999578 0.00254882 0.0289294 0.0281601 -0.00257662 0.999996 0.000923634 -0.00189057 -0.028927 -0.000997786 0.999581 0.26104 
0.99953 0.00106425 0.0306484 0.0298176 -0.00108699 0.999999 0.000725415 0.000897616 -0.0306477 -0.000758383 0.99953 0.267776 
0.999473 -0.00229504 0.0323706 0.043499 0.0022894 0.999997 0.000211225 -0.00105304 -0.032371 -0.000137008 0.999476 0.270992 
0.99935 -0.00277638 0.035945 0.0375595 0.00278839 0.999996 -0.000283936 0.000876397 -0.035944 0.000383976 0.999354 0.265079 
0.99927 -0.00169508 0.0381628 0.0449009 0.00176071 0.999997 -0.00168663 -0.00106522 -0.0381598 0.00175259 0.99927 0.266327 
0.999216 0.000693387 0.0395811 0.039423 -0.000582312 0.999996 -0.00281742 0.00563802 -0.039583 0.00279217 0.999213 0.273647 
0.999149 0.000961955 0.0412449 0.046814 -0.000881432 0.999998 -0.00197032 0.00340878 -0.0412467 0.00193228 0.999147 0.291386 
0.999046 0.00270546 0.0435828 0.0414982 -0.00266025 0.999996 -0.00109532 0.0042159 -0.0435856 0.000978336 0.999049 0.296921 
0.998953 0.00508673 0.045472 0.0381069 -0.00508287 0.999987 -0.000200684 0.00520067 -0.0454723 -3.06573e-05 0.998966 0.312702 
0.998894 0.00591993 0.0466357 0.0351295 -0.00593225 0.999983 0.000125996 0.000420585 -0.0466343 -0.000402511 0.998912 0.313023 
0.998793 0.00187051 0.0490898 0.0459862 -0.00190482 0.999998 0.000652384 0.00190249 -0.0490884 -0.000745107 0.998794 0.350597 
0.998634 -0.000940374 0.052246 0.0446854 0.000803859 0.999996 0.00263377 -0.000179172 -0.0522483 -0.00258817 0.998631 0.353443 
0.998613 -0.000145452 0.0526573 0.0535965 5.29224e-05 0.999999 0.00175862 0.00222659 -0.0526574 -0.00175338 0.998611 0.366646 
0.998495 0.000758477 0.0548431 0.0485077 -0.000847995 0.999998 0.00160883 0.00110728 -0.0548418 -0.00165293 0.998493 0.395229 
0.998367 -0.000102534 0.0571259 0.051445 0.000113984 1 -0.000197209 0.00935799 -0.0571259 0.0002034 0.998367 0.41972 
0.998334 -0.000206239 0.0576992 0.0498772 0.00010382 0.999998 0.00177802 -0.00134951 -0.0576994 -0.00176907 0.998333 0.414227 
0.998457 0.0019787 0.0554911 0.0567741 -0.00211647 0.999995 0.00242399 0.0156077 -0.0554861 -0.00253771 0.998456 0.472128 
0.998515 0.00204264 0.0544338 0.0619164 -0.00224681 0.999991 0.0036898 0.00892007 -0.0544258 -0.00380663 0.998511 0.459871 
0.998486 0.0062998 0.0546468 0.0380363 -0.00646324 0.999975 0.00281458 0.00800431 -0.0546277 -0.00316349 0.998502 0.48044 
0.998634 0.0016147 0.0522179 0.0498047 -0.00159538 0.999999 -0.000411813 0.0120475 -0.0522186 0.000327931 0.998636 0.484457 
0.998693 -0.00786182 0.0505037 0.063118 0.0077962 0.999969 0.00149621 -0.00166225 -0.0505138 -0.00110052 0.998723 0.486464 
0.998868 -0.0107226 0.046339 0.0639229 0.0105713 0.999938 0.00350912 0.0111414 -0.0463738 -0.00301528 0.998919 0.51082 
0.999033 -0.00675489 0.0434342 0.0591507 0.00676664 0.999977 -0.00012348 0.00561279 -0.0434324 0.000417237 0.999056 0.513859 
0.999225 -0.000489403 0.0393502 0.0358009 0.000556133 0.999998 -0.00168506 0.0110331 -0.0393493 0.00170565 0.999224 0.548553 
0.999429 -0.00617855 0.0332291 0.0545235 0.00622745 0.99998 -0.00136808 -0.00374694 -0.03322 0.00157424 0.999447 0.514857 
0.999547 -0.00549325 0.0295794 0.0376167 0.00546274 0.999984 0.0011121 0.00465227 -0.0295851 -0.000950016 0.999562 0.5613 
0.999666 -0.00468467 0.0253969 0.032795 0.00463904 0.999987 0.00185531 -0.00239336 -0.0254053 -0.00173686 0.999676 0.567722 
0.999789 -0.00400246 0.0201612 0.0301857 0.00398986 0.999992 0.000665316 0.0139192 -0.0201636 -0.000584763 0.999797 0.578918 
0.999871 -0.00194805 0.0159574 0.0212212 0.00198423 0.999995 -0.00225233 0.0137975 -0.0159529 0.00228371 0.99987 0.581885 
0.999907 0.000407086 0.0136364 0.00944138 -0.000412207 1 0.000372626 0.00296414 -0.0136363 -0.000378204 0.999907 0.596381 
0.999934 -0.000136345 0.0115207 0.00934601 0.00014638 1 -0.000870172 0.00367355 -0.0115206 0.000871788 0.999933 0.615118 
0.999947 -0.00437521 0.00925664 0.0179863 0.00440045 0.999987 -0.00270745 0.00250006 -0.00924468 0.00274804 0.999954 0.61586 
0.99997 -0.00375154 0.00680577 0.0163803 0.00376459 0.999991 -0.00190584 0.00888228 -0.00679856 0.00193141 0.999975 0.620877 
0.999989 -8.28058e-05 0.00458145 -0.00299072 7.98702e-05 1 0.000642833 0.00765622 -0.00458151 -0.00064243 0.999989 0.65618 
0.999991 0.00267181 0.00346475 0.000587463 -0.00268046 0.999993 0.00249293 0.0166334 -0.00345806 -0.0025022 0.999991 0.646183 
0.999995 0.00217852 0.00243071 -0.0049057 -0.00219484 0.999975 0.00673262 0.00820017 -0.00241598 -0.00673793 0.999974 0.706329 
0.999998 -0.00137829 0.00125092 0.00278473 0.00137135 0.999984 0.00553331 0.00832593 -0.00125852 -0.0055316 0.999984 0.689615 
0.999997 -0.00217257 0.000656828 0.000556946 0.00217074 0.999994 0.00278053 0.00192142 -0.000662863 -0.0027791 0.999996 0.680896 
0.999994 -0.00349056 0.000107031 -0.000400543 0.00349077 0.999992 -0.00197003 -0.00477791 -0.000100154 0.0019704 0.999998 0.707113 
0.999999 -0.00129016 -0.00104138 0.00823212 0.00128224 0.999971 -0.00756155 0.00916266 0.0010511 0.0075602 0.999971 0.711428 
0.999998 -0.000848034 -0.00210306 -0.00588226 0.000830775 0.999966 -0.00819556 0.0107831 0.00210994 0.0081938 0.999964 0.709303 
0.999997 -0.000968525 -0.00226808 0.000270844 0.000966858 0.999999 -0.000735766 0.0173721 0.00226881 0.000733561 0.999997 0.737703 
0.999998 0.000429522 -0.00205022 -0.00836945 -0.000420479 0.99999 0.00441143 0.00966799 0.00205209 -0.00441057 0.999988 0.748465 
0.999996 0.000245718 -0.00276083 -0.00305176 -0.00022788 0.999979 0.00646332 0.000950456 0.00276238 -0.00646267 0.999975 0.756298 
0.999996 0.00156158 -0.00258046 -0.0100975 -0.00155677 0.999997 0.00186319 0.00130403 0.00258336 -0.00185915 0.999995 0.745602 
0.999965 -0.00778798 -0.00300617 0.00376511 0.0077715 0.999955 -0.00545861 0.00171673 0.00304854 0.00543506 0.999981 0.728212 
0.999993 -0.00201245 -0.00317993 -0.000179291 0.00199566 0.999984 -0.00527653 0.0025425 0.00319051 0.00527014 0.999981 0.737595 
0.999979 0.00597929 -0.00269716 -0.0200615 -0.00598141 0.999982 -0.000779078 0.00939822 0.00269246 0.000795211 0.999996 0.732073 
0.999985 0.00430134 -0.00344685 -0.0172386 -0.00428933 0.999985 0.00348553 0.0063529 0.00346179 -0.00347069 0.999988 0.756413 
0.999982 -0.00407619 -0.00441612 0.00491714 0.00409243 0.999985 0.00367563 -0.00182164 0.00440107 -0.00369363 0.999984 0.764948 
0.999982 -0.00479031 -0.00351942 0.00632095 0.00478741 0.999988 -0.000829444 -0.000592947 0.00352335 0.000812585 0.999994 0.74258 
0.999997 2.75038e-05 -0.00240358 -0.0144043 -3.80501e-05 0.99999 -0.0043941 -0.00109196 0.00240344 0.00439418 0.999988 0.732101 
0.999985 0.00355114 -0.00422046 -0.0125961 -0.00355499 0.999993 -0.000902861 0.00951362 0.00421723 0.000917845 0.999991 0.750839 
0.999994 0.000258757 -0.00353275 -0.00556946 -0.000257321 1 0.000406583 0.006428 0.00353286 -0.000405676 0.999994 0.764936 
0.999986 -0.0039876 -0.00344259 -0.00235748 0.00399785 0.999988 0.00297517 0.00280571 0.00343068 -0.0029889 0.99999 0.745369 
0.999983 -0.00476878 -0.00347834 0.00125885 0.00476723 0.999989 -0.000451882 -0.000823975 0.00348046 0.000435315 0.999994 0.746641 
0.99999 -0.00296912 -0.00341724 -0.00189209 0.00296539 0.999995 -0.00109932 0.00389671 0.00342049 0.00108917 0.999994 0.754759 
0.999997 -0.000933863 -0.00245784 -0.00431061 0.000934694 1 0.000337546 0.00116682 0.00245752 -0.000339845 0.999997 0.765203 
0.999993 -0.00147177 -0.00343894 -0.00665665 0.00147524 0.999998 0.00101024 0.0089252 0.00343744 -0.00101532 0.999994 0.755167 
0.999991 -0.00231301 -0.00351953 -0.00361633 0.00231672 0.999997 0.00105105 0.00363374 0.00351709 -0.0010592 0.999993 0.747902 
0.999995 0.00115106 -0.00308043 -0.00278854 -0.00115079 0.999999 9.03467e-05 0.000592947 0.00308053 -8.67906e-05 0.999995 0.759388 
0.99999 0.00314243 -0.00312564 -0.0175781 -0.00314831 0.999993 -0.00188064 0.0063982 0.00311971 0.00189045 0.999993 0.77335 
0.999994 -0.00206395 -0.00274088 0.00138855 0.00206306 0.999998 -0.000328543 0.00745988 0.00274155 0.000322899 0.999996 0.749283 
0.999993 0.00183282 -0.00325222 -0.00541306 -0.00183223 0.999998 0.000187932 0.00903201 0.00325255 -0.000181978 0.999995 0.76141 
0.999996 0.00157646 -0.00219477 -0.0111046 -0.00157629 0.999999 7.74888e-05 0.000282764 0.00219489 -7.40318e-05 0.999998 0.762646 
0.999992 0.00263538 -0.00288852 -0.0152588 -0.00263602 0.999997 -0.000218581 0.005059 0.00288795 0.000226193 0.999996 0.766365 
0.999996 0.00104566 -0.00271292 -0.00960922 -0.00105032 0.999998 -0.00171644 0.00316739 0.00271111 0.00171929 0.999995 0.754326 
0.999993 0.00150977 -0.0033975 -0.0135269 -0.00152182 0.999993 -0.0035472 0.000695467 0.00339212 0.00355233 0.999988 0.785263 
0.999993 -0.000600129 -0.00380783 -0.00228119 0.00059139 0.999997 -0.00229531 0.00662208 0.0038092 0.00229304 0.99999 0.775555 
0.99998 0.00553861 -0.00315056 -0.0164413 -0.00554398 0.999983 -0.00169832 0.0058701 0.00314108 0.00171577 0.999994 0.769741 
0.999989 0.00393943 -0.00261196 -0.019146 -0.00393652 0.999992 0.00111972 0.00492811 0.00261638 -0.00110943 0.999996 0.779453 
0.999988 -0.0034597 -0.0034171 -0.00511169 0.00345823 0.999994 -0.000433679 0.00864887 0.00341859 0.000421834 0.999994 0.760643 
0.99999 0.00229122 -0.00379537 -0.0172386 -0.00229615 0.999997 -0.00129749 -0.00610495 0.00379235 0.00130619 0.999992 0.815468 
0.999987 0.00324863 -0.00389522 -0.0181198 -0.00325254 0.999994 -0.000999103 0.011281 0.00389197 0.00101176 0.999992 0.787022 
0.999991 0.000622587 -0.00427765 -0.00906372 -0.000613429 0.999997 0.00214229 0.00881243 0.00427897 -0.00213964 0.999988 0.797447 
0.99999 0.000109013 -0.00443535 -0.0209541 -0.000109995 1 -0.00021955 3.57628e-05 0.00443531 0.000220015 0.99999 0.81189 
0.99998 0.00296883 -0.00550805 -0.00278854 -0.0029868 0.99999 -0.00325821 0.00663376 0.00549833 0.00327462 0.99998 0.788181 
0.999981 0.00162338 -0.00587988 -0.0185776 -0.00167313 0.999963 -0.00846557 0.00318599 0.00586594 0.00847523 0.999947 0.793247 
0.99997 0.000236724 -0.00768862 -0.0112762 -0.000270816 0.99999 -0.00443297 0.00627375 0.00768747 0.00443493 0.999961 0.807995 
0.999961 0.00418861 -0.00779164 -0.0211678 -0.00421124 0.999987 -0.00289034 0.0118523 0.00777943 0.00292301 0.999966 0.812233 
0.999971 0.0021708 -0.00738121 -0.0128746 -0.00215309 0.999995 0.00240625 0.00696325 0.00738636 -0.00239028 0.99997 0.82869 
0.999973 -0.00056334 -0.00728409 -0.0187759 0.000572334 0.999999 0.00123325 0.0112188 0.0072834 -0.00123737 0.999973 0.817108 
0.99997 -0.000282375 -0.00764869 -0.0137787 0.000309722 0.999993 0.00357418 0.00866199 0.00764766 -0.00357646 0.999964 0.837112 
0.999971 0.00141604 -0.00752464 -0.0146294 -0.00137168 0.999982 0.00589728 0.00394011 0.00753286 -0.00588677 0.999954 0.813835 
0.999968 0.00159457 -0.00789858 -0.00727844 -0.00153561 0.999971 0.00746576 0.0141485 0.0079103 -0.00745341 0.999941 0.827526 
0.999974 0.000277953 -0.00713508 -0.0137901 -0.000257638 0.999996 0.00284802 -0.0094229 0.00713584 -0.0028461 0.99997 0.831528 
0.999973 -0.000230211 -0.00730295 -0.0146217 0.000217404 0.999998 -0.00175446 -0.00179636 0.00730337 0.00175283 0.999972 0.816536 
0.999984 -0.00109411 -0.00547099 -0.0104828 0.0010558 0.999975 -0.00700173 0.00459802 0.0054785 0.00699584 0.99996 0.796413 
0.999981 0.00102173 -0.00602312 0.000457764 -0.00104499 0.999992 -0.00385931 0.0116847 0.00601913 0.00386552 0.999975 0.789722 
0.999987 0.000733498 -0.00499597 -0.0163879 -0.000746498 0.999996 -0.00260074 -0.00224829 0.00499405 0.00260442 0.999984 0.784401 
0.999984 0.00231806 -0.00521085 -0.0187225 -0.00231224 0.999996 0.00112227 -0.00103807 0.00521339 -0.00111022 0.999986 0.803726 
0.999979 -0.00432786 -0.00495027 -0.00557709 0.00433906 0.999988 0.00225348 0.00310373 0.00494047 -0.00227488 0.999985 0.785324 
0.99999 -0.00111325 -0.00434828 -0.00883484 0.00114057 0.99998 0.00628555 0.012152 0.00434119 -0.00629047 0.999971 0.774956 
0.999993 0.00118021 -0.00367106 -0.00600815 -0.00115742 0.99998 0.00620408 0.00727594 0.00367834 -0.00619978 0.999974 0.768021 
0.999986 0.00380328 -0.00362627 -0.0113754 -0.0037868 0.999982 0.00454158 -0.00884748 0.00364348 -0.00452776 0.999983 0.757942 
0.999994 0.00112722 -0.00338095 -0.00649643 -0.00112621 0.999999 0.000303088 -0.00204951 0.00338133 -0.000299309 0.999994 0.759819 
0.999996 0.00181115 -0.00217366 -0.00845337 -0.00181457 0.999997 -0.00157257 -0.00169742 0.00217079 0.00157652 0.999996 0.729561 
0.999989 0.00422778 -0.00213781 -0.00925064 -0.00423583 0.999984 -0.00377077 -0.00125712 0.00212187 0.00377977 0.999991 0.721169 
0.999998 0.00048594 -0.00196876 -0.01297 -0.000493913 0.999992 -0.00405002 0.00215828 0.00196673 0.00405101 0.99999 0.7117 
0.999999 0.000574929 -0.00157559 -0.0185661 -0.000583088 0.999986 -0.00518494 -0.00227511 0.00157259 0.00518583 0.999985 0.70118 
0.999999 -0.000865807 -0.00149035 -0.00555038 0.000862308 0.999997 -0.00234538 0.00570142 0.00149238 0.00234407 0.999996 0.692131 
0.999996 0.00199404 -0.00213818 -0.00157547 -0.00199305 0.999998 0.000467169 0.00346446 0.00213915 -0.000462904 0.999998 0.720558 
1 4.176e-05 -0.000285015 -0.00618744 -4.09171e-05 0.999996 0.00295837 0.00226367 0.000285149 -0.00295835 0.999996 0.681351 
1 -0.00019359 -0.000763819 -0.00362396 0.000195618 0.999996 0.00265368 -0.000468135 0.000763342 -0.00265383 0.999996 0.675331 
0.999999 -0.00154097 3.89367e-05 0.00114441 0.00154093 0.999998 0.000978349 0.00471461 -4.04567e-05 -0.000978282 1 0.665924 
0.999998 0.0005065 0.00211234 -0.00939941 -0.000508699 0.999999 0.00104135 -0.00209379 -0.00211182 -0.00104242 0.999997 0.647148 
0.999998 0.00193632 0.000739545 0.00728607 -0.00193597 0.999998 -0.000462616 -0.0100413 -0.000740498 0.000461174 1 0.634338 
0.999997 0.000889029 0.00230701 -0.00296402 -0.000882836 0.999996 -0.00268516 -0.00185531 -0.0023094 0.00268312 0.999994 0.624107 
0.999995 -0.00191049 0.00247869 0.0010376 0.00192047 0.99999 -0.0040304 -0.00325286 -0.00247091 0.00403516 0.999989 0.608856 
0.999997 -0.00186757 0.00183241 -0.00471497 0.00186971 0.999998 -0.00117145 0.00521755 -0.00183025 0.00117486 0.999998 0.623405 
0.999997 0.000330207 0.00246133 0.00323868 -0.000332301 0.999999 0.000849636 0.014145 -0.00246111 -0.000850424 0.999997 0.599014 
0.999997 0.000644067 0.00236453 0.000999451 -0.000650977 0.999996 0.00292196 0.00370681 -0.00236261 -0.00292349 0.999993 0.600777 
0.999997 -0.000609871 0.00233577 -0.00352478 0.000599649 0.99999 0.00437474 -0.00458646 -0.00233842 -0.00437331 0.999988 0.589157 
0.999993 -0.0029807 0.00214952 0.00518799 0.00297976 0.999995 0.000441055 -0.00762779 -0.00215085 -0.000434651 0.999998 0.574242 
0.99999 -0.0039364 0.00189602 0.00625992 0.00394095 0.999989 -0.00240012 0.00420666 -0.00188653 0.00240759 0.999995 0.559135 
0.999988 -0.0041192 0.00276621 0.00479889 0.00412666 0.999988 -0.00270015 0.00254619 -0.00275508 0.00271152 0.999993 0.561157 
0.999998 0.000880231 0.00179021 0.00157547 -0.000876943 0.999998 -0.001833 0.004951 -0.00179182 0.00183143 0.999997 0.554565 
0.999998 0.000686727 0.00163545 -0.00456619 -0.000682521 0.999996 -0.0025708 0.00346506 -0.00163716 0.00256967 0.999995 0.550209 
0.999998 -0.00188732 0.000959873 0.00635147 0.00188573 0.999997 0.00165293 -0.00271797 -0.000963017 -0.00165111 0.999998 0.56488 
0.999984 -0.00557185 -0.000549912 0.0114746 0.0055718 0.999985 -9.02261e-05 0.00972939 0.000550419 8.71578e-05 1 0.55928 
0.999983 -0.00562729 -0.00174749 0.00553513 0.00562908 0.999984 0.00101911 0.00892615 0.00174175 -0.00102897 0.999998 0.548157 
0.999994 -0.00287838 -0.00191501 0.00125122 0.00287881 0.999996 0.000220248 0.00270629 0.00191435 -0.000225742 0.999998 0.563377 
0.999992 0.00214603 -0.00335474 -0.013401 -0.00214302 0.999997 0.000898985 0.00195408 0.00335672 -0.000891784 0.999994 0.569969 
0.999984 0.000779197 -0.00560747 -0.0110092 -0.000781953 1 -0.000489354 0.00108719 0.00560708 0.000493714 0.999984 0.568047 
0.99998 -0.00145056 -0.00612575 -0.0160217 0.00145307 0.999999 0.000403468 0.00873804 0.00612514 -0.000412349 0.999981 0.576965 
0.999963 0.00116501 -0.00852756 -0.00509262 -0.00116536 0.999999 -3.56655e-05 0.00923681 0.0085275 4.56055e-05 0.999964 0.589775 
0.999965 -0.00115092 -0.00826573 -0.0256767 0.00116611 0.999998 0.00183233 0.00566459 0.00826362 -0.0018419 0.999964 0.586075 
0.999951 0.0030875 -0.00946954 0.000419617 -0.00307856 0.999995 0.000958859 0.00355482 0.00947244 -0.000929642 0.999955 0.580452 
0.999951 0.000279281 -0.00989969 -0.0143929 -0.000275318 1 0.000402619 0.00387621 0.0098998 -0.000399875 0.999951 0.600288 
0.999937 0.00471858 -0.0101671 -0.0269814 -0.00474815 0.999985 -0.00288695 0.00524378 0.0101533 0.00293507 0.999944 0.612831 
0.999948 0.00243386 -0.00989421 -0.0248146 -0.00244757 0.999996 -0.00137388 0.00542283 0.00989087 0.001398 0.99995 0.629784 
0.999927 0.0030078 -0.0117189 -0.0145149 -0.00303132 0.999994 -0.00198991 0.00810719 0.0117128 0.00202528 0.999929 0.615746 
0.999943 0.000708798 -0.0106584 -0.0226021 -0.000729763 0.999998 -0.00196367 0.00589681 0.0106569 0.00197136 0.999941 0.641762 
0.999946 0.00204903 -0.0101678 -0.0239372 -0.00205088 0.999998 -0.000171607 0.00839543 0.0101674 0.000192443 0.999948 0.653816 
0.999942 9.97633e-06 -0.0107794 -0.013401 -1.23847e-05 1 -0.000223207 0.00462961 0.0107795 0.00022331 0.999942 0.663971 
0.999933 0.00313699 -0.0111166 -0.0227699 -0.00313745 0.999995 -2.31292e-05 0.0142827 0.0111164 5.8013e-05 0.999938 0.684746 
0.999941 -0.000520536 -0.0108168 -0.0167885 0.000565053 0.999991 0.00411203 0.0166836 0.0108146 -0.00411787 0.999933 0.668114 
0.999928 -0.00492769 -0.0109464 -0.0103569 0.00499606 0.999968 0.00622819 0.00583863 0.0109153 -0.00628245 0.999921 0.701797 
0.999931 -0.00218982 -0.0115574 -0.0121346 0.00222996 0.999991 0.00346161 0.00819826 0.0115497 -0.00348712 0.999927 0.712868 
0.999937 0.000218018 -0.011237 -0.0125961 -0.000180461 0.999995 0.00334318 0.00697792 0.0112377 -0.00334095 0.999931 0.731125 
0.999928 -0.00748816 -0.0093638 -0.010746 0.00748829 0.999972 -2.1236e-05 0.0106974 0.00936371 -4.88763e-05 0.999956 0.739662 
0.999937 -0.0068307 -0.00895113 -0.00188828 0.00685654 0.999973 0.00286057 0.0129241 0.00893128 -0.00292177 0.999956 0.751846 
0.999927 -0.00983957 -0.00699404 0.00422478 0.00988138 0.999933 0.0059695 0.00979233 0.00693482 -0.00603817 0.999958 0.773293 
0.999954 -0.00610138 -0.00734758 -0.00391197 0.00612053 0.999978 0.00258704 0.00555271 0.00733173 -0.00263189 0.99997 0.768456 
0.999968 -0.00229992 -0.00762257 -0.0122452 0.00229367 0.999997 -0.000827907 -0.0047003 0.00762448 0.000810391 0.999971 0.769363 
0.999963 -0.00307779 -0.00802043 -0.00756454 0.00301103 0.999961 -0.00832311 0.0090813 0.00804567 0.00829866 0.999933 0.783691 
0.99996 -0.00457048 -0.00764382 -0.00230408 0.00451919 0.999967 -0.00671244 0.0114567 0.00767416 0.00667763 0.999948 0.771301 
0.999983 0.00160895 -0.00560808 -0.0165615 -0.00161808 0.999997 -0.00162476 0.00737214 0.00560552 0.0016338 0.999983 0.781052 
0.999962 0.0066863 -0.00560907 -0.0171661 -0.00667708 0.999976 0.00166095 -0.00138807 0.00562 -0.00162342 0.999983 0.780258 
0.999969 0.00634348 -0.00470349 -0.0243759 -0.00635008 0.999979 -0.00139019 0.00292945 0.00469455 0.00142002 0.999988 0.766975 
0.999991 0.000613376 -0.00426555 -0.0141125 -0.000626806 0.999995 -0.003147 -0.00172114 0.00426364 0.00314964 0.999986 0.752052 
0.999984 0.00268524 -0.00497103 -0.00361443 -0.00270209 0.99999 -0.00338751 0.00495672 0.00496188 0.00340091 0.999982 0.748009 
0.999989 0.00250111 -0.00394353 -0.0148563 -0.00250929 0.999995 -0.00207125 0.00415611 0.00393835 0.00208112 0.99999 0.737 
0.99999 0.000775207 -0.00444824 -0.0112896 -0.000766182 0.999998 0.00203315 0.00528598 0.00444984 -0.0020297 0.999988 0.73484 
0.999989 -0.00102549 -0.00464255 -0.00759888 0.00103921 0.999995 0.00295344 -0.00292993 0.00463942 -0.00295824 0.999985 0.740219 
0.999993 -0.000170993 -0.0036689 -0.00463676 0.000181941 0.999995 0.00298508 0.00571275 0.0036684 -0.00298573 0.999989 0.716423 
0.999992 0.000677152 -0.00397837 -0.014164 -0.000671141 0.999999 0.00151147 -0.0019145 0.00397927 -0.00150878 0.999991 0.711166 
0.99999 0.0020856 -0.00391966 -0.00981903 -0.00209045 0.999997 -0.00123656 0.00231624 0.00391716 0.00124471 0.999992 0.691048 
0.999995 -0.000893418 -0.00294238 -0.0097084 0.000890143 0.999999 -0.00111393 -0.00250316 0.00294334 0.00111131 0.999995 0.695969 
0.999995 -0.00227869 -0.00205439 -0.00397491 0.00228041 0.999997 0.000834636 0.00291681 0.00205249 -0.000839318 0.999998 0.666023 
0.999995 -0.00218392 -0.00233454 0.0120888 0.00218496 0.999998 0.000444297 -0.00194478 0.00233352 -0.000449401 0.999997 0.659882 
0.999997 0.00052423 -0.00219008 -0.0067234 -0.000523129 1 0.000507155 0.00590444 0.00219032 -0.000506015 0.999997 0.661011 
0.999997 -0.0014836 -0.00204417 -0.00579071 0.00148403 0.999999 0.000208287 -0.00333977 0.0020439 -0.000211312 0.999998 0.652092 
0.999995 0.000399772 -0.00314897 -0.00284004 -0.00040555 0.999998 -0.00183526 -0.000463963 0.00314826 0.00183652 0.999993 0.63723 
0.999993 -0.00256284 -0.00287664 -0.00600433 0.00255879 0.999996 -0.00141034 -0.00614715 0.00288022 0.00140299 0.999995 0.636543 
0.999991 -0.00254649 -0.00326622 -0.00543976 0.00254541 0.999997 -0.000339396 0.00706172 0.00326711 0.000331074 0.999995 0.622528 
0.999989 -0.00319488 -0.00355941 0.00815582 0.00319544 0.999995 0.000156317 0.00020504 0.0035589 -0.0001677 0.999994 0.578697 
0.999992 -0.00177038 -0.00349674 -0.00502396 0.00177078 0.999999 0.000112018 0.0027914 0.00349647 -0.000118224 0.999994 0.603729 
0.999992 -0.00134706 -0.00363278 -0.00496864 0.00134585 0.999999 -0.0003385 0.00214195 0.00363326 0.000333626 0.999993 0.591377 
0.999992 -0.000696827 -0.00383803 -0.00998974 0.000700485 0.999999 0.000952354 -0.00542045 0.00383735 -0.000955027 0.999992 0.59079 
0.999992 -0.00195316 -0.00352252 -0.00368309 0.00195138 0.999998 -0.000508938 0.00373602 0.00352344 0.000502069 0.999994 0.570663 
0.999989 -0.000270266 -0.00460234 -0.00536728 0.000262111 0.999998 -0.00177252 0.00340652 0.00460291 0.00177128 0.999988 0.586288 
0.999984 -0.00266917 -0.00493959 0.000766754 0.00266205 0.999995 -0.00144714 -0.000289202 0.00494343 0.00143395 0.999987 0.573547 
0.999981 0.00143943 -0.00606352 -0.00583076 -0.00145788 0.999994 -0.00304215 0.00248098 0.0060592 0.00305094 0.999977 0.572128 
0.999976 0.00322776 -0.00616714 -0.0186949 -0.00325772 0.999983 -0.00485487 -0.00110841 0.00615123 0.00487485 0.999969 0.569946 
0.999963 0.00449575 -0.00727341 -0.0177069 -0.00453527 0.999975 -0.00542475 0.00250959 0.00724876 0.00545753 0.999959 0.570984 
0.999963 0.00508244 -0.00688684 -0.0234833 -0.00511347 0.999977 -0.00449519 -0.00014925 0.00686377 0.00453023 0.999966 0.563751 
0.999964 0.0026532 -0.0080421 -0.0182753 -0.00268427 0.999989 -0.00385804 0.0121999 0.00803185 0.00387952 0.99996 0.587158 
0.99997 0.00338634 -0.00699624 -0.0151033 -0.00337558 0.999993 0.0015524 0.0132866 0.0070014 -0.00152875 0.999974 0.583298 
0.99996 0.00587034 -0.00675365 -0.0254927 -0.00584025 0.999973 0.00446581 0.00945568 0.0067797 -0.00442619 0.999967 0.595581 
0.999957 0.00552183 -0.00751543 -0.0221872 -0.00547201 0.999963 0.00663322 0.00262165 0.00755185 -0.00659179 0.99995 0.604416 
0.999952 0.00600883 -0.00771531 -0.0124993 -0.00596307 0.999965 0.00594187 0.00147295 0.0077506 -0.00589561 0.999952 0.603577 
0.999971 0.00195493 -0.00731599 -0.0193653 -0.00192754 0.999991 0.00374536 0.0040822 0.00732327 -0.00373114 0.999966 0.621078 
0.999958 0.00407045 -0.00827295 -0.0181913 -0.00408424 0.99999 -0.00164907 0.00891709 0.00826621 0.0016828 0.999964 0.628448 
0.999967 0.0036648 -0.00728095 -0.0268288 -0.00368308 0.99999 -0.00249961 0.00480103 0.00727177 0.00252633 0.99997 0.63858 
0.999964 0.00178633 -0.0082683 -0.0103276 -0.00181104 0.999994 -0.00298101 0.013552 0.0082629 0.00299589 0.999961 0.647095 
0.99997 0.00167077 -0.00752836 -0.0200868 -0.00168206 0.999997 -0.00149628 0.00812769 0.00752595 0.0015089 0.99997 0.655197 
0.999967 0.0024472 -0.00776687 -0.0225607 -0.00243883 0.999996 0.0010892 0.00213861 0.00776941 -0.00107023 0.999969 0.686859 
0.999948 0.0053988 -0.00866508 -0.0187784 -0.00539033 0.999985 0.000999199 0.0125303 0.00867036 -0.000952429 0.999962 0.694962 
0.99996 -0.00058142 -0.00889817 -0.0178728 0.000602399 0.999997 0.00235552 0.00795412 0.00889683 -0.0023608 0.999958 0.704178 
0.999959 -0.000167019 -0.00910002 -0.0155253 0.000185546 0.999998 0.0020339 0.00852513 0.0090996 -0.00203546 0.999956 0.71994 
0.999955 -0.000151946 -0.00949588 -0.0175242 0.000148624 1 -0.000350494 0.00646114 0.00949588 0.000349055 0.999955 0.733261 
0.999943 0.00385457 -0.0099642 -0.0298648 -0.00385492 0.999993 -1.60243e-05 0.00916862 0.0099642 5.44502e-05 0.99995 0.747101 
0.99995 -0.000349958 -0.00995463 -0.0211935 0.000339158 0.999999 -0.00108528 0.0131366 0.00995499 0.00108185 0.99995 0.750031 
0.99996 0.00150304 -0.00886005 -0.0155106 -0.00150239 0.999999 8.0237e-05 0.0161808 0.00886014 -6.69351e-05 0.999961 0.790985 
0.999976 -0.000528786 -0.00685292 -0.0131769 0.000534225 1 0.000791797 0.0104272 0.0068526 -0.000795455 0.999976 0.798462 
0.999989 -0.00144094 -0.00438261 -0.0146608 0.0014422 0.999999 0.000284026 0.0100701 0.00438213 -0.000290352 0.99999 0.799713 
0.999983 -0.00364947 -0.00446707 -0.0120049 0.00365049 0.999993 0.0002226 0.00844932 0.00446627 -0.000238907 0.99999 0.809723 
0.999976 -0.00576745 -0.00389296 -0.00573921 0.0057706 0.999983 0.000799693 -0.000235796 0.00388825 -0.000822138 0.999992 0.830688 
0.999957 -0.00832333 -0.00413999 0.0142765 0.00832808 0.999965 0.00113072 0.0167067 0.00413045 -0.00116515 0.999991 0.835007 
0.999968 -0.00654739 -0.00456092 -0.00256062 0.00655654 0.999977 0.00198972 0.0139303 0.00454783 -0.00201954 0.999988 0.85582 
0.999975 -0.00596876 -0.00374392 0.000454903 0.00597755 0.999979 0.00234097 0.00660062 0.00372991 -0.00236329 0.99999 0.858566 
0.999992 -0.000384635 -0.00399137 -0.0221138 0.000391621 0.999998 0.00175157 0.00502515 0.00399059 -0.00175313 0.999991 0.867554 
0.999991 0.000351131 -0.00426441 0.000767708 -0.00035773 0.999999 -0.00154453 0.00410473 0.00426376 0.00154604 0.99999 0.852707 
0.999976 0.00501467 -0.00475952 -0.0223179 -0.00502231 0.999986 -0.00159429 0.00860453 0.00475147 0.00161815 0.999987 0.871872 
0.999971 0.00623634 -0.00432709 -0.0273438 -0.00623483 0.99998 0.000357181 0.0133893 0.00432932 -0.000330172 0.99999 0.880295 
0.999991 0.000166072 -0.00412631 -0.0113583 -0.000147609 0.99999 0.00448012 0.00558257 0.00412709 -0.00447949 0.999982 0.882523 
0.999981 0.00331973 -0.00523049 -0.00611496 -0.00328887 0.999977 0.00589629 0.0142981 0.00524992 -0.00587896 0.999969 0.910233 
0.999987 -0.00115228 -0.00496805 -0.0105934 0.00118521 0.999977 0.00662934 0.0101913 0.00496036 -0.00663514 0.999966 0.91217 
0.99998 -0.00218439 -0.00595546 -0.0121574 0.00220579 0.999991 0.00358964 8.67173e-05 0.00594744 -0.00360271 0.999976 0.89859 
0.999966 -0.00594149 -0.00578663 -0.00395966 0.00593144 0.999981 -0.00175473 0.00188988 0.00579712 0.00172035 0.999982 0.910385 
0.999928 -0.0104682 -0.00582886 0.00193787 0.0104332 0.999928 -0.00601551 0.00506145 0.00589117 0.00595427 0.999965 0.890884 
0.999954 -0.00629003 -0.00728557 0.00155067 0.00622974 0.999946 -0.0082685 0.00451732 0.00733712 0.00822273 0.999939 0.906876 
0.999969 -0.00329598 -0.0072048 -0.017086 0.00326524 0.999986 -0.00427369 0.0123593 0.00721893 0.00425003 0.999965 0.917358 
0.999963 -0.00319674 -0.00803247 -0.0107975 0.0032245 0.999989 0.00344561 0.0107148 0.00802135 -0.00347138 0.999962 0.916214 
0.999956 -0.00440097 -0.0082266 -0.00413895 0.00442681 0.999985 0.00312565 -0.00839388 0.00821263 -0.00316193 0.999961 0.921829 
0.999955 -0.00590145 -0.00743362 -0.00162125 0.0058941 0.999982 -0.00101023 0.0169479 0.00743952 0.000966379 0.999972 0.920639 
0.999979 -0.00257803 -0.00602171 -0.0135918 0.00254375 0.999981 -0.00569367 0.00398052 0.00603628 0.00567823 0.999966 0.932251 
0.999985 0.000582946 -0.00552663 -0.00660706 -0.000591021 0.999999 -0.00145974 0.00627017 0.00552583 0.00146299 0.999984 0.929504 
0.999983 -0.00317204 -0.004843 0.00149918 0.00318067 0.999993 0.00177542 0.00399375 0.0048373 -0.00179079 0.999987 0.932449 
0.999987 -0.00381365 -0.00353989 -0.000213623 0.00382614 0.999987 0.00352878 0.0159695 0.0035263 -0.00354227 0.999987 0.931717 
0.999993 -0.00327986 -0.00177848 0.000747681 0.00328485 0.999991 0.0028061 0.00329244 0.00176939 -0.00281193 0.999994 0.932892 
0.999992 -0.00403466 -0.000871241 0.00387955 0.00403734 0.999987 0.00310564 0.00727132 0.000858635 -0.00310912 0.999995 0.941956 
1 -0.000365872 -0.000457883 -0.0012207 0.000366254 1 0.000843301 0.0102125 0.000457495 -0.000843469 1 0.937866 
0.999999 0.00153523 0.000680238 -0.0192413 -0.00153607 0.999998 0.00123615 -0.00132978 -0.00067836 -0.00123719 0.999999 0.952042 
0.999998 0.00212132 0.0006814 -0.00170135 -0.00212008 0.999996 -0.00182119 0.00436187 -0.000685155 0.00181976 0.999998 0.933655 
0.999992 0.00359626 0.00164476 -0.0167732 -0.00359414 0.999993 -0.00128037 0.0115443 -0.00164923 0.00127443 0.999998 0.960587 
0.999991 0.00329199 0.00271443 -0.00762177 -0.00328664 0.999993 -0.0019766 0.00926977 -0.00272098 0.00196766 0.999994 0.946289 
0.999987 0.00450855 0.00241518 -0.000993729 -0.00451061 0.999989 0.000845376 -0.00104004 -0.00241134 -0.000856251 0.999997 0.944519 
0.999991 0.00244777 0.00362188 -0.0169163 -0.00244903 0.999997 0.000344504 0.00548601 -0.00362086 -0.000353375 0.999993 0.962173 
0.999994 0.00117212 0.0032914 -0.000513077 -0.00117822 0.999998 0.00185358 0.00461483 -0.00328916 -0.00185746 0.999993 0.932785 
0.999993 0.00111331 0.00360033 -0.00766945 -0.00112609 0.999993 0.00355146 0.00221407 -0.00359637 -0.00355548 0.999987 0.932373 
0.999984 -0.00410167 0.00387591 0.0101852 0.00409491 0.99999 0.00174876 0.00194374 -0.003883 -0.00173287 0.999991 0.935654 
0.999992 0.000855116 0.0038476 6.48499e-05 -0.000834567 0.999985 -0.005338 -0.00348347 -0.00385219 0.00533476 0.999978 0.930389 
