1 0 0 0 0 1 0 0 0 0 1 0 
1 4.63526e-05 -0.000138422 0.0152604 -4.65494e-05 0.999999 -0.00142639 0.0143147 0.000138356 0.0014264 0.999999 -1.31541 
0.999999 0.00153363 0.000803323 -0.0055486 -0.00153337 0.999999 -0.000329991 0.0294326 -0.000803827 0.000328757 1 -1.30251 
0.999999 0.00120773 2.46805e-05 0.00350242 -0.00120775 0.999999 0.00109299 0.0156086 -2.33604e-05 -0.00109302 0.999999 -1.31279 
1 0.000222615 -2.14603e-05 0.00841314 -0.000222618 1 -6.37826e-05 0.0186316 2.14459e-05 6.37863e-05 1 -1.32605 
1 0.00069805 2.19212e-05 -0.00203891 -0.000698026 0.999999 -0.00101759 0.0298416 -2.26315e-05 0.00101757 1 -1.31797 
0.999999 0.0014638 -0.000298282 0.00747018 -0.00146413 0.999998 -0.00112809 0.019453 0.000296631 0.00112853 0.999999 -1.31687 
1 -0.000599333 5.6865e-05 0.00496019 0.000599367 1 -0.000582335 0.0258022 -5.65162e-05 0.000582368 1 -1.34563 
1 -0.000916482 0.000357196 0.00448725 0.000915815 0.999998 0.00185983 0.019292 -0.0003589 -0.0018595 0.999998 -1.35081 
0.999997 -0.00243045 0.000182485 0.00673672 0.0024301 0.999995 0.00191779 0.0250883 -0.000187146 -0.00191735 0.999998 -1.33401 
0.999994 -0.00353419 -0.000264614 0.0155135 0.00353441 0.999993 0.000840451 0.0223562 0.000261642 -0.000841381 1 -1.34131 
0.999997 -0.00228093 -0.000175021 0.017355 0.00228095 0.999997 0.000140621 0.0194135 0.000174699 -0.00014102 1 -1.33881 
0.999999 -0.00120814 0.000105567 0.00454236 0.00120822 0.999999 -0.00079526 0.0188659 -0.000104605 0.000795387 1 -1.35355 
0.999997 0.0023514 -0.000745923 0.0112091 -0.00235355 0.999993 -0.0028917 0.0283903 0.000739118 0.00289345 0.999996 -1.35067 
0.999991 0.00419655 -1.03196e-05 0.00156359 -0.00419656 0.999989 -0.00190966 0.025763 2.30604e-06 0.00190969 0.999998 -1.35394 
0.999997 0.00231663 0.000200248 0.00666887 -0.0023171 0.999995 0.00233884 0.0179397 -0.000194828 -0.0023393 0.999997 -1.34509 
0.999999 0.00147725 4.31351e-05 -0.00176543 -0.00147732 0.999998 0.0015918 0.0299722 -4.07836e-05 -0.00159186 0.999999 -1.36076 
0.999994 -0.00301259 -0.00128331 0.0259233 0.00301474 0.999994 0.00167545 0.0138341 0.00127825 -0.00167931 0.999998 -1.34546 
0.999996 -0.00283111 -0.000502583 0.00712283 0.00283032 0.999995 -0.00156377 0.0114516 0.000507009 0.00156234 0.999999 -1.37828 
1 7.55618e-05 -0.000100756 -0.00358999 -7.59544e-05 0.999992 -0.00389973 0.0380549 0.00010046 0.00389974 0.999992 -1.37496 
0.999998 0.00183606 -0.00118566 0.017502 -0.00183805 0.999997 -0.00167832 0.013864 0.00118257 0.0016805 0.999998 -1.36791 
0.999988 0.00474945 0.000863751 -0.00943403 -0.00475082 0.999987 0.00158419 0.0270712 -0.000856217 -0.00158828 0.999998 -1.38156 
1 0.000183041 0.000105566 0.00143458 -0.000183272 0.999997 0.00219925 0.0185581 -0.000105163 -0.00219927 0.999998 -1.38005 
1 0.000425648 -0.00076433 0.00675789 -0.000423574 0.999996 0.0027109 0.0198202 0.000765481 -0.00271057 0.999996 -1.37682 
0.999994 -0.00328706 -0.000780532 0.0191653 0.00328737 0.999994 0.000397054 0.0254548 0.000779223 -0.000399619 1 -1.3725 
1 -0.000710792 -0.000272357 0.00796795 0.000711403 0.999997 0.00225312 0.0204627 0.000270754 -0.00225331 0.999998 -1.37997 
1 -0.000588099 0.000141085 0.000525057 0.000588207 0.999999 -0.000768328 0.0212985 -0.000140632 0.00076841 1 -1.39493 
1 -0.000731648 -0.000213284 0.0193663 0.000731442 0.999999 -0.000964168 0.0216089 0.000213988 0.000964012 1 -1.38548 
0.999999 -0.00126661 0.00033146 0.0109861 0.00126719 0.999998 -0.00175327 0.0247949 -0.000329238 0.00175369 0.999998 -1.39869 
0.999996 -0.00276401 0.000102583 0.00499025 0.00276404 0.999996 -0.000316931 0.0274817 -0.000101706 0.000317212 1 -1.40715 
0.999997 -0.00245144 -0.000474574 0.0176965 0.00245158 0.999997 0.000297546 0.0226791 0.000473845 -0.000298708 1 -1.39017 
0.999998 -0.00207354 0.000148468 0.00473371 0.00207358 0.999998 -0.000249375 0.0206534 -0.000147952 0.000249682 1 -1.41711 
0.999999 -0.000966758 0.000299682 0.0099389 0.000966731 0.999999 9.12216e-05 0.0205196 -0.000299771 -9.09318e-05 1 -1.40152 
0.999999 0.00113769 0.000548057 0.00293276 -0.00113777 0.999999 0.000129857 0.0245255 -0.000547909 -0.00013048 1 -1.41723 
0.999999 0.000645723 0.000776261 0.00146893 -0.000645959 1 0.000304454 0.0218613 -0.000776062 -0.000304957 1 -1.39486 
0.999999 0.000911629 0.000830731 0.0094979 -0.000911425 1 -0.000243767 0.024991 -0.000830954 0.00024301 1 -1.41512 
0.999999 -0.000384952 0.0010513 0.00512208 0.000386067 0.999999 -0.0010613 0.0210482 -0.00105089 0.0010617 0.999999 -1.42669 
0.999999 -0.000251548 0.00119535 0.00528453 0.000251309 1 0.000199739 0.0262236 -0.0011954 -0.000199439 0.999999 -1.41484 
0.999999 -0.000379415 0.00107634 0.0110022 0.000379948 1 -0.000493475 0.021903 -0.00107615 0.000493883 0.999999 -1.41773 
0.999999 -8.70688e-05 0.00119683 0.00506464 8.79152e-05 1 -0.000708023 0.0239719 -0.00119676 0.000708128 0.999999 -1.42218 
0.999999 0.00134814 0.00044908 0.008294 -0.00134772 0.999999 -0.000946737 0.0238289 -0.000450356 0.000946131 0.999999 -1.43826 
0.999997 0.00239036 0.000903525 0.000691974 -0.00238996 0.999997 -0.000434807 0.0303454 -0.000904561 0.000432648 0.999999 -1.42977 
0.999998 0.00207227 0.000159343 0.0107188 -0.00207241 0.999997 0.000884089 0.022296 -0.000157512 -0.000884419 1 -1.40093 
0.999999 0.00122188 0.000372029 0.00307551 -0.00122153 0.999999 -0.000930496 0.030741 -0.000373164 0.000930042 1 -1.42278 
0.999999 0.00111444 -0.000793387 0.00742747 -0.00111452 0.999999 -9.7784e-05 0.0211964 0.000793279 9.86678e-05 1 -1.41001 
0.999999 0.00160304 -0.000340021 5.73248e-05 -0.00160341 0.999998 -0.0010907 0.027964 0.000338271 0.00109124 0.999999 -1.4342 
0.999999 0.00104104 -0.000779742 0.0134743 -0.00104058 0.999999 0.000597726 0.0285803 0.000780364 -0.000596916 0.999999 -1.39208 
0.999999 0.0013024 -0.000571979 0.00914629 -0.00130185 0.999999 0.00096028 0.0210599 0.000573228 -0.000959535 0.999999 -1.41135 
1 9.19299e-05 -0.000291598 -0.00247905 -9.18764e-05 1 0.000193951 0.02974 0.000291616 -0.000193925 1 -1.41024 
1 -0.00071367 -0.000569926 0.00316852 0.000713702 1 5.23222e-05 0.0225612 0.000569888 -5.2728e-05 1 -1.42743 
0.999993 -0.00376877 -0.000834695 0.0211951 0.00376795 0.999993 -0.000980625 0.0227544 0.000838385 0.000977475 0.999999 -1.37101 
0.999995 -0.00307559 -0.000826874 0.0157016 0.00307456 0.999994 -0.00124324 0.02718 0.000830693 0.00124069 0.999999 -1.40821 
0.999993 -0.00378828 -0.000651769 0.00642136 0.00378785 0.999993 -0.000662097 0.0287118 0.000654272 0.000659624 1 -1.38032 
0.999992 -0.00399631 -0.000716006 0.0183422 0.0039966 0.999992 0.000404217 0.0240186 0.000714385 -0.000407076 1 -1.39788 
0.999994 -0.00349861 -0.000522716 0.010979 0.00349889 0.999994 0.000541838 0.0296812 0.000520817 -0.000543665 1 -1.40337 
0.999998 -0.00180507 -0.000842026 0.0164939 0.001805 0.999998 -9.32915e-05 0.0288712 0.000842194 9.17697e-05 1 -1.38565 
1 -0.00045636 -0.000310534 0.0108504 0.000456312 1 -0.000170956 0.0296628 0.000310612 0.000170815 1 -1.38958 
0.999999 0.00100479 -0.000426941 0.0179229 -0.00100466 0.999999 0.000295927 0.0195543 0.000427237 -0.000295497 1 -1.38884 
0.999999 0.00114925 0.000321957 -0.00343519 -0.00114954 0.999999 0.000872327 0.0339639 -0.000320954 -0.000872695 1 -1.38095 
1 0.000690136 0.000667437 0.00515634 -0.000690063 1 -0.000110149 0.0248735 -0.000667512 0.000109688 1 -1.38279 
1 0.000197265 0.00014306 0.00238478 -0.00019725 1 -0.000114486 0.0279738 -0.000143083 0.000114458 1 -1.37042 
0.999999 0.000810284 0.000834238 -0.00246674 -0.000810724 1 0.000526913 0.0211823 -0.000833811 -0.00052759 1 -1.37273 
1 -0.000408296 0.00039967 0.0212394 0.000408387 1 -0.000225512 0.0162385 -0.000399577 0.000225675 1 -1.37074 
0.999999 0.000358578 0.0010381 0.000247896 -0.000357824 1 -0.000725247 0.0297874 -0.00103836 0.000724875 0.999999 -1.36309 
0.999998 0.0019541 0.000853924 0.0114186 -0.00195322 0.999997 -0.00102519 0.0305681 -0.000855925 0.00102352 0.999999 -1.38755 
0.999996 0.00256805 0.00110699 0.0131527 -0.00256752 0.999997 -0.000480829 0.0208708 -0.00110822 0.000477986 0.999999 -1.37019 
0.999997 0.0021487 0.00126113 -0.0151963 -0.00214826 0.999998 -0.000348953 0.0412929 -0.00126187 0.000346242 0.999999 -1.36658 
0.999999 0.00104209 0.000685659 0.00527149 -0.00104249 0.999999 0.000585898 0.0251938 -0.000685047 -0.000586613 0.999999 -1.37136 
1 0.000703005 -0.000108443 0.00604209 -0.000702934 1 0.000640475 0.0207115 0.000108892 -0.000640397 1 -1.33845 
1 -8.5716e-05 0.000192195 0.011385 8.55679e-05 1 0.000769445 0.0188987 -0.000192261 -0.000769428 1 -1.36768 
1 -6.69261e-05 -0.000257029 0.00598896 6.69884e-05 1 0.000241204 0.0352046 0.000257015 -0.000241222 1 -1.33645 
1 -0.000721804 -5.11534e-05 0.0111064 0.000721835 1 0.000607413 0.0252013 5.0714e-05 -0.000607449 1 -1.3392 
0.999999 -0.00164584 -0.000395498 0.00416204 0.00164581 0.999999 -7.67352e-05 0.0225954 0.000395623 7.60853e-05 1 -1.36039 
1 -0.000378718 -0.00029845 0.0112613 0.000378255 0.999999 -0.00155364 0.0268018 0.000299039 0.00155353 0.999999 -1.32728 
0.999998 -0.00196186 -9.14796e-05 0.00922468 0.00196176 0.999997 -0.00105229 0.0251949 9.35437e-05 0.00105211 0.999999 -1.35456 
1 0.000599149 -0.000222065 0.00648656 -0.000598826 0.999999 0.00144282 0.0211635 0.000222929 -0.00144268 0.999999 -1.34422 
1 -0.000214483 -0.000134364 0.0107462 0.000214795 0.999997 0.00233425 0.0274739 0.000133862 -0.00233428 0.999997 -1.29475 
1 0.000748377 0.000369479 0.000402391 -0.000748823 0.999999 0.00121094 0.0176551 -0.000368572 -0.00121122 0.999999 -1.35693 
0.999996 0.00262498 -0.000158938 0.00814721 -0.00262521 0.999995 -0.00148066 0.032035 0.000155051 0.00148108 0.999999 -1.30984 
0.999997 0.00252008 -0.00074764 0.00961578 -0.00252165 0.999995 -0.0021077 0.0261586 0.000742324 0.00210958 0.999997 -1.33986 
0.999999 0.00107159 -0.000613094 -0.00215513 -0.00107175 1 -0.000251749 0.0205946 0.000612823 0.000252407 1 -1.33381 
0.999999 0.0010682 -0.000585638 0.00429708 -0.00106758 0.999999 0.00105852 0.0272744 0.000586769 -0.0010579 0.999999 -1.3178 
0.999997 -0.00204739 -0.000963947 0.0151518 0.00204969 0.999995 0.00240018 0.0219641 0.000959028 -0.00240215 0.999997 -1.32494 
0.999997 -0.00210218 -0.00133138 0.00857359 0.00210508 0.999995 0.00218677 0.0187173 0.00132677 -0.00218957 0.999997 -1.34358 
0.999994 -0.00324749 -0.00120312 0.0135746 0.00324736 0.999995 -0.000109673 0.0228833 0.00120347 0.000105767 0.999999 -1.30955 
0.999998 -0.00134027 -0.00146288 0.0133437 0.0013378 0.999998 -0.00169022 0.0217643 0.00146514 0.00168826 0.999998 -1.34194 
0.999999 5.91459e-05 -0.00135905 0.00978518 -6.24439e-05 0.999997 -0.00242654 0.0285826 0.0013589 0.00242662 0.999996 -1.31651 
0.999999 0.000482406 -0.00100999 0.00930607 -0.000482713 1 -0.000307431 0.020025 0.00100985 0.000307919 0.999999 -1.33736 
0.999999 -0.000488087 -0.000906602 0.00846648 0.000488672 1 0.000646465 0.018872 0.000906286 -0.000646909 0.999999 -1.33583 
0.999998 -0.00175642 -0.000940515 0.00234497 0.00175697 0.999998 0.000580979 0.0207763 0.000939495 -0.00058263 0.999999 -1.34676 
0.999997 -0.0021386 -0.00162346 0.0207269 0.00213908 0.999998 0.0002937 0.0227661 0.00162283 -0.000297173 0.999999 -1.31767 
0.999999 -0.000403698 -0.00103405 0.0096457 0.000404825 0.999999 0.00108592 0.0173831 0.00103361 -0.00108634 0.999999 -1.35136 
0.999999 -0.00139949 -0.000955152 0.00983405 0.00140011 0.999999 0.000663026 0.0282167 0.000954226 -0.000664362 0.999999 -1.33608 
0.999999 0.0010856 -0.00102838 0.00993395 -0.00108544 0.999999 0.000152062 0.0193392 0.00102855 -0.000150946 1 -1.34549 
1 0.000570915 -0.000645979 0.000203609 -0.000571754 0.999999 -0.00129753 0.0291479 0.000645238 0.0012979 0.999999 -1.34307 
0.999999 0.00103191 -0.00106073 0.0111771 -0.00103241 0.999999 -0.000474101 0.0209832 0.00106024 0.000475197 0.999999 -1.32071 
1 0.000476303 -0.000438737 0.00993824 -0.000476505 1 -0.000453867 0.0227647 0.000438521 0.000454075 1 -1.37915 
0.999998 0.00227226 -0.000124738 0.0134306 -0.00227227 0.999997 -0.000115594 0.0212288 0.000124472 0.000115877 1 -1.37411 
0.999999 0.00123099 0.000472995 -0.00618768 -0.00123071 0.999999 -0.000582185 0.0249817 -0.00047371 0.000581603 1 -1.33789 
0.999999 0.00164768 0.000514909 0.0104985 -0.00164778 0.999999 0.000196712 0.0242815 -0.000514586 -0.000197561 1 -1.34027 
0.999999 0.000801931 0.000948808 0.00929356 -0.000802041 1 0.000118099 0.0226479 -0.000948712 -0.000118859 1 -1.3387 
0.999997 0.00209973 0.00138567 -0.00937223 -0.00209849 0.999998 -0.000891693 0.0241976 -0.00138754 0.000888782 0.999999 -1.35724 
0.999998 0.00149033 0.000995323 0.0066433 -0.00148994 0.999999 -0.000399812 0.0267086 -0.000995917 0.000398328 0.999999 -1.3457 
0.999999 8.74824e-05 0.00146074 -0.000140667 -8.80673e-05 1 0.000400966 0.0222905 -0.0014607 -0.000401094 0.999999 -1.34804 
0.999999 0.000837638 0.00111495 0.00830567 -0.000837966 1 0.000292927 0.026262 -0.0011147 -0.00029386 0.999999 -1.34019 
0.999999 -0.000360235 0.00101154 0.00147712 0.000359883 1 0.000347331 0.0253415 -0.00101167 -0.000346968 1 -1.33131 
0.999996 0.00266001 0.00112914 0.00728261 -0.00266271 0.999994 0.00239255 0.0199883 -0.00112277 -0.00239554 0.999997 -1.33293 
0.999983 0.00573414 0.00100398 -0.00903666 -0.00573467 0.999983 0.00052442 0.0193076 -0.00100096 -0.000530168 0.999999 -1.36246 
0.999977 0.00682968 0.000252012 0.012539 -0.00682904 0.999974 -0.00247232 0.0218682 -0.000268891 0.00247054 0.999997 -1.3401 
0.999971 0.00728069 0.0021012 -0.0139096 -0.00727782 0.999973 -0.00137133 0.0273354 -0.00211113 0.001356 0.999997 -1.35861 
0.999992 0.0037115 0.00125306 -0.0137687 -0.00371552 0.999988 0.0032251 0.0194333 -0.00124108 -0.00322973 0.999994 -1.35777 
0.999999 -0.00119943 -0.000437557 0.00926572 0.00120085 0.999994 0.00327461 0.024231 0.000433628 -0.00327513 0.999995 -1.33859 
0.999994 -0.00345634 -0.000751886 0.0137596 0.00345792 0.999992 0.00211436 0.0197889 0.000744572 -0.00211695 0.999997 -1.32896 
0.999999 0.000377686 -0.000934968 0.00786281 -0.000377835 1 -0.000158285 0.0260087 0.000934909 0.000158638 1 -1.35501 
0.999995 0.00319621 -0.000784692 0.0102925 -0.00319899 0.999989 -0.00357707 0.0268559 0.00077325 0.00357956 0.999993 -1.34135 
0.999984 0.00565268 -0.000501895 -0.00694215 -0.00565405 0.99998 -0.00277138 0.0268865 0.000486219 0.00277417 0.999996 -1.35655 
0.999994 0.00343312 0.000214982 -0.00351167 -0.00343285 0.999993 -0.00125174 0.020659 -0.000219278 0.001251 0.999999 -1.34053 
0.999999 0.00154433 -0.00019705 -0.0011102 -0.00154427 0.999999 0.000196506 0.0254669 0.000197353 -0.0001962 1 -1.36011 
0.999998 -0.00177946 -0.00067019 0.00631893 0.00177887 0.999998 -0.000877509 0.0243888 0.000671751 0.000876315 0.999999 -1.34254 
0.999991 -0.00411375 -0.000898892 -0.0047015 0.00411456 0.999991 0.000896512 0.0248604 0.000895195 -0.000900205 0.999999 -1.37592 
0.999992 -0.00363338 -0.0016248 0.0368438 0.00363713 0.999991 0.00231743 0.0177131 0.00161636 -0.00232332 0.999996 -1.30737 
0.999996 -0.00268057 -0.000928796 0.0099957 0.002681 0.999996 0.000459952 0.0217869 0.000927558 -0.000462439 1 -1.35094 
0.999997 -0.0021998 -0.00035804 0.0148823 0.00219942 0.999997 -0.00105467 0.0243998 0.000360358 0.00105388 0.999999 -1.3486 
0.999998 -0.00149713 0.000886608 -0.00572324 0.00149699 0.999999 0.000168752 0.0287256 -0.000886859 -0.000167425 1 -1.37172 
0.999997 -0.00240341 8.35164e-05 0.0135034 0.00240317 0.999993 0.00277473 0.0126421 -9.01846e-05 -0.00277452 0.999996 -1.35959 
0.999994 -0.00351801 0.000530069 0.0109482 0.00351658 0.99999 0.00267497 0.0176396 -0.000539473 -0.00267309 0.999996 -1.34442 
0.999984 -0.00561115 -0.000109656 0.0174605 0.00561128 0.999983 0.00124292 0.0226016 0.000102677 -0.00124352 0.999999 -1.3736 
0.999991 -0.0042836 -0.000337765 0.015911 0.0042832 0.99999 -0.00118353 0.0207217 0.000342833 0.00118207 0.999999 -1.37096 
0.999995 -0.00309064 -0.000570557 0.0138271 0.00308956 0.999993 -0.0018995 0.023608 0.000576426 0.00189772 0.999998 -1.36499 
0.999999 -0.000963928 -0.000125305 0.0104342 0.000963653 0.999997 -0.0021786 0.0219653 0.000127398 0.00217848 0.999998 -1.38127 
0.999993 0.00357435 0.000943842 0.00359142 -0.00357333 0.999993 -0.0010766 0.0246677 -0.000947683 0.00107322 0.999999 -1.37956 
0.999995 0.00227336 0.0020773 -0.00475502 -0.00227384 0.999997 0.00022697 0.0149293 -0.00207678 -0.000231693 0.999998 -1.39224 
0.999999 0.000307879 0.00152341 0.012008 -0.000313711 0.999993 0.0038295 0.02876 -0.00152222 -0.00382997 0.999991 -1.37289 
0.999997 -0.00182342 0.0015843 0.00161994 0.00181617 0.999988 0.00456281 0.0105498 -0.0015926 -0.00455992 0.999988 -1.3963 
0.999988 -0.00488798 0.000772534 0.0126641 0.00488772 0.999988 0.000343549 0.0261251 -0.000774205 -0.000339768 1 -1.40463 
0.999994 -0.00354172 0.000101431 0.0138296 0.00354181 0.999993 -0.000953099 0.0223874 -9.80564e-05 0.00095345 1 -1.40201 
0.999998 -0.00188562 -0.000262441 0.013602 0.00188471 0.999992 -0.00343524 0.0240316 0.000268917 0.00343474 0.999994 -1.40546 
1 -0.000800934 -0.000276357 0.00681859 0.000800347 0.999997 -0.0021169 0.0245521 0.000278053 0.00211668 0.999998 -1.39099 
1 0.000795064 -4.23854e-05 0.00413889 -0.000795098 0.999999 -0.000778151 0.0172102 4.1767e-05 0.000778185 1 -1.4136 
0.999998 0.00198281 1.17761e-05 0.00765395 -0.0019828 0.999998 -0.000426704 0.0181131 -1.26215e-05 0.00042668 1 -1.42657 
0.999997 0.00241213 -5.02958e-05 -0.00017786 -0.00241218 0.999997 -0.00086805 0.0334249 4.82008e-05 0.000868169 1 -1.42555 
0.999997 0.00259216 -0.000350112 0.0120615 -0.00259213 0.999997 9.34314e-05 0.0213704 0.000350354 -9.25229e-05 1 -1.42865 
0.999994 0.0035815 -0.000186094 -0.0086695 -0.00358173 0.999993 -0.00125082 0.0291207 0.000181614 0.00125148 0.999999 -1.41753 
0.999991 0.00428286 -0.000644722 0.00966156 -0.00428381 0.99999 -0.00147669 0.0227602 0.000638389 0.00147944 0.999999 -1.42503 
0.999997 0.00265561 -0.000284686 -0.00371301 -0.0026556 0.999997 1.88653e-05 0.0269949 0.000284735 -1.81086e-05 1 -1.42047 
0.999997 -0.00224388 -0.000524728 0.0126078 0.00224615 0.999988 0.00438663 0.0191121 0.000514878 -0.0043878 0.99999 -1.43256 
0.999977 -0.00679436 -5.9715e-05 0.00566506 0.00679458 0.999964 0.00505473 0.0134623 2.53678e-05 -0.00505502 0.999987 -1.43161 
0.999954 -0.00948709 -0.00152255 0.0259123 0.00948712 0.999955 1.55945e-05 0.0222899 0.00152234 -3.00389e-05 0.999999 -1.43826 
0.999968 -0.00790611 -0.00107182 0.0279826 0.00790231 0.999963 -0.00350632 0.020319 0.0010995 0.00349774 0.999993 -1.43446 
1 -0.000331762 -0.000673395 0.00318527 0.000330077 0.999997 -0.00249852 0.0319211 0.000674219 0.0024983 0.999997 -1.44751 
0.999998 0.00172486 0.00031735 0.011306 -0.00172472 0.999998 -0.000448585 0.0193419 -0.000318122 0.000448038 1 -1.43285 
0.999993 0.00365549 0.00121445 -0.00227785 -0.00365541 0.999993 -6.89442e-05 0.0271642 -0.00121469 6.45036e-05 0.999999 -1.45276 
0.999999 0.00122991 0.000816867 0.00854933 -0.00123061 0.999999 0.00086435 0.0197258 -0.0008158 -0.000865354 0.999999 -1.44981 
1 -0.00044547 0.000537307 0.00212872 0.000445306 1 0.000302364 0.0214028 -0.000537444 -0.000302124 1 -1.46413 
1 -0.000757836 0.000402931 0.00489628 0.00075796 1 -0.000305104 0.0269706 -0.0004027 0.000305409 1 -1.46263 
1 -0.00105836 8.47396e-05 0.0104394 0.00105841 0.999999 -0.000572675 0.0246434 -8.41306e-05 0.000572765 1 -1.47295 
1 0.000181332 0.000203839 0.0104342 -0.000181413 1 0.000397719 0.0240014 -0.000203769 -0.000397755 1 -1.46693 
1 0.000343903 0.000187945 0.007599 -0.000344143 0.999999 0.00129332 0.0196843 -0.000187498 -0.00129339 0.999999 -1.45467 
1 0.000441677 -2.25152e-05 0.0109159 -0.000441671 1 0.000228334 0.0212874 2.26162e-05 -0.000228323 1 -1.45767 
1 -0.000369768 0.000674837 0.00449336 0.000369554 1 0.000316614 0.0226901 -0.000674955 -0.000316364 1 -1.48297 
1 -9.3528e-05 0.00015862 0.00990129 9.35021e-05 1 0.000156432 0.0227997 -0.000158633 -0.000156419 1 -1.48006 
1 -0.000188089 0.000423925 0.00640225 0.000187994 1 0.000222793 0.0226829 -0.000423967 -0.000222715 1 -1.48979 
1 -0.000847465 0.000272432 0.0100286 0.000847432 1 0.000124092 0.0286634 -0.000272537 -0.000123859 1 -1.46309 
1 -3.86605e-05 -5.99357e-05 0.0111351 3.86562e-05 1 -8.46493e-05 0.0264153 5.99399e-05 8.46467e-05 1 -1.47537 
1 -0.000468612 0.000571554 0.00925708 0.000468525 1 0.000154358 0.0218618 -0.000571627 -0.000154091 1 -1.49823 
1 0.000997197 -9.738e-05 0.00977015 -0.000997161 0.999999 0.000386525 0.0168657 9.77661e-05 -0.000386428 1 -1.49762 
0.999999 0.00137664 0.000169615 0.00455499 -0.00137659 0.999999 -0.00028261 0.0338001 -0.000170004 0.000282376 1 -1.49335 
0.999999 0.00100481 -0.000305406 0.0118152 -0.00100488 1 -0.000226494 0.025424 0.000305179 0.000226801 1 -1.50136 
0.999999 0.00165506 -3.78136e-05 0.00103068 -0.00165509 0.999998 -0.000820193 0.0235415 3.6455e-05 0.000820255 1 -1.50504 
1 0.000207531 0.000414537 0.00281703 -0.00020733 1 -0.000494041 0.0274875 -0.00041464 0.000493955 1 -1.50253 
1 -0.000327834 -0.000567841 0.0191647 0.000328082 1 0.000435184 0.0307324 0.000567698 -0.000435371 1 -1.50615 
1 -0.000852263 -0.000197889 0.00597966 0.000852372 1 0.000546363 0.0248346 0.000197424 -0.000546532 1 -1.50652 
0.999999 -0.0014009 -0.000486054 0.0103908 0.00140063 0.999999 -0.000559089 0.0239499 0.000486835 0.000558408 1 -1.50557 
1 -0.000441289 -0.000926967 0.0172437 0.000439417 0.999998 -0.00202164 0.0260222 0.000927857 0.00202123 0.999998 -1.52831 
1 0.000233288 -0.000748293 0.0107993 -0.0002336 1 -0.000413172 0.0249319 0.000748196 0.000413347 1 -1.51012 
1 -0.00068109 -0.000764769 0.0120333 0.000682286 0.999999 0.00156664 0.0240753 0.000763702 -0.00156716 0.999999 -1.49707 
1 -0.000388422 -0.000556075 0.00387168 0.000389323 0.999999 0.00162063 0.0184979 0.000555445 -0.00162085 0.999999 -1.51649 
1 0.000109047 -0.000220306 0.0122836 -0.000109276 1 -0.00102898 0.0318167 0.000220191 0.00102901 1 -1.5136 
1 0.000509174 0.000425028 -0.000638962 -0.000508651 0.999999 -0.00122206 0.0301342 -0.000425648 0.00122185 0.999999 -1.52702 
0.999999 -0.00117468 -0.000124285 0.0164857 0.00117467 0.999999 -6.89397e-05 0.0221944 0.000124368 6.87937e-05 1 -1.53088 
1 0.000488889 0.000419258 0.00606704 -0.000488649 1 -0.000571434 0.0364537 -0.000419538 0.000571229 1 -1.52356 
0.999999 -0.00149121 -0.000380442 0.0117278 0.00149115 0.999999 -0.000139173 0.02391 0.000380648 0.000138605 1 -1.53238 
0.999999 -0.0016005 -0.000144823 0.0130064 0.00160051 0.999999 6.81115e-05 0.0268207 0.000144715 -6.83437e-05 1 -1.52724 
1 -0.000547227 -0.000571356 0.0170257 0.000547084 1 -0.000246342 0.0244441 0.000571489 0.00024603 1 -1.53023 
0.999998 0.00182092 0.000583924 0.00394225 -0.00182069 0.999998 -0.000389596 0.0297217 -0.000584634 0.000388532 1 -1.54735 
0.999999 0.00168023 -0.000256759 0.00995851 -0.00168044 0.999998 -0.000817891 0.0269661 0.000255385 0.000818321 1 -1.52414 
0.999997 0.00224887 0.000200037 0.00782514 -0.0022488 0.999997 -0.000314479 0.0196962 -0.000200742 0.000314028 1 -1.53439 
0.999998 0.00199982 5.36605e-05 0.00630212 -0.00199986 0.999998 0.000659912 0.0227199 -5.23399e-05 -0.000660017 1 -1.55652 
0.999999 0.00104232 -5.80251e-05 0.0133874 -0.00104226 0.999999 0.00112027 0.022717 5.91925e-05 -0.00112021 0.999999 -1.54971 
0.999998 0.001994 -0.000217965 -0.00150919 -0.00199443 0.999996 -0.00198426 0.0295224 0.000214007 0.00198469 0.999998 -1.54471 
0.999997 0.00211582 -0.000857924 0.0138144 -0.00211744 0.999996 -0.00188703 0.0293026 0.000853927 0.00188884 0.999998 -1.5426 
0.999999 0.00102584 0.000417424 -0.00106215 -0.00102624 0.999999 0.000963405 0.0223842 -0.000416434 -0.000963833 1 -1.5705 
1 0.000292284 -0.000278756 -0.0012188 -0.000291963 0.999999 0.00115122 0.0204635 0.000279093 -0.00115114 0.999999 -1.54858 
1 -9.77612e-05 -0.00060401 0.00747132 9.78288e-05 1 0.000114228 0.0296445 0.000603996 -0.000114286 1 -1.5437 
0.999998 -0.00144567 -0.00107408 0.0122659 0.00144509 0.999999 -0.000548377 0.0335197 0.00107487 0.000546825 0.999999 -1.53528 
0.999998 -0.00174098 -0.000970361 0.0163996 0.00174184 0.999998 0.000888681 0.019146 0.000968814 -0.00089037 0.999999 -1.53735 
0.999998 -0.00126835 -0.00119855 0.0104082 0.00126826 0.999999 -7.20519e-05 0.0299864 0.00119864 7.05321e-05 0.999999 -1.55411 
1 -0.000670417 -0.000680134 0.00327849 0.000670763 1 0.000510396 0.0245862 0.000679793 -0.000510852 1 -1.54263 
1 -0.00029493 -0.000252672 0.00648761 0.000295105 1 0.000688001 0.0253687 0.000252469 -0.000688075 1 -1.55475 
0.999999 0.00114424 -0.00123288 0.0145383 -0.00114351 0.999999 0.000597882 0.0194011 0.00123357 -0.000596473 0.999999 -1.56775 
1 0.00045713 -0.00096021 0.00670528 -0.00045753 1 -0.000415767 0.0291657 0.000960018 0.000416207 1 -1.54898 
0.999999 0.000974234 -0.000608712 0.00917721 -0.000974783 0.999999 -0.000902554 0.0230479 0.000607831 0.000903148 0.999999 -1.56158 
0.999999 0.000875755 -0.000163648 0.00376844 -0.00087575 1 2.79612e-05 0.0250735 0.000163675 -2.7818e-05 1 -1.55627 
1 0.000453307 0.00010028 0.000632286 -0.000453532 0.999998 0.00224998 0.0273781 -9.92622e-05 -0.00225003 0.999998 -1.54739 
0.999999 0.00149269 0.000321451 0.00139713 -0.00149344 0.999996 0.00235209 0.020087 -0.00031794 -0.00235257 0.999997 -1.5625 
1 -0.000273772 0.000390921 0.0108781 0.000273828 1 -0.000141557 0.0255687 -0.000390884 0.000141664 1 -1.54294 
0.999998 0.00161855 0.00105477 0.00335836 -0.00161852 0.999999 -3.09637e-05 0.0200353 -0.00105481 2.9257e-05 0.999999 -1.55328 
0.999999 0.00011313 0.00102925 0.0162041 -0.000113722 1 0.000573838 0.0214434 -0.00102919 -0.000573955 0.999999 -1.53812 
1 -0.000556761 0.000675512 -0.0077064 0.0005564 1 0.00053614 0.023 -0.00067581 -0.000535763 1 -1.58081 
0.999999 0.000234539 0.00102354 -0.00239658 -0.000234015 1 -0.000511474 0.0259848 -0.00102366 0.000511233 0.999999 -1.5766 
0.999999 0.000456381 0.00106951 0.00292158 -0.000456129 1 -0.00023639 0.0273411 -0.00106962 0.000235904 1 -1.56699 
0.999999 0.000391699 0.00118876 0.00163078 -0.00038993 0.999999 -0.00148742 0.0276194 -0.00118934 0.00148696 0.999998 -1.56534 
0.999999 -0.00142741 0.000798848 0.00572944 0.00142831 0.999998 -0.00111996 0.0225744 -0.000797248 0.0011211 0.999999 -1.5694 
1 -0.000120651 -0.000747818 0.00956368 0.000120606 1 -6.20267e-05 0.0229831 0.000747827 6.19368e-05 1 -1.58023 
1 -0.000329269 -0.000854664 0.00722957 0.000329382 1 0.00013216 0.0259604 0.000854623 -0.000132441 1 -1.59259 
0.999999 0.00152481 -0.000338142 0.00768375 -0.00152469 0.999999 0.000360676 0.0200124 0.000338691 -0.00036016 1 -1.578 
0.999999 0.00162764 -3.56147e-05 0.000722647 -0.00162761 0.999998 0.000779504 0.0279093 3.68794e-05 -0.000779446 1 -1.58865 
0.999998 0.0017445 -0.00034179 0.000574112 -0.00174374 0.999996 0.00221014 0.0175524 0.000345645 -0.00220954 0.999998 -1.60327 
1 0.000383692 0.000314455 0.00454783 -0.000383976 1 0.000899543 0.023015 -0.000314111 -0.000899666 1 -1.60138 
0.999997 -0.000789475 0.00222499 0.00744605 0.000786899 0.999999 0.00115834 0.020474 -0.0022259 -0.00115659 0.999997 -1.6181 
0.999997 -0.000907097 0.00220185 0.00551128 0.000908765 0.999999 -0.000756197 0.0252013 -0.00220116 0.000758196 0.999997 -1.59134 
0.999999 -0.00103199 0.000351727 0.00871253 0.0010331 0.999994 -0.00316759 0.0246758 -0.000348457 0.00316795 0.999995 -1.62915 
0.999998 0.00174185 -0.000275378 -0.00462306 -0.00174274 0.999993 -0.00324143 0.0366416 0.000269732 0.00324191 0.999995 -1.63586 
0.999999 0.00127129 0.000273162 0.00255895 -0.00127109 0.999999 -0.000733107 0.0247359 -0.000274095 0.00073276 1 -1.62238 
0.999999 0.00105284 -0.000323104 0.00331783 -0.00105252 0.999999 0.000996191 0.0305901 0.000324152 -0.00099585 1 -1.62308 
0.999999 0.00158264 -0.000694154 0.0169477 -0.0015828 0.999999 -0.000231695 0.0253019 0.000693788 0.000232794 1 -1.60767 
1 -0.000286247 -0.000145447 0.0084393 0.000286223 1 -0.000160163 0.0272069 0.000145494 0.000160121 1 -1.61542 
1 4.32612e-05 -0.000564022 0.00608802 -4.32597e-05 1 1.5978e-06 0.027597 0.000564023 -1.57382e-06 1 -1.61838 
0.999999 -0.00155836 -1.97729e-05 0.0054915 0.00155838 0.999998 0.00138877 0.0192037 1.76071e-05 -0.0013888 0.999999 -1.6308 
0.999999 -0.000991451 -0.00119014 0.0212002 0.000991779 1 0.000276565 0.0338674 0.00118986 -0.000277745 0.999999 -1.58914 
0.999999 0.00151512 -0.000153241 -0.000235558 -0.00151543 0.999997 -0.0020675 0.0306082 0.000150109 0.00206773 0.999998 -1.64093 
0.999999 0.00108236 -0.000407545 0.0130343 -0.00108263 0.999999 -0.000663071 0.025209 0.000406828 0.00066351 1 -1.5968 
1 0.000777066 -8.56537e-06 0.00409031 -0.000777053 0.999999 0.00137341 0.0238543 9.62894e-06 -0.0013734 0.999999 -1.62888 
1 -0.000762152 0.000419868 -0.00586176 0.000762329 1 -0.000421155 0.0332909 -0.000419548 0.000421475 1 -1.6412 
0.999997 -0.00233783 -0.000329729 0.0362108 0.00233861 0.999994 0.00239249 0.0198507 0.000324133 -0.00239326 0.999997 -1.55951 
0.999998 -0.00170533 0.000570706 0.00931144 0.00170365 0.999994 0.0029304 0.0232952 -0.000575702 -0.00292942 0.999995 -1.61099 
0.999999 -0.00119503 0.000527492 0.0162878 0.00119537 0.999999 -0.000646815 0.0300841 -0.000526718 0.000647445 1 -1.60733 
0.999998 -0.000919508 0.00136855 -0.000883818 0.000923797 0.999995 -0.00313744 0.0242348 -0.00136566 0.0031387 0.999994 -1.59653 
0.999999 -0.000742248 0.00165646 0.00219405 0.000746982 0.999996 -0.00285926 0.0304012 -0.00165433 0.00286049 0.999995 -1.60144 
0.999999 -0.000482873 0.00108176 0.0088985 0.000481662 0.999999 0.00112007 0.0285621 -0.0010823 -0.00111955 0.999999 -1.61194 
0.999998 0.000278985 0.00174605 0.00867486 -0.000282034 0.999998 0.00174677 0.0225387 -0.00174556 -0.00174726 0.999997 -1.58511 
0.999997 0.00161036 0.00198743 -0.000924632 -0.00160784 0.999998 -0.00126845 0.0267148 -0.00198947 0.00126525 0.999997 -1.59183 
0.999998 0.00148199 0.00122531 0.000446945 -0.00148151 0.999999 -0.000395157 0.030107 -0.00122589 0.000393342 0.999999 -1.5972 
1 -0.000241892 -0.00026496 0.0216264 0.000242111 1 0.000827058 0.0234475 0.00026476 -0.000827123 1 -1.5755 
0.999999 0.00127828 0.00040388 0.00341117 -0.00127865 0.999999 0.0009128 0.0253949 -0.000402714 -0.000913316 0.999999 -1.59601 
1 -0.000217279 -0.000170768 0.0092003 0.000217317 1 0.000228748 0.0248704 0.000170718 -0.000228785 1 -1.58755 
1 0.000734222 -3.05567e-06 0.00625587 -0.00073422 1 0.000132326 0.0270486 3.15416e-06 -0.000132324 1 -1.59225 
1 0.000506399 0.000164639 0.00429437 -0.000506519 1 0.000722189 0.0246725 -0.000164274 -0.000722272 1 -1.59995 
1 -0.000322205 5.87609e-05 0.00991753 0.000322172 1 0.00056936 0.028717 -5.89447e-05 -0.000569341 1 -1.59174 
1 0.000612947 -0.000303516 0.00994614 -0.000613003 1 -0.000184388 0.025701 0.000303404 0.000184574 1 -1.58154 
1 0.000215721 0.000458755 -0.00164703 -0.000215977 1 0.000561027 0.028317 -0.000458635 -0.000561126 1 -1.60553 
0.999999 0.00136399 -0.00035797 0.0142729 -0.0013634 0.999998 0.00163432 0.0221505 0.000360198 -0.00163383 0.999999 -1.57446 
0.999999 0.00152716 0.00012986 0.00173709 -0.00152689 0.999997 -0.0020769 0.0318065 -0.00013303 0.0020767 0.999998 -1.60071 
0.999998 0.00197751 0.000618558 -0.0094769 -0.00197678 0.999997 -0.00118228 0.0322533 -0.000620895 0.00118106 0.999999 -1.60425 
1 0.000225074 -0.00059246 0.0107349 -0.000224239 0.999999 0.00141652 0.0189548 0.000592779 -0.00141639 0.999999 -1.57932 
0.999999 -0.00127794 5.98436e-05 0.00498691 0.00127786 0.999998 0.00138547 0.0107689 -6.16142e-05 -0.00138539 0.999999 -1.61502 
0.999999 -0.000883189 -0.00102644 0.0226675 0.000881323 0.999998 -0.0018187 0.0464773 0.00102805 0.0018178 0.999998 -1.5726 
0.999998 -0.00169773 -0.000918349 0.0142695 0.0016973 0.999999 -0.000468129 0.0208511 0.000919143 0.00046657 1 -1.60306 
0.999999 0.000902454 0.000650568 -0.00411173 -0.000902445 1 -1.44586e-05 0.032496 -0.000650581 1.38712e-05 1 -1.59775 
1 -0.000287893 -0.000327166 0.0183804 0.000288277 0.999999 0.00116867 0.0176191 0.00032683 -0.00116877 0.999999 -1.59238 
1 0.000140239 -0.000156421 0.0056268 -0.000140271 1 -0.000199673 0.034564 0.000156392 0.000199696 1 -1.6048 
1 -0.000112948 -0.000104547 -0.00391516 0.000112931 1 -0.000155292 0.0302691 0.000104564 0.00015528 1 -1.62289 
0.999998 -0.00180151 -0.000325915 0.0170257 0.00180157 0.999998 0.000173884 0.0197687 0.000325602 -0.000174471 1 -1.59842 
0.999998 -0.0018321 -0.000397313 0.0102692 0.00183184 0.999998 -0.000659238 0.0280161 0.00039852 0.000658509 1 -1.60071 
0.999999 -0.00106062 -0.000288455 0.0140493 0.00106094 0.999999 0.0011036 0.0186152 0.000287284 -0.00110391 0.999999 -1.63406 
0.999999 -0.00138606 -0.000442436 0.0121898 0.00138644 0.999999 0.000861857 0.0220523 0.00044124 -0.00086247 1 -1.60632 
1 -0.000133908 0.000183298 -0.00431526 0.000133961 1 -0.00028198 0.0300217 -0.000183261 0.000282005 1 -1.61819 
1 -0.00110133 -6.80072e-05 0.00605828 0.00110126 0.999999 -0.00104026 0.026104 6.91537e-05 0.00104019 0.999999 -1.6192 
0.999999 -0.00122357 -0.000107287 0.00775319 0.00122359 0.999999 0.000123884 0.0206051 0.000107135 -0.000124016 1 -1.63318 
1 -0.000592199 -0.000570737 0.00687909 0.000592323 1 0.000219357 0.0281277 0.000570608 -0.000219695 1 -1.62051 
1 -0.000644152 0.000592505 -0.00371158 0.000644168 1 -2.59515e-05 0.0258427 -0.00059249 2.63334e-05 1 -1.62485 
0.999994 0.00295758 0.00147676 -0.33033 -0.00295368 0.999992 -0.00263201 -6.38552 -0.00148453 0.00262763 0.999995 392.936 
