1 0 0 0 0 1 0 0 0 0 1 0 
1 -4.655e-05 0.000138356 -0.0150778 4.6352e-05 0.999999 0.0014264 -0.0124391 -0.000138422 -0.00142639 0.999999 1.31543 
0.999998 -0.00153337 -0.000803828 0.00454673 0.00153363 0.999999 0.000328758 -0.0289959 0.000803322 -0.000329989 1 1.30253 
0.999999 -0.00120775 -2.33604e-05 -0.00351424 0.00120773 0.999999 -0.00109302 -0.0170478 2.46805e-05 0.00109299 0.999999 1.31277 
1 -0.000222616 2.1446e-05 -0.00838055 0.000222616 1 6.37874e-05 -0.0185489 -2.14602e-05 -6.37815e-05 1 1.32605 
1 -0.000698027 -2.26316e-05 0.00202991 0.000698049 0.999999 0.00101757 -0.028499 2.19212e-05 -0.00101758 0.999999 1.318 
0.999999 -0.00146413 0.000296631 -0.00705107 0.0014638 0.999998 0.00112853 -0.0179777 -0.000298283 -0.00112809 0.999999 1.3169 
1 0.000599366 -5.6516e-05 -0.0050517 -0.000599334 1 0.000582369 -0.0250156 5.68652e-05 -0.000582335 1 1.34564 
1 0.000915817 -0.000358899 -0.00498972 -0.000916481 0.999998 -0.0018595 -0.0217997 0.000357196 0.00185983 0.999998 1.35077 
0.999997 0.0024301 -0.000187146 -0.00704732 -0.00243045 0.999995 -0.00191735 -0.0276296 0.000182485 0.00191779 0.999998 1.33396 
0.999994 0.00353441 0.000261642 -0.0152415 -0.00353419 0.999993 -0.000841381 -0.0234298 -0.000264614 0.000840451 1 1.3413 
0.999998 0.00228096 0.0001747 -0.0171653 -0.00228093 0.999997 -0.00014102 -0.0195627 -0.00017502 0.000140621 1 1.33881 
0.999999 0.00120822 -0.000104606 -0.00470673 -0.00120814 0.999999 0.000795387 -0.0177838 0.000105566 -0.00079526 1 1.35357 
0.999997 -0.00235355 0.000739119 -0.0101439 0.0023514 0.999993 0.00289345 -0.0245083 -0.000745923 -0.0028917 0.999995 1.35075 
0.999991 -0.00419656 2.30547e-06 -0.00145233 0.00419655 0.999989 0.00190969 -0.0231838 -1.03201e-05 -0.00190966 0.999998 1.35399 
0.999997 -0.0023171 -0.000194828 -0.00688934 0.00231663 0.999995 -0.0023393 -0.0211017 0.000200247 0.00233884 0.999997 1.34504 
0.999999 -0.00147732 -4.07835e-05 0.00175422 0.00147725 0.999998 -0.00159186 -0.0321357 4.31352e-05 0.0015918 0.999999 1.36071 
0.999995 0.00301474 0.00127825 -0.0242451 -0.00301259 0.999994 -0.00167931 -0.0160154 -0.00128331 0.00167545 0.999998 1.34546 
0.999996 0.00283032 0.000507008 -0.00645643 -0.00283111 0.999995 0.00156234 -0.009278 -0.000502585 -0.00156377 0.999999 1.3783 
1 -7.5954e-05 0.00010046 0.00373101 7.55618e-05 0.999992 0.00389974 -0.0326923 -0.000100755 -0.00389973 0.999992 1.37509 
0.999998 -0.00183805 0.00118257 -0.0158588 0.00183606 0.999997 0.0016805 -0.0115973 -0.00118566 -0.00167832 0.999998 1.36795 
0.999988 -0.00475082 -0.000856217 0.00837964 0.00474945 0.999988 -0.00158828 -0.0292203 0.000863752 0.0015842 0.999998 1.38152 
1 -0.000183273 -0.000105163 -0.00157627 0.000183041 0.999998 -0.00219927 -0.0215933 0.000105567 0.00219925 0.999998 1.38001 
1 -0.000423574 0.000765481 -0.00569555 0.000425648 0.999996 -0.00271057 -0.023555 -0.00076433 0.0027109 0.999996 1.37676 
0.999994 0.00328737 0.000779223 -0.0181793 -0.00328706 0.999995 -0.000399618 -0.0259401 -0.000780533 0.000397055 1 1.37251 
1 0.000711403 0.000270755 -0.00760886 -0.000710792 0.999997 -0.00225331 -0.0235664 -0.000272356 0.00225312 0.999997 1.37992 
1 0.000588208 -0.000140633 -0.000733823 -0.000588099 1 0.000768411 -0.0202263 0.000141083 -0.000768328 1 1.39494 
1 0.000731442 0.000213989 -0.0190856 -0.000731648 0.999999 0.000964012 -0.0202591 -0.000213282 -0.000964169 0.999999 1.3855 
0.999999 0.00126719 -0.000329238 -0.011478 -0.00126661 0.999998 0.00175369 -0.0223281 0.00033146 -0.00175327 0.999998 1.39873 
0.999996 0.00276404 -0.000101706 -0.00520933 -0.00276401 0.999996 0.000317213 -0.0270215 0.000102583 -0.00031693 1 1.40717 
0.999997 0.00245158 0.000473844 -0.0170933 -0.00245143 0.999997 -0.000298709 -0.0230508 -0.000474576 0.000297546 1 1.39017 
0.999998 0.00207358 -0.000147951 -0.00498623 -0.00207354 0.999998 0.000249682 -0.0202898 0.000148469 -0.000249375 1 1.41712 
0.999999 0.000966731 -0.00029977 -0.0103789 -0.000966758 1 -9.09319e-05 -0.0206374 0.000299683 9.12216e-05 1 1.40151 
0.999999 -0.00113776 -0.000547909 -0.00368139 0.0011377 0.999999 -0.000130481 -0.0247136 0.000548057 0.000129856 1 1.41722 
1 -0.00064596 -0.000776064 -0.00253734 0.000645722 1 -0.000304956 -0.0222876 0.000776259 0.000304456 1 1.39485 
0.999999 -0.000911426 -0.000830953 -0.010651 0.000911627 1 0.00024301 -0.0246559 0.000830732 -0.000243768 1 1.41512 
0.999999 0.000386068 -0.00105089 -0.00662948 -0.000384952 0.999999 0.0010617 -0.0195315 0.0010513 -0.0010613 0.999999 1.4267 
0.999999 0.000251309 -0.0011954 -0.0069824 -0.000251547 1 -0.000199438 -0.0265045 0.00119535 0.00019974 0.999999 1.41482 
0.999999 0.000379946 -0.00107615 -0.0125362 -0.000379417 1 0.000493884 -0.0211987 0.00107634 -0.000493474 0.999999 1.41773 
0.999999 8.79157e-05 -0.00119676 -0.00676873 -8.70683e-05 1 0.000708127 -0.0229645 0.00119683 -0.000708023 0.999999 1.42218 
0.999999 -0.00134772 -0.000450356 -0.00890958 0.00134814 0.999999 0.000946131 -0.0224793 0.00044908 -0.000946737 1 1.43827 
0.999997 -0.00238996 -0.000904562 -0.00191275 0.00239036 0.999997 0.000432647 -0.0297284 0.000903524 -0.000434808 0.999999 1.42978 
0.999998 -0.00207241 -0.00015751 -0.0108932 0.00207227 0.999997 -0.000884417 -0.0235571 0.000159344 0.000884091 1 1.40091 
0.999999 -0.00122153 -0.000373165 -0.00356888 0.00122188 0.999999 0.000930041 -0.0294217 0.000372028 -0.000930498 1 1.4228 
0.999999 -0.00111452 0.000793278 -0.00628528 0.00111444 0.999999 9.86685e-05 -0.0210655 -0.000793388 -9.77835e-05 1 1.41002 
0.999999 -0.00160341 0.000338272 0.0004727 0.00160304 0.999998 0.00109124 -0.0263989 -0.00034002 -0.0010907 0.999999 1.43423 
0.999999 -0.00104058 0.000780364 -0.0123582 0.00104105 0.999999 -0.000596914 -0.0294254 -0.000779743 0.000597727 1 1.39207 
0.999999 -0.00130185 0.000573229 -0.00830984 0.0013024 0.999999 -0.000959535 -0.022426 -0.000571979 0.000960281 0.999999 1.41133 
1 -9.18741e-05 0.000291616 0.00289303 9.19332e-05 1 -0.000193924 -0.0300133 -0.000291598 0.000193952 1 1.41023 
1 0.0007137 0.000569889 -0.00237115 -0.000713672 1 -5.27292e-05 -0.0226344 -0.000569926 5.2321e-05 1 1.42743 
0.999993 0.00376795 0.000838384 -0.0201313 -0.00376877 0.999992 0.000977473 -0.0213343 -0.000834696 -0.000980627 0.999999 1.37104 
0.999995 0.00307457 0.000830694 -0.0146153 -0.00307559 0.999995 0.00124069 -0.0253844 -0.000826874 -0.00124323 0.999999 1.40825 
0.999992 0.00378785 0.000654273 -0.00562701 -0.00378828 0.999993 0.000659623 -0.0277768 -0.000651769 -0.000662097 1 1.38033 
0.999992 0.0039966 0.000714385 -0.0174395 -0.00399631 0.999992 -0.000407076 -0.0245142 -0.000716006 0.000404217 1 1.39789 
0.999994 0.00349889 0.000520817 -0.0103519 -0.00349861 0.999994 -0.000543664 -0.0304055 -0.000522716 0.00054184 1 1.40335 
0.999998 0.001805 0.000842193 -0.015379 -0.00180507 0.999998 9.17716e-05 -0.0287141 -0.000842027 -9.32897e-05 1 1.38566 
1 0.000456307 0.000310613 -0.0104324 -0.000456364 1 0.000170814 -0.0294204 -0.000310534 -0.000170956 1 1.3896 
0.999999 -0.00100466 0.000427238 -0.0173099 0.00100479 0.999999 -0.000295498 -0.0199825 -0.00042694 0.000295926 1 1.38884 
0.999999 -0.00114953 -0.000320954 0.00303102 0.00114925 0.999999 -0.000872695 -0.035165 0.000321956 0.000872325 1 1.38091 
1 -0.000690061 -0.000667512 -0.00606209 0.000690136 1 0.000109689 -0.0247254 0.000667437 -0.000110149 1 1.38279 
1 -0.000197249 -0.000143083 -0.00257528 0.000197266 1 0.000114457 -0.0278176 0.000143061 -0.000114486 1 1.37043 
0.999999 -0.000810723 -0.00083381 0.0013392 0.000810285 1 -0.000527589 -0.0219047 0.000834238 0.000526914 0.999999 1.37273 
1 0.000408387 -0.000399577 -0.0217938 -0.000408298 1 0.000225675 -0.0159205 0.00039967 -0.000225512 1 1.37074 
1 -0.000357825 -0.00103836 -0.0016526 0.000358576 1 0.000724875 -0.0287994 0.0010381 -0.000725247 0.999999 1.3631 
0.999998 -0.00195322 -0.000855925 -0.0125465 0.00195409 0.999998 0.00102352 -0.0291699 0.000853924 -0.00102519 0.999999 1.38757 
0.999996 -0.00256752 -0.00110822 -0.0146176 0.00256805 0.999997 0.000477985 -0.0202491 0.00110699 -0.00048083 0.999999 1.37019 
0.999997 -0.00214826 -0.00126187 0.0135605 0.0021487 0.999997 0.000346242 -0.0407869 0.00126113 -0.000348953 0.999999 1.36662 
0.999999 -0.00104249 -0.000685048 -0.00618471 0.00104209 0.999999 -0.000586613 -0.0260036 0.000685658 0.000585899 1 1.37135 
1 -0.000702935 0.000108893 -0.00588185 0.000703004 1 -0.000640397 -0.0215727 -0.000108442 0.000640473 1 1.33843 
1 8.55684e-05 -0.000192261 -0.0116496 -8.57156e-05 1 -0.000769428 -0.0199499 0.000192195 0.000769444 1 1.36766 
1 6.69884e-05 0.000257012 -0.00564791 -6.69261e-05 1 -0.00024122 -0.0355265 -0.000257032 0.000241205 1 1.33644 
1 0.000721836 5.07147e-05 -0.0110567 -0.000721804 1 -0.00060745 -0.0260066 -5.11527e-05 0.000607413 1 1.33918 
0.999999 0.00164581 0.000395624 -0.00366098 -0.00164584 0.999999 7.60839e-05 -0.0224848 -0.000395497 -7.67363e-05 1 1.36038 
1 0.000378254 0.000299038 -0.0108745 -0.000378719 0.999999 0.00155353 -0.0247353 -0.000298451 -0.00155364 0.999999 1.32732 
0.999998 0.00196176 9.35439e-05 -0.00914739 -0.00196186 0.999997 0.00105211 -0.0237513 -9.14794e-05 -0.00105229 0.999999 1.35459 
1 -0.000598827 0.000222929 -0.00617424 0.000599146 0.999999 -0.00144268 -0.0231063 -0.000222065 0.00144281 0.999999 1.34418 
1 0.000214796 0.000133863 -0.0105788 -0.000214482 0.999997 -0.00233428 -0.0304935 -0.000134363 0.00233425 0.999997 1.29468 
1 -0.000748824 -0.000368572 -0.000889271 0.000748376 0.999999 -0.00121122 -0.019299 0.000369479 0.00121094 0.999999 1.35691 
0.999997 -0.00262521 0.000155051 -0.00786003 0.00262498 0.999996 0.00148108 -0.0301163 -0.000158939 -0.00148066 0.999999 1.3099 
0.999996 -0.00252165 0.000742325 -0.0085552 0.00252008 0.999995 0.00210958 -0.0233561 -0.00074764 -0.0021077 0.999997 1.33992 
0.999999 -0.00107175 0.000612824 0.00299466 0.00107159 0.999999 0.000252406 -0.0202553 -0.000613093 -0.000251749 1 1.33382 
0.999999 -0.00106758 0.000586769 -0.00349462 0.0010682 0.999999 -0.0010579 -0.0286732 -0.000585639 0.00105852 0.999999 1.31777 
0.999997 0.00204969 0.000959028 -0.0139261 -0.00204739 0.999995 -0.00240215 -0.0251155 -0.000963947 0.00240018 0.999997 1.32489 
0.999997 0.00210508 0.00132677 -0.00683039 -0.00210217 0.999995 -0.00218957 -0.0216413 -0.00133138 0.00218677 0.999997 1.34354 
0.999994 0.00324736 0.00120347 -0.0120729 -0.00324749 0.999995 0.000105766 -0.0227007 -0.00120312 -0.000109674 0.999999 1.30957 
0.999998 0.0013378 0.00146514 -0.0114068 -0.00134027 0.999998 0.00168826 -0.0194807 -0.00146288 -0.00169022 0.999997 1.342 
0.999999 -6.2443e-05 0.0013589 -0.00799453 5.91468e-05 0.999997 0.00242662 -0.0253882 -0.00135905 -0.00242654 0.999996 1.31658 
0.999999 -0.000482716 0.00100985 -0.00794613 0.000482403 1 0.000307918 -0.0196176 -0.00101 -0.000307432 0.999999 1.33738 
1 0.000488674 0.000906287 -0.00726521 -0.000488086 1 -0.000646907 -0.0197318 -0.000906602 0.000646467 0.999999 1.33583 
0.999998 0.00175697 0.000939494 -0.00111628 -0.00175642 0.999998 -0.000582631 -0.0215566 -0.000940515 0.000580978 0.999999 1.34674 
0.999996 0.00213908 0.00162283 -0.0186371 -0.0021386 0.999998 -0.000297172 -0.0231133 -0.00162346 0.000293701 0.999999 1.31769 
1 0.000404821 0.00103361 -0.00825608 -0.000403702 1 -0.00108634 -0.0188468 -0.00103405 0.00108592 0.999999 1.35136 
0.999999 0.00140012 0.000954222 -0.00859833 -0.00139948 0.999999 -0.000664362 -0.0290899 -0.000955155 0.000663026 0.999999 1.33608 
0.999999 -0.00108544 0.00102855 -0.00852895 0.00108559 1 -0.000150946 -0.0195527 -0.00102838 0.000152063 1 1.3455 
1 -0.000571752 0.000645237 0.000679016 0.000570917 0.999999 0.0012979 -0.0274045 -0.000645977 -0.00129753 0.999999 1.34311 
0.999999 -0.00103241 0.00106024 -0.00975513 0.00103191 0.999999 0.000475196 -0.0203667 -0.00106073 -0.000474102 0.999999 1.32074 
1 -0.000476504 0.000438521 -0.00932193 0.000476305 1 0.000454076 -0.0221429 -0.000438737 -0.000453866 1 1.37917 
0.999997 -0.00227227 0.000124473 -0.0132113 0.00227226 0.999997 0.000115877 -0.0210998 -0.000124737 -0.000115595 1 1.37413 
0.999999 -0.00123071 -0.000473713 0.00558448 0.00123099 0.999999 0.000581602 -0.0241961 0.000472993 -0.000582185 1 1.33791 
0.999999 -0.00164778 -0.000514585 -0.0111487 0.00164768 0.999999 -0.000197561 -0.0245638 0.000514911 0.000196713 1 1.34027 
0.999999 -0.000802043 -0.000948713 -0.0105455 0.000801929 1 -0.00011886 -0.0228148 0.000948809 0.000118098 1 1.33867 
0.999997 -0.00209849 -0.00138754 0.00753999 0.00209973 0.999997 0.000888782 -0.0229714 0.00138567 -0.000891692 0.999999 1.35725 
0.999999 -0.00148994 -0.000995918 -0.00794363 0.00149033 0.999999 0.000398329 -0.0261824 0.000995323 -0.000399811 0.999999 1.34569 
0.999999 -8.8068e-05 -0.0014607 -0.00182629 8.74815e-05 1 -0.000401094 -0.0228317 0.00146074 0.000400966 0.999999 1.34802 
0.999999 -0.000837965 -0.0011147 -0.00977731 0.000837638 1 -0.000293861 -0.0266633 0.00111495 0.000292926 0.999999 1.34018 
0.999999 0.000359884 -0.00101166 -0.00283289 -0.000360235 1 -0.000346967 -0.0258038 0.00101154 0.000347332 0.999999 1.33131 
0.999996 -0.00266271 -0.00112277 -0.008726 0.00266001 0.999994 -0.00239554 -0.0232012 0.00112914 0.00239255 0.999997 1.33289 
0.999983 -0.00573467 -0.00100096 0.00778353 0.00573414 0.999983 -0.000530168 -0.019978 0.00100398 0.00052442 0.999999 1.36246 
0.999977 -0.00682904 -0.00026889 -0.0127496 0.00682968 0.999974 0.00247054 -0.0186424 0.000252012 -0.00247232 0.999997 1.34015 
0.999971 -0.00727782 -0.00211113 0.01124 0.0072807 0.999973 0.001356 -0.0253913 0.0021012 -0.00137133 0.999997 1.35869 
0.999992 -0.00371552 -0.00124108 0.0121558 0.00371149 0.999988 -0.00322973 -0.0237679 0.00125306 0.0032251 0.999994 1.35773 
0.999999 0.00120086 0.000433627 -0.00871438 -0.00119943 0.999994 -0.00327513 -0.0286038 -0.000437558 0.00327461 0.999995 1.33853 
0.999994 0.00345792 0.000744572 -0.0128384 -0.00345634 0.999992 -0.00211695 -0.0225545 -0.000751886 0.00211436 0.999998 1.32893 
1 -0.000377833 0.000934909 -0.00658625 0.000377684 1 0.000158639 -0.025797 -0.000934969 -0.000158285 1 1.35503 
0.999995 -0.003199 0.00077325 -0.0091691 0.00319621 0.999988 0.00357956 -0.0220872 -0.000784692 -0.00357707 0.999993 1.34145 
0.999984 -0.00565405 0.000486219 0.00775337 0.00565268 0.99998 0.00277417 -0.0230832 -0.000501895 -0.00277138 0.999996 1.35661 
0.999994 -0.00343284 -0.000219278 0.00328839 0.00343312 0.999993 0.001251 -0.0189698 0.000214982 -0.00125174 0.999999 1.34055 
0.999999 -0.00154429 0.000197354 0.00141788 0.00154431 0.999999 -0.000196201 -0.025732 -0.000197049 0.000196504 1 1.36011 
0.999998 0.00177888 0.00067175 -0.0054605 -0.00177947 0.999998 0.000876315 -0.0232008 -0.000670191 -0.000877509 0.999999 1.34259 
0.999991 0.00411456 0.000895196 0.00583076 -0.00411376 0.999991 -0.000900202 -0.0261178 -0.000898891 0.000896514 0.999999 1.37589 
0.999992 0.00363714 0.00161636 -0.0347948 -0.00363337 0.999991 -0.00232332 -0.0206161 -0.0016248 0.00231743 0.999996 1.30739 
0.999996 0.002681 0.000927558 -0.00880086 -0.00268057 0.999996 -0.00046244 -0.0223846 -0.000928796 0.000459951 0.999999 1.35097 
0.999998 0.00219942 0.000360359 -0.0144503 -0.00219979 0.999997 0.00105388 -0.0229459 -0.00035804 -0.00105467 0.999999 1.34865 
0.999999 0.00149698 -0.000886861 0.00446343 -0.00149714 0.999999 -0.000167425 -0.028964 0.000886607 0.000168752 1 1.37175 
0.999997 0.00240317 -9.01856e-05 -0.0136566 -0.00240341 0.999993 -0.00277452 -0.016382 8.35154e-05 0.00277473 0.999996 1.35956 
0.999994 0.00351658 -0.000539474 -0.0117353 -0.00351801 0.99999 -0.00267309 -0.0211947 0.000530069 0.00267497 0.999996 1.34435 
0.999984 0.00561128 0.000102679 -0.0174459 -0.00561115 0.999984 -0.00124352 -0.0242112 -0.000109653 0.00124292 0.999999 1.37358 
0.999991 0.0042832 0.000342831 -0.0155296 -0.0042836 0.99999 0.00118207 -0.0190327 -0.000337766 -0.00118353 0.999999 1.371 
0.999995 0.00308956 0.000576424 -0.0131131 -0.00309064 0.999994 0.00189772 -0.0209754 -0.000570559 -0.00189949 0.999998 1.36504 
1 0.000963653 0.000127404 -0.0102789 -0.000963928 0.999997 0.00217847 -0.0189459 -0.0001253 -0.0021786 0.999998 1.38132 
0.999993 -0.00357333 -0.000947683 -0.00481057 0.00357435 0.999993 0.00107322 -0.0231998 0.00094384 -0.0010766 0.999999 1.37959 
0.999995 -0.00227384 -0.00207678 0.00189722 0.00227336 0.999997 -0.000231693 -0.0152411 0.0020773 0.000226971 0.999998 1.39224 
0.999999 -0.000313711 -0.00152222 -0.0140887 0.000307879 0.999993 -0.00382997 -0.0340209 0.00152341 0.0038295 0.999992 1.37274 
0.999997 0.00181617 -0.00159261 -0.00386298 -0.00182342 0.999988 -0.00455992 -0.0169134 0.0015843 0.00456281 0.999988 1.39622 
0.999988 0.00488772 -0.000774204 -0.0138791 -0.00488798 0.999988 -0.000339768 -0.0265403 0.000772535 0.000343548 1 1.40463 
0.999994 0.00354181 -9.80545e-05 -0.0140463 -0.00354172 0.999993 0.000953452 -0.0210017 0.000101433 -0.000953097 1 1.40202 
0.999998 0.00188471 0.000268917 -0.0132694 -0.00188562 0.999992 0.00343474 -0.0191785 -0.000262441 -0.00343524 0.999994 1.40555 
1 0.000800348 0.000278052 -0.00645137 -0.000800935 0.999997 0.00211668 -0.0216031 -0.000276359 -0.0021169 0.999998 1.39108 
1 -0.000795096 4.1767e-05 -0.00406617 0.000795065 0.999999 0.000778184 -0.0161138 -4.23857e-05 -0.000778152 1 1.41364 
0.999998 -0.00198281 -1.26222e-05 -0.00763601 0.00198281 0.999998 0.00042668 -0.0175197 1.17756e-05 -0.000426704 1 1.42659 
0.999997 -0.00241218 4.82015e-05 0.000327349 0.00241214 0.999997 0.000868169 -0.0321867 -5.02947e-05 -0.00086805 1 1.4256 
0.999997 -0.00259213 0.000350353 -0.0115055 0.00259216 0.999997 -9.25235e-05 -0.0215335 -0.000350112 9.34307e-05 1 1.42868 
0.999994 -0.00358173 0.000181613 0.00903106 0.0035815 0.999993 0.00125148 -0.0273156 -0.000186095 -0.00125082 0.999999 1.41754 
0.999991 -0.00428381 0.00063839 -0.00865448 0.00428286 0.99999 0.00147944 -0.0206935 -0.00064472 -0.00147669 0.999999 1.42506 
0.999996 -0.0026556 0.000284735 0.00418913 0.00265561 0.999996 -1.81096e-05 -0.0270107 -0.000284686 1.88644e-05 1 1.42047 
0.999997 0.00224615 0.000514878 -0.0119133 -0.00224387 0.999988 -0.0043878 -0.0253696 -0.000524728 0.00438663 0.99999 1.43245 
0.999977 0.00679458 2.53688e-05 -0.00572038 -0.00679436 0.999964 -0.00505502 -0.0206602 -5.97136e-05 0.00505473 0.999987 1.4315 
0.999954 0.00948712 0.00152234 -0.0239332 -0.00948708 0.999955 -3.00375e-05 -0.0220861 -0.00152255 1.5595e-05 0.999999 1.43831 
0.999968 0.00790231 0.0010995 -0.026565 -0.00790611 0.999963 0.00349774 -0.0150794 -0.00107182 -0.00350632 0.999993 1.43456 
1 0.000330082 0.000674222 -0.00222015 -0.000331761 0.999997 0.0024983 -0.0283041 -0.000673392 -0.00249852 0.999997 1.44759 
0.999999 -0.00172471 -0.000318123 -0.0117288 0.00172486 0.999999 0.000448037 -0.0187194 0.000317349 -0.000448586 1 1.43286 
0.999992 -0.00365541 -0.00121469 0.000612497 0.00365549 0.999993 6.45043e-05 -0.0270617 0.00121445 -6.89434e-05 0.999999 1.45276 
0.999999 -0.00123061 -0.000815803 -0.00970781 0.0012299 0.999999 -0.000865354 -0.0209906 0.000816865 0.00086435 0.999999 1.44978 
1 0.000445307 -0.000537442 -0.00292492 -0.00044547 1 -0.000302124 -0.0218441 0.000537309 0.000302363 1 1.46411 
1 0.000757959 -0.000402699 -0.0055058 -0.000757837 1 0.000305409 -0.0265203 0.000402931 -0.000305104 1 1.46262 
0.999999 0.00105841 -8.41334e-05 -0.0105895 -0.00105836 0.999999 0.000572765 -0.0237885 8.47373e-05 -0.000572676 1 1.47292 
1 -0.000181414 -0.000203766 -0.0107286 0.000181333 1 -0.000397756 -0.0245862 0.000203841 0.000397718 1 1.4669 
1 -0.000344147 -0.000187499 -0.00786483 0.0003439 0.999999 -0.00129339 -0.0215681 0.000187942 0.00129332 0.999999 1.45462 
1 -0.000441673 2.26167e-05 -0.0108734 0.000441677 1 -0.000228324 -0.021625 -2.25152e-05 0.000228333 1 1.45766 
1 0.000369553 -0.000674954 -0.00550258 -0.000369768 1 -0.000316364 -0.0231581 0.000674838 0.000316613 1 1.48293 
1 9.35021e-05 -0.000158634 -0.0101383 -9.35262e-05 1 -0.000156417 -0.023031 0.000158618 0.000156434 1 1.48006 
1 0.000187993 -0.000423967 -0.00703824 -0.000188088 1 -0.000222714 -0.0230134 0.000423925 0.000222794 1 1.48981 
1 0.000847431 -0.000272537 -0.0104516 -0.000847466 1 -0.000123861 -0.028836 0.000272432 0.00012409 1 1.46307 
1 3.86562e-05 5.9939e-05 -0.0110477 -3.86615e-05 1 8.4647e-05 -0.0262902 -5.99362e-05 -8.46491e-05 1 1.47537 
1 0.000468524 -0.000571626 -0.0101238 -0.000468612 1 -0.00015409 -0.0220883 0.000571555 0.000154359 1 1.49823 
0.999999 -0.00099716 9.77656e-05 -0.00960696 0.000997198 0.999999 -0.000386428 -0.0174539 -9.7381e-05 0.000386525 1 1.49762 
0.999999 -0.00137659 -0.000170004 -0.00476229 0.00137664 0.999999 0.000282377 -0.0333848 0.000169615 -0.00028261 1 1.49336 
1 -0.00100488 0.000305178 -0.0113313 0.00100481 1 0.000226801 -0.0250957 -0.000305407 -0.000226494 1 1.50137 
0.999999 -0.00165509 3.64562e-05 -0.000936747 0.00165506 0.999998 0.000820254 -0.0223086 -3.78122e-05 -0.000820193 1 1.50505 
1 -0.000207327 -0.00041464 -0.0034343 0.000207535 1 0.000493954 -0.026746 0.000414537 -0.000494041 1 1.50255 
1 0.000328081 0.000567698 -0.0183197 -0.000327836 1 -0.000435371 -0.0313811 -0.000567841 0.000435185 1 1.50613 
1 0.000852372 0.000197423 -0.00570333 -0.000852265 0.999999 -0.000546531 -0.0256522 -0.00019789 0.000546363 1 1.5065 
0.999999 0.00140063 0.000486836 -0.00969124 -0.0014009 0.999999 0.000558408 -0.0230942 -0.000486053 -0.000559089 1 1.50558 
0.999999 0.000439415 0.000927858 -0.015837 -0.000441292 0.999998 0.00202123 -0.0229259 -0.000926966 -0.00202164 0.999997 1.52837 
1 -0.000233597 0.000748197 -0.00966358 0.00023329 1 0.000413346 -0.0243099 -0.000748293 -0.000413172 1 1.51012 
1 0.000682288 0.0007637 -0.0109068 -0.000681091 0.999999 -0.00156716 -0.026413 -0.00076477 0.00156664 0.999999 1.49702 
1 0.000389323 0.000555445 -0.00303686 -0.000388424 0.999999 -0.00162085 -0.0209546 -0.000556075 0.00162064 0.999999 1.51646 
1 -0.000109274 0.000220194 -0.0119469 0.000109049 0.999999 0.00102901 -0.0302601 -0.000220304 -0.00102898 0.999999 1.51361 
1 -0.000508655 -0.00042565 4.05312e-06 0.000509173 0.999999 0.00122185 -0.0282676 0.000425026 -0.00122206 0.999999 1.52704 
0.999999 0.00117467 0.000124366 -0.0163214 -0.00117468 0.999999 6.87936e-05 -0.0220695 -0.000124287 -6.89398e-05 1 1.53088 
1 -0.000488649 -0.000419537 -0.00668836 0.00048889 1 0.000571229 -0.0355859 0.00041926 -0.000571434 1 1.52357 
0.999999 0.00149115 0.000380649 -0.0111804 -0.00149121 0.999999 0.000138605 -0.0236793 -0.000380441 -0.000139172 1 1.53238 
0.999999 0.0016005 0.000144714 -0.0128288 -0.0016005 0.999999 -6.83432e-05 -0.0269041 -0.000144825 6.81119e-05 1 1.52725 
1 0.000547087 0.00057149 -0.0161648 -0.000547226 1 0.00024603 -0.0240579 -0.000571354 -0.000246343 1 1.53026 
0.999998 -0.00182069 -0.000584633 -0.00479269 0.00182092 0.999998 0.000388533 -0.0291281 0.000583927 -0.000389596 1 1.54735 
0.999999 -0.00168044 0.000255384 -0.00952387 0.00168023 0.999998 0.000818322 -0.0257363 -0.00025676 -0.000817891 1 1.52414 
0.999997 -0.00224881 -0.000200744 -0.00808859 0.00224887 0.999998 0.000314029 -0.0192318 0.000200035 -0.000314479 1 1.53436 
0.999998 -0.00199986 -5.23403e-05 -0.00633812 0.00199983 0.999998 -0.000660017 -0.0237603 5.366e-05 0.000659911 1 1.55646 
0.999999 -0.00104226 5.9193e-05 -0.013272 0.00104233 0.999999 -0.00112021 -0.0244665 -5.80237e-05 0.00112027 0.999999 1.54971 
0.999998 -0.00199443 0.000214008 0.00189877 0.001994 0.999996 0.00198469 -0.0264535 -0.000217964 -0.00198426 0.999998 1.54477 
0.999997 -0.00211744 0.000853928 -0.012435 0.00211582 0.999996 0.00188884 -0.0264182 -0.000857923 -0.00188703 0.999998 1.54269 
0.999999 -0.00102624 -0.000416435 0.000431061 0.00102584 0.999999 -0.000963833 -0.0238972 0.000417423 0.000963405 0.999999 1.5705 
1 -0.000291963 0.000279092 0.00165725 0.000292284 0.999999 -0.00115114 -0.0222454 -0.000278757 0.00115122 0.999999 1.54852 
1 9.78301e-05 0.000603999 -0.00654197 -9.77597e-05 1 -0.000114287 -0.02982 -0.000604008 0.000114227 1 1.54373 
0.999998 0.00144509 0.00107487 -0.010664 -0.00144567 0.999999 0.000546824 -0.0326629 -0.00107408 -0.000548377 0.999999 1.53531 
0.999998 0.00174184 0.000968813 -0.0149426 -0.00174098 0.999998 -0.000890369 -0.0204849 -0.000970363 0.000888682 0.999999 1.53732 
0.999999 0.00126826 0.00119864 -0.00858283 -0.00126835 0.999999 7.05316e-05 -0.0298629 -0.00119855 -7.20525e-05 0.999999 1.55414 
1 0.000670763 0.000679792 -0.00224614 -0.000670416 1 -0.000510852 -0.025373 -0.000680135 0.000510396 1 1.54266 
1 0.000295103 0.000252469 -0.0061028 -0.000294931 1 -0.000688076 -0.0264368 -0.000252671 0.000688001 1 1.55472 
0.999999 -0.00114351 0.00123357 -0.0125823 0.00114425 0.999999 -0.000596471 -0.0203528 -0.00123288 0.000597883 0.999999 1.56775 
0.999999 -0.00045753 0.000960019 -0.00520468 0.00045713 1 0.000416207 -0.0285239 -0.000960207 -0.000415768 0.999999 1.54901 
0.999999 -0.000974784 0.00060783 -0.00820494 0.000974234 0.999999 0.000903147 -0.0216465 -0.000608712 -0.000902555 1 1.56165 
1 -0.000875751 0.000163672 -0.0034914 0.000875755 1 -2.78179e-05 -0.0251198 -0.00016365 2.79616e-05 1 1.55627 
1 -0.000453531 -9.92594e-05 -0.00077343 0.000453307 0.999997 -0.00225003 -0.0308604 0.000100284 0.00224998 0.999997 1.54736 
0.999999 -0.00149344 -0.00031794 -0.00186443 0.00149269 0.999996 -0.00235257 -0.0237651 0.000321451 0.00235209 0.999997 1.56244 
1 0.000273828 -0.000390884 -0.0114894 -0.000273773 1 0.000141664 -0.0253465 0.000390922 -0.000141557 1 1.54297 
0.999998 -0.00161852 -0.00105482 -0.00496435 0.00161855 0.999999 2.92566e-05 -0.0199952 0.00105476 -3.09646e-05 0.999999 1.55331 
1 -0.00011372 -0.00102919 -0.0177846 0.000113131 1 -0.000573955 -0.0223284 0.00102925 0.000573839 0.999999 1.53806 
1 0.000556399 -0.000675811 0.00662518 -0.000556762 1 -0.000535764 -0.0238512 0.000675512 0.000536139 1 1.58075 
0.999999 -0.000234015 -0.00102366 0.000788689 0.000234538 1 0.000511233 -0.0251775 0.00102354 -0.000511472 0.999999 1.5766 
0.999999 -0.000456128 -0.00106962 -0.00458479 0.000456382 1 0.000235903 -0.0269723 0.00106951 -0.000236391 0.999999 1.56702 
0.999999 -0.000389931 -0.00118934 -0.00348139 0.000391699 0.999999 0.00148696 -0.0252917 0.00118876 -0.00148742 0.999998 1.56543 
0.999999 0.00142831 -0.000797247 -0.00701213 -0.00142741 0.999998 0.0011211 -0.0208058 0.000798848 -0.00111996 0.999999 1.56946 
1 0.000120605 0.000747827 -0.00838423 -0.000120652 1 6.19366e-05 -0.0228829 -0.000747819 -6.2027e-05 1 1.58023 
1 0.000329382 0.000854621 -0.00587702 -0.000329269 1 -0.000132441 -0.0261683 -0.000854666 0.00013216 1 1.59256 
0.999999 -0.00152469 0.00033869 -0.00711894 0.00152481 0.999999 -0.00036016 -0.0205927 -0.000338144 0.000360676 1 1.578 
0.999999 -0.00162762 3.68841e-05 -0.000618458 0.00162764 0.999998 -0.000779445 -0.0291486 -3.561e-05 0.000779505 1 1.58862 
0.999999 -0.00174374 0.000345643 1.09673e-05 0.0017445 0.999996 -0.00220954 -0.0210958 -0.000341791 0.00221014 0.999998 1.60327 
1 -0.000383975 -0.00031411 -0.0050416 0.000383693 1 -0.000899664 -0.024457 0.000314456 0.000899544 1 1.60138 
0.999997 0.0007869 -0.0022259 -0.0110638 -0.000789475 0.999999 -0.00115659 -0.0223389 0.00222499 0.00115834 0.999997 1.61801 
0.999997 0.000908764 -0.00220117 -0.00903678 -0.000907098 0.999999 0.000758194 -0.0239902 0.00220185 -0.000756198 0.999997 1.59128 
0.999999 0.0010331 -0.000348457 -0.00930572 -0.00103199 0.999995 0.00316795 -0.0195055 0.000351727 -0.00316759 0.999995 1.62921 
0.999999 -0.00174274 0.00026973 0.00512791 0.00174185 0.999993 0.00324191 -0.0313306 -0.000275379 -0.00324143 0.999995 1.63599 
0.999999 -0.00127109 -0.000274094 -0.00297225 0.00127129 0.999999 0.000732759 -0.023551 0.000273164 -0.000733108 1 1.62238 
0.999999 -0.00105251 0.000324152 -0.00275946 0.00105284 0.999999 -0.00099585 -0.0322104 -0.000323104 0.000996191 0.999999 1.62302 
0.999999 -0.0015828 0.000693787 -0.0157925 0.00158264 0.999999 0.000232794 -0.0249543 -0.000694155 -0.000231695 1 1.60767 
1 0.000286223 0.000145493 -0.00821233 -0.000286246 1 0.000160121 -0.0269465 -0.000145447 -0.000160162 1 1.61545 
1 -4.32607e-05 0.000564022 -0.00517416 4.32612e-05 1 -1.57335e-06 -0.0275993 -0.000564023 1.59815e-06 1 1.61835 
0.999999 0.00155838 1.7609e-05 -0.00549269 -0.00155836 0.999998 -0.0013888 -0.0214591 -1.9772e-05 0.00138877 0.999999 1.63077 
0.999999 0.000991781 0.00118986 -0.0193427 -0.000991449 0.999999 -0.000277745 -0.0342875 -0.00119014 0.000276565 0.999999 1.58917 
0.999999 -0.00151543 0.000150108 0.000528336 0.00151512 0.999997 0.00206773 -0.0272155 -0.000153241 -0.0020675 0.999998 1.64099 
0.999999 -0.00108263 0.000406828 -0.0123572 0.00108236 0.999999 0.000663512 -0.0241632 -0.000407546 -0.00066307 1 1.5968 
1 -0.000777053 9.63174e-06 -0.00405598 0.000777066 0.999999 -0.0013734 -0.0260949 -8.56351e-06 0.00137341 0.999999 1.62885 
1 0.000762329 -0.000419547 0.0051477 -0.000762152 1 0.000421475 -0.0326042 0.000419869 -0.000421155 1 1.64124 
0.999997 0.00233861 0.000324134 -0.0357518 -0.00233783 0.999994 -0.00239326 -0.0234985 -0.000329729 0.00239249 0.999997 1.55945 
0.999998 0.00170365 -0.000575702 -0.0102787 -0.00170533 0.999994 -0.00292942 -0.0279984 0.000570707 0.0029304 0.999996 1.61087 
0.999999 0.00119537 -0.000526719 -0.0171707 -0.00119503 0.999999 0.000647445 -0.0290234 0.000527492 -0.000646814 1 1.60733 
0.999999 0.000923798 -0.00136566 -0.00131869 -0.000919507 0.999995 0.0031387 -0.0192246 0.00136855 -0.00313744 0.999994 1.59665 
0.999998 0.000746982 -0.00165433 -0.00486565 -0.000742247 0.999996 0.00286049 -0.0258188 0.00165646 -0.00285926 0.999995 1.60153 
0.999999 0.000481662 -0.0010823 -0.0106565 -0.000482873 0.999999 -0.00111955 -0.0303621 0.00108176 0.00112007 0.999999 1.61191 
0.999998 -0.000282034 -0.00174556 -0.0114353 0.000278984 0.999998 -0.00174726 -0.025311 0.00174605 0.00174677 0.999997 1.58502 
0.999997 -0.00160784 -0.00198946 -0.00219935 0.00161035 0.999998 0.00126525 -0.0247006 0.00198743 -0.00126845 0.999997 1.59186 
0.999998 -0.00148151 -0.00122589 -0.00236035 0.00148199 0.999999 0.000393341 -0.0294805 0.00122531 -0.000395158 0.999999 1.5972 
1 0.000242111 0.00026476 -0.021215 -0.000241892 1 -0.000827122 -0.0247459 -0.000264961 0.000827059 1 1.57547 
0.999999 -0.00127865 -0.000402713 -0.00402147 0.00127828 0.999999 -0.000913315 -0.0268574 0.000403881 0.0009128 0.999999 1.59598 
1 0.000217318 0.000170718 -0.00893468 -0.000217279 1 -0.000228785 -0.0252323 -0.000170768 0.000228747 1 1.58759 
1 -0.000734222 3.15276e-06 -0.00623101 0.000734221 1 -0.000132324 -0.0272651 -3.05718e-06 0.000132326 1 1.59229 
1 -0.000506518 -0.000164274 -0.00454468 0.0005064 1 -0.000722272 -0.0258307 0.00016464 0.000722189 1 1.59991 
1 0.000322171 -5.89442e-05 -0.0100206 -0.000322206 1 -0.000569342 -0.0296192 5.87611e-05 0.000569361 1 1.59171 
1 -0.000613003 0.000303403 -0.00945058 0.000612947 1 0.000184573 -0.0254154 -0.000303517 -0.000184388 1 1.58157 
1 -0.000215978 -0.000458635 0.00091663 0.00021572 1 -0.000561126 -0.0292182 0.000458756 0.000561027 1 1.60547 
0.999999 -0.0013634 0.000360198 -0.0136757 0.00136399 0.999998 -0.00163383 -0.0247426 -0.000357969 0.00163432 0.999999 1.5744 
0.999999 -0.00152689 -0.000133031 -0.00190142 0.00152716 0.999997 0.0020767 -0.0284848 0.000129858 -0.0020769 0.999998 1.60074 
0.999998 -0.00197678 -0.000620894 0.00854456 0.00197751 0.999997 0.00118106 -0.0303397 0.000618559 -0.00118228 0.999999 1.60434 
1 -0.000224237 0.000592778 -0.00979447 0.000225079 0.999999 -0.00141639 -0.021194 -0.000592461 0.00141652 0.999999 1.57932 
0.999999 0.00127786 -6.16141e-05 -0.00510013 -0.00127794 0.999998 -0.00138539 -0.0129995 5.98439e-05 0.00138547 0.999999 1.61496 
0.999999 0.000881322 0.00102805 -0.0210916 -0.000883189 0.999998 0.0018178 -0.0435982 -0.00102644 -0.0018187 0.999998 1.57269 
0.999998 0.0016973 0.000919142 -0.0128313 -0.00169772 0.999999 0.000466569 -0.0200791 -0.000918349 -0.000468129 1 1.60315 
1 -0.000902446 -0.000650581 0.00310162 0.000902453 1 1.38714e-05 -0.0324702 0.000650569 -1.44582e-05 1 1.59775 
1 0.000288276 0.000326829 -0.017865 -0.000287895 0.999999 -0.00116877 -0.019475 -0.000327166 0.00116868 0.999999 1.59241 
1 -0.00014027 0.000156393 -0.00537096 0.000140241 1 0.000199695 -0.0342436 -0.00015642 -0.000199674 1 1.60483 
1 0.000112932 0.000104565 0.00408146 -0.000112947 1 0.00015528 -0.0300179 -0.000104547 -0.000155292 1 1.62296 
0.999998 0.00180157 0.000325601 -0.0165409 -0.00180152 0.999999 -0.000174471 -0.0200176 -0.000325916 0.000173884 1 1.59845 
0.999998 0.00183184 0.00039852 -0.0096826 -0.0018321 0.999998 0.000658509 -0.0269427 -0.000397313 -0.000659238 1 1.60074 
1 0.00106094 0.000287284 -0.0135996 -0.00106062 0.999999 -0.00110391 -0.0204034 -0.000288455 0.0011036 0.999999 1.63409 
0.999999 0.00138644 0.00044124 -0.0115116 -0.00138606 0.999999 -0.000862469 -0.0234208 -0.000442435 0.000861857 1 1.60629 
1 0.00013396 -0.000183261 0.00401473 -0.000133909 1 0.000282005 -0.0295668 0.000183299 -0.000281981 1 1.61816 
0.999999 0.00110126 6.91528e-05 -0.00597495 -0.00110133 0.999999 0.00104019 -0.0244131 -6.80083e-05 -0.00104026 0.999999 1.6192 
0.999999 0.00122359 0.000107136 -0.00760335 -0.00122357 0.999999 -0.000124016 -0.0207996 -0.000107287 0.000123885 1 1.63318 
1 0.000592324 0.000570607 -0.00597107 -0.000592198 1 -0.000219694 -0.0284801 -0.000570738 0.000219357 1 1.62054 
1 0.000644167 -0.000592489 0.00273228 -0.000644152 1 2.63329e-05 -0.0258021 0.000592507 -2.59518e-05 1 1.62485 
0.999995 -0.00295369 -0.00148453 0.894793 0.00295758 0.999992 0.00262763 5.35395 0.00147676 -0.00263201 0.999995 -392.95 
