1 0 0 0 0 1 0 7e-09 0 0 1 0 
0.999998 -0.00158865 -0.00143367 -0.00261664 0.00158729 0.999998 -0.000954028 -0.0073478 0.00143518 0.00095175 0.999999 0.563971 
1 -0.000187061 -0.00096636 -0.00453929 0.000185468 0.999999 -0.0016486 -0.00945213 0.000966668 0.00164842 0.999998 0.555592 
0.999998 -0.000740242 -0.00212463 3.73232e-05 0.000738279 0.999999 -0.000924842 -0.0165161 0.00212531 0.000923271 0.999997 0.565502 
0.999997 -0.00185631 -0.00186209 -0.00820553 0.0018526 0.999996 -0.00199109 -0.00402568 0.00186578 0.00198763 0.999996 0.567007 
0.999997 -0.00250819 -0.000698686 -0.0187057 0.00250704 0.999996 -0.00163995 -0.0184669 0.000702795 0.00163819 0.999998 0.544366 
0.999998 -0.00112766 -0.00139395 -0.00421228 0.00112675 0.999999 -0.00065157 -0.00831976 0.00139469 0.000650004 0.999999 0.569399 
0.999999 6.79497e-06 -0.00126876 -0.00733806 -5.95435e-06 1 0.000663656 -0.00795979 0.00126877 -0.00066365 0.999999 0.580481 
0.999999 -0.000487791 -0.00108249 -0.00412635 0.000487339 1 -0.000420723 -0.00973967 0.00108269 0.000420196 0.999999 0.595185 
0.999999 0.000635963 -0.00130778 -0.0033896 -0.00063951 0.999996 -0.00271223 -0.0117235 0.00130606 0.00271306 0.999995 0.591938 
0.999998 0.00170565 -0.00112268 -0.00972567 -0.00170984 0.999992 -0.00373991 -0.00911085 0.00111629 0.00374183 0.999992 0.602562 
0.999998 0.00120605 -0.00142905 -0.00534112 -0.00121124 0.999993 -0.0036333 -0.00473198 0.00142466 0.00363503 0.999992 0.615411 
0.999997 0.00194941 -0.0012184 -0.00733401 -0.00194948 0.999998 -5.74477e-05 -0.00203323 0.00121828 5.98188e-05 0.999999 0.630828 
0.999997 0.00217679 -0.00123418 -0.00285322 -0.00216837 0.999975 0.0067859 0.00227711 0.00124892 -0.0067832 0.999976 0.638565 
0.999999 0.000729422 -0.00053478 -0.00698054 -0.000723595 0.999941 0.0108171 -0.00835948 0.000542637 -0.0108167 0.999941 0.658742 
1 0.000693929 -0.000833163 -0.00578895 -0.00068846 0.999978 0.00654692 -0.00954716 0.000837689 -0.00654634 0.999978 0.685535 
0.999996 0.00238266 -0.00151282 -0.00490066 -0.00238454 0.999996 -0.0012418 -0.0165002 0.00150985 0.0012454 0.999998 0.683259 
0.999998 0.00201984 -0.00060848 -0.0097183 -0.00202419 0.999972 -0.00722061 -0.00841466 0.000593878 0.00722182 0.999974 0.692567 
1 -0.000133153 -0.001081 -0.00579894 0.000126768 0.999983 -0.00590219 0.000539348 0.00108177 0.00590205 0.999982 0.709472 
0.999996 -0.00245777 -0.00122064 0.000748933 0.00245971 0.999996 0.00159029 0.00346659 0.00121672 -0.00159328 0.999998 0.738591 
1 -0.000483488 -0.000403 -0.0031694 0.000487199 0.999957 0.0092573 -0.00864355 0.000398511 -0.00925749 0.999957 0.745861 
1 -0.000578574 -0.000221295 -0.0051139 0.000580219 0.999972 0.00750437 -0.00789043 0.000216942 -0.0075045 0.999972 0.77681 
0.999999 -0.000977043 -0.000605781 -0.00456392 0.000978503 0.999997 0.0024174 -0.0100755 0.000603417 -0.00241799 0.999997 0.791456 
0.999998 -0.00173787 -0.000349311 0.00405864 0.00173753 0.999998 -0.000983771 -0.0104831 0.000351019 0.000983165 0.999999 0.804921 
1 -0.000415676 0.000672523 -0.00241791 0.000417342 0.999997 -0.00247677 -0.00964838 -0.000671491 0.00247705 0.999997 0.813522 
0.999996 0.00280694 0.000703275 -0.00656258 -0.00280465 0.999991 -0.00323253 -0.010112 -0.000712341 0.00323054 0.999994 0.835703 
0.999994 -0.00327907 0.000714414 0.00108246 0.00328323 0.999977 -0.0058931 -0.00666586 -0.00069507 0.00589541 0.999982 0.858311 
0.999996 -0.00259554 0.000700492 0.00170626 0.00259979 0.999978 -0.00614361 -0.0109514 -0.000684535 0.00614541 0.999981 0.870491 
0.999999 0.00116333 0.00111198 0.000937946 -0.00115725 0.999985 -0.00544623 -0.00684743 -0.0011183 0.00544493 0.999985 0.904278 
0.999999 0.00126823 0.000437843 -0.00804473 -0.00126786 0.999999 -0.0008532 -0.00418553 -0.000438919 0.000852642 0.999999 0.905144 
1 8.20751e-05 -0.000720887 0.000236608 -8.17439e-05 1 0.000458512 -0.00699479 0.000720926 -0.000458454 1 0.936701 
0.999999 0.00154692 0.000127386 -0.00858715 -0.00154676 0.999998 -0.00120963 -0.0143054 -0.000129258 0.00120943 0.999999 0.941809 
0.999995 0.00315751 -2.30018e-05 0.00508659 -0.00315755 0.999993 -0.00203728 -0.0122998 1.65664e-05 0.00203734 0.999998 0.964062 
0.999995 0.00322901 -0.000288509 -0.00731605 -0.00322926 0.999995 -0.000864391 -0.00779307 0.000285717 0.000865318 1 0.965479 
0.999999 0.00168324 0.000363709 -0.0167848 -0.00168327 0.999998 9.4818e-05 -0.0118953 -0.000363547 -9.5427e-05 1 0.984459 
0.999999 0.00109969 -0.000132822 -0.00678121 -0.0010997 0.999999 -5.67939e-05 -0.010521 0.000132764 5.69467e-05 1 0.973118 
1 -0.0004626 -0.000743985 0.00681553 0.000462578 1 -2.66116e-05 -0.0102933 0.000743993 2.62707e-05 1 0.973455 
0.999999 0.00133203 -0.000233738 -0.000411734 -0.00133175 0.999998 0.0012036 -0.0201106 0.000235338 -0.00120329 0.999999 1.01791 
1 0.000666678 -0.000280811 -0.0046514 -0.000666092 0.999998 0.00207848 -0.0126482 0.000282198 -0.00207829 0.999998 1.01837 
1 0.000550421 -0.000308441 -0.00524013 -0.000550004 0.999999 0.00135184 -0.0168227 0.00030918 -0.00135167 0.999999 1.01997 
1 0.000363434 -0.000121361 -0.000440024 -0.000363564 0.999999 -0.00109586 -0.0125152 0.000120964 0.00109591 0.999999 1.03593 
0.999999 0.00120861 -0.000298547 -0.00488345 -0.00120896 0.999998 -0.00117717 -0.016069 0.000297122 0.00117753 0.999999 1.01943 
1 -0.000476751 -0.000434086 -0.00529048 0.000477203 1 0.00104013 -0.0141057 0.000433594 -0.00104033 0.999999 1.0361 
1 -4.09984e-05 -0.000376368 -0.00887655 4.19391e-05 0.999997 0.00249207 -0.0104853 0.00037626 -0.00249208 0.999997 1.05714 
1 -0.000249267 -0.000576779 -0.00345347 0.000251335 0.999993 0.00358622 -0.0130776 0.000575891 -0.00358636 0.999993 1.05859 
1 0.000166538 -0.000443278 -0.00787306 -0.000165593 0.999998 0.00213125 -0.0131714 0.00044363 -0.00213118 0.999997 1.06177 
1 -0.000476315 -0.000571344 -0.00322633 0.000476832 1 0.000911508 -0.0211466 0.000570908 -0.00091178 0.999999 1.06507 
1 -0.000447563 -0.000496328 -0.00722425 0.000446778 0.999999 -0.0015787 -0.0162332 0.000497036 0.00157848 0.999999 1.0771 
0.999999 0.00090253 -0.000682786 -0.00393427 -0.000902838 1 -0.000447515 -0.0176891 0.000682378 0.000448129 1 1.09475 
1 -0.000217841 -0.000593923 -0.00802552 0.000218454 0.999999 0.00103171 -0.009785 0.000593703 -0.00103183 0.999999 1.08476 
1 -2.83284e-05 -0.000363417 -0.0208678 2.89686e-05 0.999999 0.00175409 -0.015947 0.000363367 -0.0017541 0.999998 1.09674 
0.999999 -0.000454334 -0.000968244 0.000196099 0.00045711 0.999996 0.00287272 -0.0234855 0.000966942 -0.00287316 0.999995 1.08954 
0.999998 0.00170958 -0.000668976 0.00769751 -0.00170975 0.999999 -0.000258927 -0.0235009 0.000668531 0.000260072 1 1.08552 
0.999999 0.0013289 -0.00051007 -0.00548175 -0.00133072 0.999993 -0.00358769 -0.022999 0.000505291 0.00358836 0.999994 1.07641 
0.999999 0.00131669 0.000340987 -0.0137024 -0.00131524 0.99999 -0.00420948 -0.0175202 -0.000346521 0.00420903 0.999991 1.0825 
1 0.000717359 0.000346616 -0.0190396 -0.00071726 1 -0.000274203 -0.0147148 -0.000346817 0.000273954 1 1.07087 
1 -0.000192376 -0.000380104 0.0124862 0.000193452 0.999996 0.00284731 -0.0227712 0.000379557 -0.00284738 0.999996 1.14031 
1 0.000395892 0.000207808 -0.00501131 -0.000396333 0.999998 0.00213513 -0.0186722 -0.000206968 -0.00213522 0.999998 1.08857 
0.999999 -0.00152096 1.54991e-05 -0.00921627 0.00152094 0.999998 0.00107178 -0.0144848 -1.71252e-05 -0.00107176 0.999999 1.08258 
1 0.000356572 0.000271061 -0.00232289 -0.000356341 1 -0.000849654 -0.0221381 -0.000271358 0.000849558 1 1.09863 
1 -0.000628057 0.000110362 -0.000690147 0.000628254 0.999998 -0.00179854 -0.020481 -0.000109231 0.00179861 0.999998 1.1122 
1 -5.04333e-05 0.000297053 0.000926681 5.10997e-05 0.999997 -0.00225041 -0.014936 -0.000296943 0.00225043 0.999997 1.09167 
1 -0.000741618 0.0001346 -0.00461031 0.000741896 0.999998 -0.00204415 -0.0295588 -0.000133082 0.00204425 0.999998 1.09782 
0.999999 -0.00139178 0.000623213 -0.0114124 0.00139396 0.999993 -0.00351487 -0.0211791 -0.000618318 0.00351573 0.999994 1.0792 
0.999999 -0.00163536 -7.49342e-06 0.00216717 0.00163534 0.999997 -0.00173904 -0.0168273 1.03358e-05 0.00173902 0.999999 1.08604 
0.999999 -0.00159825 0.000545954 -0.00589398 0.00159687 0.999995 0.0025288 -0.0194535 -0.000549996 -0.00252792 0.999997 1.08666 
0.999999 -0.0012807 -4.15836e-05 -0.000295555 0.00128091 0.999983 0.00567936 -0.0117258 3.43043e-05 -0.00567942 0.999984 1.11329 
0.999999 -0.00173822 -8.00937e-06 0.00354967 0.00173823 0.999981 0.00594181 -0.0139351 -2.32272e-06 -0.00594182 0.999982 1.09175 
0.999999 -0.00155695 0.00018831 -0.00254885 0.00155684 0.999999 0.000566922 -0.0200918 -0.000189189 -0.000566629 1 1.09892 
0.999995 -0.00320484 -9.42163e-05 0.00386587 0.00320454 0.99999 -0.00310933 -0.0152466 0.000104181 0.00310901 0.999995 1.09554 
0.999999 -0.00135875 0.000466846 -0.00987137 0.00136025 0.999994 -0.00322109 -0.0180466 -0.000462469 0.00322172 0.999995 1.08727 
0.999997 0.00253409 1.53873e-05 -0.0111784 -0.00253402 0.99999 -0.00371086 -0.0289112 -2.47881e-05 0.00371081 0.999993 1.10376 
1 0.000233534 -0.000103081 -0.0019583 -0.000233971 0.999991 -0.00426258 -0.0158047 0.000102082 0.00426261 0.999991 1.09351 
0.999995 0.00306154 0.000891263 -0.0147165 -0.00306097 0.999995 -0.000637052 -0.0136278 -0.000893215 0.000634318 0.999999 1.10063 
0.999993 0.00350206 0.000979289 -0.0169984 -0.00350551 0.999988 0.00354195 -0.0161176 -0.00096686 -0.00354537 0.999993 1.10943 
0.999999 0.00120915 0.000136908 -0.00736931 -0.00120944 0.999997 0.00217834 -0.0150356 -0.000134278 -0.0021785 0.999998 1.0957 
1 -0.000607864 -0.000153463 -0.00177902 0.000607944 1 0.000523751 -0.0146773 0.000153145 -0.000523842 1 1.10114 
0.999999 -0.00137952 -3.78992e-05 0.000978127 0.00137955 0.999999 0.000872299 -0.0213828 3.66904e-05 -0.000872349 1 1.10245 
0.999999 -0.00105602 -2.88431e-05 -0.00690275 0.00105607 0.999998 0.0014823 -0.0195194 2.72766e-05 -0.00148233 0.999999 1.09155 
0.999999 -0.00168957 -0.00039248 -0.0026001 0.00169033 0.999997 0.00194227 -0.0183761 0.000389194 -0.00194293 0.999998 1.10239 
0.999999 -0.00120833 -0.000846477 -0.00268851 0.00121005 0.999997 0.00203559 -0.0267898 0.000844019 -0.00203661 0.999997 1.10101 
1 -0.000503917 -0.000415972 -0.00658154 0.000503535 1 -0.000917922 -0.0255975 0.000416433 0.000917711 1 1.08833 
1 -0.000241645 -0.000821622 0.00120236 0.00023827 0.999992 -0.00410698 -0.0180672 0.000822607 0.00410678 0.999991 1.07191 
0.999999 0.00114846 -0.000528293 -0.00904843 -0.00114955 0.999997 -0.00206825 -0.0224854 0.000525916 0.00206886 0.999998 1.10474 
0.999998 0.00180539 -0.000707222 -0.00493582 -0.00180408 0.999997 0.00185509 -0.0162406 0.000710569 -0.00185382 0.999998 1.08423 
0.999999 0.00116129 -0.000413461 -0.011753 -0.00115963 0.999992 0.00398972 -0.0150162 0.000418082 -0.00398924 0.999992 1.08983 
0.999999 0.00116864 -0.000477117 -0.00904676 -0.00116674 0.999991 0.00396829 -0.0176778 0.000481758 -0.00396773 0.999992 1.07495 
0.999999 0.00117485 -0.000741469 -0.00735106 -0.00117429 0.999999 0.000756118 -0.0246006 0.000742355 -0.000755248 1 1.08106 
1 -0.000396978 -0.00035505 -0.00868887 0.000396264 0.999998 -0.00200323 -0.0260611 0.000355845 0.00200309 0.999998 1.07913 
1 8.5129e-05 -0.000164442 -0.00986728 -8.52907e-05 1 -0.000983728 -0.015829 0.000164349 0.000983742 1 1.06685 
1 -0.000231287 -0.000466825 -0.0078693 0.000231238 1 -0.000103193 -0.0208142 0.000466848 0.000103086 1 1.05969 
0.999998 -0.00160259 -0.00151574 0.00929789 0.00160311 0.999999 0.00034229 -0.02343 0.00151519 -0.000344719 0.999999 1.04482 
0.999999 -0.0012901 -0.000546806 -0.00345698 0.00129076 0.999999 0.00121224 -0.016054 0.000545245 -0.00121294 0.999999 1.02565 
1 8.2096e-05 -0.000400823 -0.00736207 -8.08811e-05 0.999995 0.00302908 -0.0273143 0.000401072 -0.00302905 0.999995 1.00778 
0.999999 -0.00104542 -0.00100425 -0.0055263 0.00104642 0.999999 0.000993283 -0.026758 0.0010032 -0.000994332 0.999999 0.989334 
0.999997 -0.00117527 -0.00217269 -0.00622192 0.00117608 0.999999 0.00037099 -0.0212801 0.00217227 -0.000373545 0.999998 0.954323 
0.999996 -0.000407774 -0.00290573 -0.0115028 0.00040449 0.999999 -0.00113104 -0.0250497 0.00290619 0.00112987 0.999995 0.934425 
0.999992 -0.000561052 -0.00397258 -0.000911236 0.00055803 0.999999 -0.000761224 -0.0206294 0.003973 0.000759 0.999992 0.941353 
0.999995 -0.000397463 -0.00298963 -0.00825644 0.000399079 1 0.000539899 -0.0209446 0.00298941 -0.000541089 0.999995 0.892799 
0.999995 0.00130861 -0.00298318 -0.0121418 -0.00130562 0.999999 0.00100113 -0.0208819 0.00298449 -0.000997234 0.999995 0.872902 
0.999995 0.000710416 -0.00312157 -0.0106615 -0.000706795 0.999999 0.00116026 -0.023098 0.00312239 -0.00115805 0.999994 0.843712 
0.999994 0.00120405 -0.00323187 -0.00592947 -0.00119995 0.999998 0.00127211 -0.0162134 0.0032334 -0.00126822 0.999994 0.817856 
0.999996 0.0013156 -0.00233829 -0.0141702 -0.00131331 0.999999 0.000979859 -0.0225604 0.00233957 -0.000976785 0.999997 0.796822 
0.999994 0.0020484 -0.00267496 -0.00686884 -0.00204753 0.999998 0.000326359 -0.0186346 0.00267564 -0.000320879 0.999996 0.766151 
0.999995 0.00167631 -0.00270869 -0.00674319 -0.00167897 0.999998 -0.000978372 -0.0238051 0.00270704 0.000982915 0.999996 0.729362 
0.999996 0.00164859 -0.00250304 -0.0131643 -0.00165769 0.999992 -0.00363832 -0.0223823 0.00249698 0.00364245 0.99999 0.699562 
0.999993 0.00266469 -0.00257958 -0.0113454 -0.00267408 0.99999 -0.00364252 -0.017328 0.00256985 0.00364939 0.99999 0.667084 
0.999997 0.00200521 -0.00180526 -0.0171359 -0.00201024 0.999994 -0.00279427 -0.0133638 0.00179967 0.0027979 0.999995 0.652946 
0.999998 0.00203383 -0.000912294 -0.00428915 -0.00203465 0.999997 -0.000897298 -0.0154146 0.000910461 0.000899151 0.999999 0.618858 
0.999997 0.00236931 0.000795297 -0.000649452 -0.00236984 0.999997 0.000669997 -0.0166655 -0.000793725 -0.000671877 1 0.591507 
0.999987 0.00392215 0.00340298 -0.0106544 -0.00392749 0.999991 0.00156411 -0.0130817 -0.00339682 -0.00157746 0.999993 0.567162 
0.999982 0.00240684 0.00543179 -0.00160503 -0.00241463 0.999996 0.00142885 -0.0107321 -0.00542831 -0.00144194 0.999984 0.543694 
0.999972 0.000783406 0.0073886 0.00467753 -0.000802895 0.999996 0.00263448 -0.0183387 -0.00738652 -0.00264033 0.999969 0.519272 
0.999954 -0.000266586 0.00955565 0.00885558 0.000240986 0.999996 0.00268018 -0.012713 -0.00955631 -0.00267775 0.999951 0.507774 
0.999931 -0.000503188 0.0117348 0.0120758 0.000488315 0.999999 0.00127041 -0.00991273 -0.0117355 -0.00126459 0.99993 0.482231 
0.999914 -0.00111133 0.0130875 0.0204106 0.00110178 0.999999 0.000737147 -0.0172756 -0.0130884 -0.000722663 0.999914 0.456085 
0.999886 -8.40826e-05 0.0151083 0.0175619 9.16723e-05 1 -0.000501754 -0.0116808 -0.0151082 0.000503082 0.999886 0.436859 
0.999832 -0.00146579 0.0182653 0.0167553 0.00151189 0.999996 -0.00251105 -0.0117695 -0.0182615 0.00253824 0.99983 0.424965 
0.999777 -0.000336829 0.0211345 0.0290356 0.000419873 0.999992 -0.00392481 -0.0146835 -0.021133 0.00393281 0.999769 0.410728 
0.999695 -0.00233665 0.0245807 0.0288343 0.0024431 0.999988 -0.00430166 -0.00725198 -0.0245703 0.00436041 0.999689 0.407089 
0.999626 -0.00223933 0.0272622 0.0360537 0.00230318 0.999995 -0.00231133 -0.0045352 -0.0272569 0.00237325 0.999626 0.403908 
0.999549 -0.00290998 0.0298826 0.0422087 0.00292505 0.999996 -0.0004607 -0.00823557 -0.0298811 0.000547901 0.999553 0.39946 
0.999456 -0.00243408 0.0329101 0.0371037 0.00248756 0.999996 -0.00158428 -0.00641179 -0.0329062 0.00166528 0.999457 0.385712 
0.999339 -0.00339406 0.0362048 0.0393391 0.00342298 0.999994 -0.000736568 -0.0159907 -0.0362021 0.00086001 0.999344 0.349609 
0.999225 -0.00306571 0.03923 0.0506954 0.00306776 0.999995 7.95443e-06 -0.00812674 -0.0392298 0.000112399 0.99923 0.379509 
0.999133 -0.00258668 0.041558 0.0409641 0.00261417 0.999996 -0.000607152 -0.00842839 -0.0415563 0.000715264 0.999136 0.368309 
0.999068 0.000617601 0.0431583 0.0432682 -0.000590696 1 -0.000636159 -0.0135187 -0.0431586 0.000610069 0.999068 0.347252 
0.998878 0.00216857 0.0473053 0.033226 -0.00214768 0.999998 -0.000492316 -0.00486922 -0.0473062 0.000390171 0.99888 0.344849 
0.998837 0.000930112 0.0481966 0.0466423 -0.000987225 0.999999 0.0011612 -0.00218618 -0.0481955 -0.00120743 0.998837 0.360405 
0.998787 -0.000342903 0.0492402 0.0453644 0.000266328 0.999999 0.00156171 -0.00770485 -0.0492408 -0.0015467 0.998786 0.355873 
0.998728 -0.00120649 0.0504109 0.0500031 0.00123063 0.999999 -0.00044786 -0.00569439 -0.0504103 0.000509329 0.998728 0.337074 
0.998786 -0.000472112 0.0492501 0.0609245 0.000611158 0.999996 -0.00280823 -0.00385547 -0.0492486 0.00283492 0.998783 0.359222 
0.9987 0.000347575 0.0509652 0.0456619 -0.000195501 0.999996 -0.00298883 -0.0154718 -0.0509662 0.00297498 0.998696 0.346329 
0.998672 0.0018934 0.0514804 0.0482979 -0.001696 0.999991 -0.00387783 -0.0128074 -0.051487 0.00378536 0.998666 0.366417 
0.998523 0.00510694 0.0540847 0.0418701 -0.00488671 0.999979 -0.00420343 -0.000474393 -0.0541051 0.00393293 0.998528 0.356369 
0.998436 0.0038632 0.0557758 0.0431747 -0.00372116 0.99999 -0.00265027 0.00052157 -0.0557852 0.00243858 0.99844 0.363609 
0.998484 -4.93303e-05 0.0550475 0.0588531 9.05963e-05 1 -0.000747133 -0.00151119 -0.0550475 0.000750986 0.998483 0.365433 
0.99851 -0.00266417 0.0545087 0.0677261 0.00258047 0.999995 0.00160594 -0.00143456 -0.0545126 -0.00146289 0.998512 0.367569 
0.998427 -3.19323e-05 0.0560621 0.0565033 -9.91281e-05 0.999997 0.00233492 0.00630972 -0.0560621 -0.00233681 0.998425 0.376488 
0.998415 0.00180637 0.0562534 0.0608444 -0.00195902 0.999994 0.00265851 -0.00980249 -0.0562485 -0.00276449 0.998413 0.377922 
0.998483 -0.0010371 0.0550462 0.088356 0.000885243 0.999996 0.00278303 0.00150436 -0.0550486 -0.00273007 0.99848 0.329124 
0.998318 -0.00194306 0.0579456 0.0599823 0.00175973 0.999993 0.00321473 0.000535011 -0.0579515 -0.00310735 0.998314 0.395256 
0.998341 0.00330281 0.0574785 0.0490494 -0.00339634 0.999993 0.00152964 -0.00882316 -0.0574731 -0.00172232 0.998345 0.395866 
0.998493 0.00517822 0.0546267 0.0566711 -0.00498541 0.999981 -0.00366522 -0.00390923 -0.0546446 0.00338736 0.9985 0.406902 
0.998559 0.000953034 0.053664 0.0420074 -0.000680238 0.999987 -0.0051015 0.00272179 -0.0536681 0.00505763 0.998546 0.409698 
0.998799 0.000888048 0.0489946 0.0415268 -0.000784769 0.999997 -0.00212716 -0.00695598 -0.0489964 0.00208616 0.998797 0.417244 
0.999077 -0.00597678 0.0425399 0.0579224 0.00602643 0.999981 -0.00103891 -0.00215161 -0.0425329 0.00129432 0.999094 0.423561 
0.999339 -0.00750707 0.0355569 0.0571671 0.00754634 0.999971 -0.00097034 -0.00178039 -0.0355486 0.00123802 0.999367 0.43111 
0.999506 -0.00295628 0.031279 0.0385361 0.00301427 0.999994 -0.00180713 -0.00349545 -0.0312735 0.00190053 0.999509 0.454813 
0.999596 0.0028372 0.0282864 0.0262146 -0.00289433 0.999994 0.0019788 -0.00122803 -0.0282807 -0.00205987 0.999598 0.476877 
0.999653 0.00683844 0.0254343 0.0232315 -0.00694136 0.999968 0.00396048 0.00118304 -0.0254064 -0.00413566 0.999669 0.492945 
0.999711 0.00496058 0.0235129 0.0231934 -0.00507224 0.999976 0.00469203 -0.00853252 -0.0234891 -0.00480995 0.999713 0.510013 
0.99973 -0.00313345 0.0230038 0.0144196 0.00308497 0.999993 0.00214256 -0.0124533 -0.0230103 -0.00207102 0.999733 0.515722 
0.999764 -0.00763207 0.0203275 0.0353851 0.00765378 0.99997 -0.000990665 -0.00715017 -0.0203193 0.00114602 0.999793 0.534851 
0.999833 -0.00436601 0.0177462 0.028244 0.00441228 0.999987 -0.00256934 -0.00825977 -0.0177348 0.0026472 0.999839 0.551189 
0.999896 -0.00030213 0.0144149 0.00544739 0.000377802 0.999986 -0.00524729 0.0018771 -0.0144131 0.00525219 0.999882 0.597427 
0.999937 0.00303439 0.0108106 -0.00296021 -0.00297927 0.999983 -0.00511163 0.00638127 -0.0108259 0.0050791 0.999929 0.616881 
0.99998 -0.0022714 0.00596199 0.0179672 0.00226966 0.999997 0.000296346 0.00394607 -0.00596266 -0.000282808 0.999982 0.633481 
0.999974 -0.00667349 0.00273026 0.00888824 0.00666517 0.999973 0.0030428 0.00380346 -0.00275049 -0.00302452 0.999992 0.645844 
1 -0.000918087 -0.000107599 -7.62939e-06 0.000918314 0.999997 0.002045 -0.00996065 0.00010572 -0.00204509 0.999998 0.650871 
0.999996 0.0017771 -0.00197159 -0.0105362 -0.00177675 0.999998 0.000178406 -0.00480974 0.0019719 -0.000174903 0.999998 0.667998 
0.999995 0.00250005 -0.00195075 0.00140381 -0.00250019 0.999997 -7.29476e-05 -0.0130942 0.00195056 7.78214e-05 0.999998 0.697016 
0.999999 0.000526462 -0.00108231 -0.0103607 -0.000527626 0.999999 -0.00107571 0.000297487 0.00108174 0.00107628 0.999999 0.71517 
1 0.000768395 -0.000644682 -0.009758 -0.000768969 1 -0.000900127 -0.00945151 0.000643993 0.000900619 1 0.723255 
0.999999 0.000791721 -0.00101081 -0.00534058 -0.000791419 1 0.000307614 -0.00628239 0.00101104 -0.000306811 1 0.753285 
0.999999 0.00127362 -0.000607893 -0.00558472 -0.00127287 0.999999 0.0012312 -0.00452238 0.000609459 -0.00123043 0.999999 0.756642 
1 -0.000742186 -0.000297504 -0.0062561 0.000742601 0.999999 0.00139226 -0.00842336 0.000296468 -0.00139248 0.999999 0.766719 
1 -0.000521122 0.000214892 0.0025177 0.000520658 0.999998 0.00215534 -0.00690889 -0.000216009 -0.00215523 0.999998 0.796356 
0.999996 0.00251591 0.0011207 -0.00855255 -0.00251795 0.999995 0.00183006 -0.0128734 -0.00111609 -0.00183287 0.999998 0.790986 
0.999999 0.000609672 0.00130892 -0.00199127 -0.000610784 0.999999 0.000847921 -0.00725222 -0.0013084 -0.000848719 0.999999 0.792549 
0.999997 -0.00184206 0.00156342 -0.00266266 0.00183769 0.999994 0.00279067 -0.00867249 -0.00156855 -0.00278778 0.999995 0.804627 
0.999997 -0.00220707 0.000763364 0.00780487 0.00220603 0.999997 0.00135487 -0.00999427 -0.000766357 -0.00135318 0.999999 0.818312 
0.999995 0.00276846 0.0016654 -0.00379944 -0.0027703 0.999996 0.00110717 -0.0149813 -0.00166233 -0.00111177 0.999998 0.827026 
0.999996 0.00285196 0.000613162 -0.00402069 -0.00284885 0.999983 -0.0050172 -0.00876402 -0.000627458 0.00501543 0.999987 0.823864 
0.999998 -0.00152406 0.00110506 -0.00662994 0.00152907 0.999988 -0.00455409 -0.0146892 -0.00109811 0.00455577 0.999989 0.836752 
1 -0.000319585 0.00094009 -0.00106812 0.000321178 0.999999 -0.00168673 -0.0106859 -0.000939548 0.00168703 0.999998 0.838547 
0.999992 0.00345097 0.00178183 -0.0114288 -0.00345427 0.999992 0.00185108 -0.00502086 -0.00177543 -0.00185722 0.999997 0.849339 
0.999995 0.00295061 0.00105884 -0.0118866 -0.00295532 0.999986 0.00446998 -0.0152458 -0.00104563 -0.00447309 0.99999 0.849991 
0.999998 0.00177442 0.000413105 -0.00515747 -0.0017765 0.999986 0.00507547 -0.00912762 -0.000404093 -0.0050762 0.999987 0.854267 
0.999993 0.00368421 -1.29864e-05 -0.00839996 -0.00368408 0.999978 0.00558053 -0.0140082 3.35425e-05 -0.00558045 0.999985 0.841423 
0.999997 0.00244516 -0.000213966 -0.00967407 -0.00244486 0.999996 0.00140079 -0.0187666 0.0002174 -0.00140026 0.999999 0.8503 
0.999997 -0.00255872 -0.00061929 -0.00732422 0.00255443 0.999973 -0.00682488 -0.0239527 0.000636742 0.00682327 0.999977 0.839008 
0.999996 -0.00254987 -0.00105114 0.000930786 0.002538 0.999935 -0.0111446 -0.0159246 0.00107948 0.0111419 0.999937 0.830221 
0.999998 -0.00194993 -0.000527635 -0.00640106 0.001947 0.999983 -0.00550901 -0.00082612 0.00053837 0.00550798 0.999985 0.841747 
0.999998 -0.0010421 -0.0012821 -0.00104523 0.00104945 0.999983 0.00574527 -0.00869733 0.00127609 -0.00574661 0.999983 0.835213 
0.999995 -0.00310857 -0.0010667 0.00242615 0.00311661 0.999966 0.00762503 -0.0103743 0.00104295 -0.00762832 0.99997 0.83952 
0.999999 -0.00107334 -0.000367481 -0.00450134 0.00107453 0.999994 0.00323128 -0.018558 0.000364015 -0.00323167 0.999995 0.829908 
1 0.000473419 0.000710465 -0.0119171 -0.000473026 1 -0.000559608 -0.0154576 -0.000710728 0.000559274 1 0.828238 
0.999994 0.00352051 0.000503067 -9.91821e-05 -0.00351993 0.999993 -0.00113752 -0.0159122 -0.000507064 0.00113574 0.999999 0.817204 
0.999996 0.00225416 0.00172366 -0.00102997 -0.00225397 0.999997 -0.00011088 -0.0147499 -0.0017239 0.000106996 0.999999 0.810646 
0.999996 -0.00013089 0.00263738 -0.0113907 0.000130579 1 0.000119348 -0.0177948 -0.00263741 -0.000119005 0.999997 0.82292 
0.999995 0.0023345 0.00231897 -0.00666809 -0.00233424 0.999997 -0.000111283 -0.015003 -0.00231922 0.000105871 0.999997 0.809992 
0.999998 0.00102422 0.00175884 0.000297546 -0.00102336 0.999999 -0.000491673 -0.0158304 -0.00175935 0.000489872 0.999998 0.797981 
0.999996 0.00177604 0.00210848 -0.00600433 -0.00177721 0.999998 0.000551956 -0.0108953 -0.0021075 -0.000555705 0.999998 0.80294 
0.999998 -0.000385217 0.00207149 -9.91821e-05 0.000382322 0.999999 0.00139845 -0.0172286 -0.00207201 -0.00139765 0.999997 0.794132 
0.999998 0.000472066 0.00196056 -0.00564575 -0.00047239 1 0.000164751 -0.0201018 -0.00196048 -0.000165677 0.999998 0.793232 
0.999999 -0.000671083 0.00151975 0.00697327 0.000673113 0.999999 -0.00133453 -0.0105016 -0.00151887 0.00133555 0.999998 0.769676 
1 -0.000221554 0.000870105 -0.00252533 0.00022168 1 -0.000148569 -0.0145924 -0.000870064 0.00014876 1 0.781467 
0.999996 -0.00244544 0.00119255 -0.000740051 0.00244412 0.999996 0.00111218 -0.0129173 -0.00119527 -0.00110927 0.999999 0.779087 
0.999998 -0.000403635 0.00195635 -0.00944519 0.000402399 1 0.000632703 -0.0113593 -0.00195661 -0.000631917 0.999998 0.776169 
0.999997 0.00204499 0.00104982 0.00387573 -0.00204575 0.999998 0.000718173 -0.0247661 -0.00104835 -0.000720316 0.999999 0.750389 
0.999997 0.00207117 0.00135974 -0.0111465 -0.00207255 0.999997 0.00101153 -0.0139399 -0.00135764 -0.00101435 0.999998 0.757332 
0.999998 0.00133603 0.0010833 -0.0100784 -0.00133743 0.999998 0.00129603 -0.0162716 -0.00108156 -0.00129747 0.999999 0.741253 
1 -0.000103939 0.000636172 -0.00154877 0.000103854 1 0.000133447 -0.0157306 -0.000636179 -0.00013338 1 0.714535 
1 -0.000773773 0.000192024 -0.0049057 0.000774277 0.999996 -0.00263622 -0.0147078 -0.00018999 0.00263637 0.999997 0.702248 
1 0.000318266 -4.40441e-05 -0.000328064 -0.000318378 0.999996 -0.00265723 -0.0160491 4.31985e-05 0.00265724 0.999996 0.712479 
0.999998 0.0018187 6.05024e-05 -0.00661469 -0.00181859 0.999997 -0.00171736 -0.0125766 -6.36242e-05 0.00171725 0.999998 0.699295 
1 -0.000190425 0.000124991 -0.00148773 0.000190524 1 -0.00079083 -0.0129714 -0.000124842 0.000790853 1 0.694241 
0.999998 -0.00183139 -1.62981e-05 -0.00087738 0.00183139 0.999998 0.000275542 -0.0132365 1.58027e-05 -0.000275572 1 0.699795 
1 -9.99123e-05 0.00011893 -0.00172424 9.98853e-05 1 0.000258664 -0.0101652 -0.00011896 -0.000258653 1 0.690704 
0.999994 0.00347662 0.000692334 -0.0147247 -0.0034764 0.999994 -0.000328316 -0.0108345 -0.000693467 0.000325909 1 0.692116 
0.999997 0.00254405 -5.82598e-05 -0.0101242 -0.00254406 0.999997 -0.000165729 -0.0162978 5.78277e-05 0.000165877 1 0.68169 
0.999996 -0.002725 -0.000124738 -0.0040741 0.00272515 0.999996 0.00124233 -0.00830603 0.000121351 -0.00124267 0.999999 0.683914 
1 -0.000292192 0.000508823 0.00821686 0.000291882 1 0.000610053 -0.0112133 -0.000509005 -0.000609898 1 0.669743 
0.999985 0.00399073 0.0036344 -0.00710297 -0.00399289 0.999992 0.000585419 -0.0157397 -0.00363204 -0.000599922 0.999993 0.67448 
0.999978 0.00388144 0.00533016 -0.00809479 -0.00388274 0.999992 0.000233885 -0.0150018 -0.00532922 -0.000254579 0.999986 0.674473 
0.999974 -0.00426546 0.00585211 0.00817871 0.0042901 0.999982 -0.004205 -0.0046711 -0.00583407 0.00422999 0.999974 0.659058 
0.999976 -0.0028032 0.00631125 0.0170441 0.00282022 0.999992 -0.00268908 -0.00788522 -0.00630365 0.00270681 0.999976 0.679314 
0.999969 0.00228169 0.00751606 -0.00261688 -0.00227019 0.999996 -0.00153797 -0.0141013 -0.00751954 0.00152087 0.999971 0.70013 
0.999977 0.00334395 0.0058383 0.00528717 -0.00335006 0.999994 0.00103748 -0.0163133 -0.0058348 -0.00105702 0.999982 0.636093 
0.999985 0.000103544 0.00543404 -0.000106812 -0.000109126 1 0.00102679 -0.00682378 -0.00543394 -0.00102736 0.999985 0.692886 
0.999987 0.00259751 0.00429821 0.00241089 -0.00259493 0.999997 -0.000605849 -0.0120306 -0.00429978 0.000594687 0.999991 0.69239 
0.999988 0.00238479 0.00438599 -0.00744629 -0.00238606 0.999997 0.00028476 -0.00611496 -0.00438531 -0.000295218 0.99999 0.694065 
0.999997 0.000285874 0.00245458 0.00365448 -0.000295335 0.999992 0.0038543 -0.0147274 -0.00245345 -0.00385502 0.99999 0.708347 
0.999995 -0.00255274 0.00185474 -0.00115204 0.00254731 0.999992 0.00292714 -0.00974941 -0.00186224 -0.00292241 0.999994 0.725033 
0.999999 -0.000250248 0.00166069 -0.00243378 0.000246153 0.999997 0.00246716 -0.0101509 -0.00166126 -0.00246675 0.999995 0.712875 
0.999999 0.00104846 0.000811279 -0.000740051 -0.00104866 0.999999 0.000253983 -0.0101409 -0.000811011 -0.000254832 1 0.72728 
0.999998 -0.00201047 0.000798836 -0.00727844 0.00201359 0.99999 -0.00392252 -0.00743198 -0.000790954 0.00392412 0.999992 0.739037 
0.999985 -0.005422 0.000261314 0.00460052 0.00542273 0.999981 -0.00288724 -0.0178552 -0.000245661 0.00288861 0.999996 0.744545 
0.999978 -0.00653443 0.00104389 0.00798798 0.00653836 0.999971 -0.00381268 -0.0174491 -0.00101893 0.00381941 0.999992 0.745853 
0.999998 -0.00202807 0.0005548 0.00346375 0.0020289 0.999997 -0.00149512 -0.00193763 -0.000551775 0.00149625 0.999999 0.748478 
0.999998 0.0021591 0.000257798 -0.00843048 -0.00215966 0.999995 0.00215875 -0.00911498 -0.000253156 -0.0021593 0.999998 0.754845 
1 -0.000642239 9.94578e-05 -0.00358582 0.000641705 0.999986 0.00530892 -0.0117006 -0.000102833 -0.00530886 0.999986 0.753933 
0.999998 -0.00174114 3.65973e-05 0.00180817 0.00174109 0.999997 0.00148089 -0.00900841 -3.91975e-05 -0.00148082 0.999999 0.754848 
0.999999 -0.00112175 0.000803784 0.00454712 0.00112113 0.999999 0.000785081 -0.0178978 -0.00080467 -0.000784175 0.999999 0.741207 
0.999997 0.00161005 0.00160164 -0.00646973 -0.00160868 0.999998 -0.000850496 -0.0149915 -0.00160301 0.000847915 0.999998 0.750626 
0.999996 0.00108811 0.00237844 -0.00650787 -0.00108585 0.999999 -0.00094982 -0.0114019 -0.00237948 0.000947235 0.999997 0.741219 
0.999996 -0.00144715 0.00236759 0.00136566 0.00144737 0.999999 -9.15689e-05 -0.0129485 -0.00236744 9.49894e-05 0.999997 0.746395 
0.999998 -0.000124628 0.00183827 -0.00120544 0.000124923 1 -0.000160271 -0.0109112 -0.00183827 0.000160507 0.999998 0.74894 
0.999998 0.000109619 0.00190451 0.00278473 -0.000110296 1 0.000353047 -0.0126824 -0.00190447 -0.000353254 0.999998 0.752491 
0.999996 0.00216627 0.00170005 -0.00550079 -0.00216532 0.999998 -0.000559125 -0.0108583 -0.00170129 0.000555431 0.999999 0.752823 
0.999999 0.000104136 0.00107361 -0.00263214 -0.000102459 0.999999 -0.00156102 -0.0133548 -0.00107373 0.00156092 0.999998 0.753815 
1 0.000160816 0.000488728 -0.000511169 -0.000160639 1 -0.000363805 -0.00806093 -0.00048884 0.000363724 1 0.769718 
0.999998 0.00121017 0.00169744 -0.00777435 -0.00120959 0.999999 -0.000345864 -0.0116351 -0.00169788 0.00034381 0.999999 0.771294 
0.999999 -0.000580492 0.00121292 -0.00596619 0.000578756 0.999999 0.00143062 -0.00196767 -0.00121373 -0.00142992 0.999998 0.783089 
0.999998 0.00214565 0.000793785 -0.0030365 -0.00214736 0.999995 0.00216871 -0.0105038 -0.000789091 -0.00217041 0.999997 0.785168 
0.999993 0.00325328 0.0021307 -0.0132141 -0.003256 0.999994 0.0012728 -0.00486469 -0.00212654 -0.00127973 0.999997 0.797188 
0.999998 -0.000842369 0.00186682 0.00973511 0.000840046 0.999999 0.00124561 -0.02016 -0.00186783 -0.00124404 0.999997 0.780544 
0.999998 -0.00149144 0.0016169 -0.00308228 0.00149253 0.999999 -0.000676056 -0.00863504 -0.00161585 0.000678466 0.999999 0.804207 
0.999997 0.000685151 0.00242579 -0.000732422 -0.000681323 0.999998 -0.00157815 -0.00931191 -0.00242688 0.00157649 0.999996 0.801601 
0.999998 -0.00111229 0.00176536 -0.00467682 0.00111739 0.999995 -0.00289186 -0.0191505 -0.00176214 0.00289383 0.999994 0.80555 
0.999997 -0.00220643 0.000402018 -0.0027771 0.00220794 0.99999 -0.00379653 -0.0080986 -0.000393629 0.0037974 0.999993 0.826382 
0.999999 -0.000964879 0.000908419 0.00884247 0.000968254 0.999993 -0.00372095 -0.0204723 -0.000904843 0.00372183 0.999993 0.816803 
0.999998 -0.00223508 2.11447e-05 -0.003479 0.00223511 0.999997 -0.000983418 -0.00781798 -1.89543e-05 0.00098346 1 0.833496 
0.999994 -0.00335152 -0.00052008 -0.000518799 0.0033522 0.999994 0.0013122 -0.0116681 0.000515714 -0.00131395 0.999999 0.839752 
1 -0.000827312 -0.000165358 0.00170135 0.000827651 0.999998 0.00205873 -0.0103917 0.000163659 -0.00205887 0.999998 0.839035 
0.999999 0.00101311 -0.0012126 -0.00114441 -0.00101152 0.999999 0.00132 -0.0115011 0.00121394 -0.00131878 0.999998 0.853554 
0.999999 0.000245538 -0.00126287 -0.0220947 -0.000242218 0.999996 0.00262329 -0.0127441 0.00126347 -0.00262298 0.999996 0.85804 
0.999999 -0.000456486 -0.00139667 -0.0107269 0.000460915 0.999995 0.00317084 -0.00929332 0.00139521 -0.00317147 0.999994 0.863213 
0.999998 -0.000438426 -0.00179921 -0.00146484 0.00044458 0.999994 0.00342583 -0.013756 0.00179772 -0.00342662 0.999992 0.85627 
0.999997 0.00185342 -0.00177172 -0.0100174 -0.00185336 0.999998 3.6702e-05 -0.0179536 0.00177176 -3.34191e-05 0.999998 0.855713 
0.999999 -0.000585006 -0.00146043 -0.0044632 0.000578985 0.999991 -0.00412129 -0.017525 0.00146282 0.00412043 0.99999 0.860352 
0.999998 -0.00106421 -0.00165834 -0.00661469 0.00105388 0.99998 -0.00621871 -0.0134828 0.00166486 0.00621695 0.999979 0.8545 
0.999997 0.00202052 -0.00169878 -0.00547028 -0.00202678 0.999991 -0.00369182 -0.00817966 0.00169134 0.00369525 0.999992 0.852882 
0.999998 0.0011454 -0.00154771 -0.0059433 -0.00114192 0.999997 0.00224352 -0.00746655 0.00155027 -0.00224175 0.999996 0.866714 
0.999999 -5.91706e-05 -0.00106805 -0.00512695 6.20205e-05 0.999996 0.00266958 -0.0131359 0.00106789 -0.00266965 0.999996 0.86451 
0.999999 -0.00102652 -0.000732169 -0.00214386 0.00102794 0.999998 0.00194186 -0.0139995 0.000730142 -0.00194261 0.999998 0.864868 
1 0.000727344 -0.000642836 -0.00930786 -0.000727291 1 7.96771e-05 -0.0126157 0.000642963 -7.92077e-05 1 0.883461 
1 0.00039855 -0.000789195 -0.00196838 -0.000398557 1 -5.84882e-06 -0.0125883 0.000789218 6.16314e-06 1 0.866257 
0.999997 -0.00240304 -0.000287041 -0.00688934 0.00240363 0.999995 0.00207801 -0.0158479 0.000282034 -0.00207869 0.999998 0.873955 
0.999997 -0.00226111 -0.00109144 -0.000419617 0.00226235 0.999997 0.00113736 -0.018466 0.00108887 -0.00113983 0.999999 0.873642 
0.999998 -0.00210803 -0.000568487 -0.00292206 0.00210738 0.999997 -0.00115265 -0.0142975 0.000570901 0.00115145 0.999999 0.858032 
0.999999 -0.000782607 -0.000891887 -0.00302124 0.000780545 0.999997 -0.00231066 -0.0125167 0.000893712 0.00230996 0.999997 0.86702 
0.999996 0.00275459 -0.00096333 -0.00728607 -0.00275636 0.999995 -0.00183799 -0.0127851 0.000958242 0.00184064 0.999998 0.863724 
0.999986 0.00535333 -0.000383079 -0.00906372 -0.0053518 0.999978 0.0039013 -0.0131413 0.000404 -0.00389919 0.999992 0.87574 
0.99999 0.00442591 0.000241458 -0.0158615 -0.00442626 0.999989 0.00144593 -0.017349 -0.000235043 -0.00144699 0.999999 0.865845 
0.999992 0.00370347 0.0013817 -0.014473 -0.00370253 0.999993 -0.000682596 -0.0184968 -0.00138423 0.000677472 0.999999 0.832504 
0.999995 0.00290258 0.00112731 -0.00384521 -0.00289683 0.999983 -0.00507158 -0.0149746 -0.00114204 0.0050683 0.999987 0.860443 
0.999999 0.00089251 0.000858851 -0.0090332 -0.000890209 0.999996 -0.00267405 -0.0106661 -0.00086125 0.00267327 0.999996 0.847595 
1 -0.000449387 0.000517033 -0.0032959 0.000449567 1 -0.000347955 -0.0112407 -0.000516847 0.000348192 1 0.845833 
0.999999 -0.00104675 0.000523835 -0.0001297 0.00104643 0.999999 0.000621993 -0.0153093 -0.000524476 -0.000621442 1 0.834526 
0.999998 -0.00176802 0.000100993 0.00302887 0.00176808 0.999998 -0.000559715 -0.0153308 -0.000100017 0.00055989 1 0.841904 
0.999999 -0.00155468 0.000686966 -0.00782776 0.00155673 0.999994 -0.00299246 -0.0153692 -0.000682279 0.00299352 0.999995 0.824638 
1 0.000331417 0.000700034 -0.00271606 -0.000330367 0.999999 -0.00150135 -0.0114019 -0.000700556 0.00150112 0.999999 0.820694 
0.999998 0.00161933 0.00104156 -0.00608826 -0.0016187 0.999999 -0.000602946 -0.0118573 -0.00104256 0.000601264 0.999999 0.810638 
0.999995 0.00199506 0.00247396 -0.00914001 -0.00199856 0.999997 0.00141524 -0.0201836 -0.00247109 -0.00142019 0.999996 0.810516 
0.999996 0.000143916 0.00294589 -0.00235748 -0.000140965 0.999999 -0.00100179 -0.0219233 -0.00294603 0.00100137 0.999995 0.810013 
0.999993 0.000629141 0.00369963 -0.0101013 -0.000618003 0.999995 -0.00301066 -0.0121939 -0.00370146 0.00300836 0.999989 0.805168 
0.999993 0.00122536 0.00349616 -0.00646973 -0.00122019 0.999998 -0.00148172 -0.00975013 -0.00349797 0.00147744 0.999993 0.789574 
0.999996 -1.07286e-05 0.00278182 0.00437164 1.05118e-05 1 7.7515e-05 -0.015393 -0.00278178 -7.74932e-05 0.999996 0.797661 
0.999994 -0.00109161 0.0032513 0.000846863 0.00108569 0.999998 0.00181949 -0.0187945 -0.00325334 -0.00181595 0.999993 0.76619 
0.999995 -0.00173827 0.00247192 -0.00647736 0.00174051 0.999998 -0.000902398 -0.0096314 -0.00247033 0.000906695 0.999997 0.798355 
0.999988 0.00450801 0.00194813 -0.00715637 -0.00449875 0.999979 -0.00473549 -0.018219 -0.00196947 0.00472667 0.999987 0.77478 
0.999997 0.00232408 0.00127761 -0.00236511 -0.0023149 0.999972 -0.00714012 -0.0226767 -0.0012942 0.00713714 0.999974 0.773865 
0.99999 -0.003492 0.00277464 0.00498199 0.00349851 0.999991 -0.00234647 -0.00325155 -0.0027664 0.00235616 0.999993 0.778008 
0.999992 -0.00222474 0.003224 -0.00138855 0.00222014 0.999997 0.00142901 0.000843883 -0.00322716 -0.00142185 0.999994 0.767067 
0.999993 0.00181583 0.00329611 -0.00380707 -0.00184119 0.999969 0.00770545 -0.0114655 -0.00328201 -0.00771146 0.999965 0.78038 
0.999997 0.000984134 0.00218923 0.000312805 -0.000989108 0.999997 0.00227226 -0.0213649 -0.002187 -0.00227441 0.999995 0.763817 
0.999998 0.000774197 0.00166817 -0.00527954 -0.000768963 0.999995 -0.00313736 -0.0126531 -0.00167061 0.00313607 0.999994 0.765038 
0.999991 0.00292461 0.00323412 -0.0118484 -0.00291182 0.999988 -0.00395049 -0.0116711 -0.00324562 0.00394102 0.999987 0.769928 
0.999997 0.00057142 0.00247239 -0.00262451 -0.000565031 0.999997 -0.00258493 -0.0124607 -0.00247382 0.00258353 0.999994 0.751717 
0.999991 -0.00385514 0.0019428 0.00748444 0.00386231 0.999986 -0.00370212 -0.0145254 -0.00192851 0.00370958 0.999991 0.754059 
0.999996 -0.000222146 0.00257272 -0.0107498 0.000232768 0.999991 -0.00412961 -0.0135456 -0.00257182 0.0041302 0.999988 0.760277 
0.999996 0.000880415 0.00271365 0.00440979 -0.000873818 0.999997 -0.0024298 -0.00935674 -0.00271574 0.00242741 0.999993 0.727364 
0.999997 -0.00095138 0.00225578 -0.00719452 0.000946153 0.999997 0.00231477 -0.00259125 -0.00225799 -0.00231263 0.999995 0.782623 
0.999984 -0.00393954 0.00415078 0.00634766 0.00392226 0.999984 0.00416164 -0.0109025 -0.00416712 -0.00414528 0.999983 0.747948 
0.999977 -0.002018 0.00644818 0.00037384 0.00200731 0.999996 0.00166488 -0.0101291 -0.00645152 -0.00165191 0.999978 0.736794 
0.999979 0.0017507 0.00626382 0.000244141 -0.00175931 0.999997 0.00136954 -0.0169888 -0.00626142 -0.00138052 0.999979 0.741348 
0.999961 0.00126736 0.00873496 0.00450897 -0.00126346 0.999999 -0.000452535 -0.0118262 -0.00873549 0.000441486 0.999962 0.719231 
0.999943 0.000990104 0.010616 -0.000228882 -0.000987181 1 -0.000280636 -0.0186595 -0.0106164 0.000270143 0.999944 0.73008 
0.999928 7.71554e-06 0.0119997 0.013855 1.90549e-06 1 -0.00080185 -0.0115312 -0.0119997 0.000801819 0.999928 0.731834 
0.999909 9.99123e-06 0.0135232 0.00255585 4.02704e-06 0.999999 -0.00103651 -0.00850379 -0.0135232 0.00103647 0.999908 0.729492 
0.999926 -0.00232948 0.011954 0.0132141 0.00232091 0.999997 0.000731165 -0.0145199 -0.0119557 -0.000703369 0.999928 0.730797 
0.999932 -0.00293422 0.0112916 0.021698 0.00292221 0.999995 0.00108023 -0.015159 -0.0112947 -0.00104716 0.999936 0.719193 
0.999934 -0.0037208 0.0108294 0.0115356 0.00371256 0.999993 0.000780298 -0.00634515 -0.0108322 -0.000740029 0.999941 0.729515 
0.999941 -0.00482588 0.00973141 0.0114746 0.00481858 0.999988 0.000773839 -0.0118797 -0.00973508 -0.000726904 0.999952 0.719353 
