1 0 0 0 0 1 0 -7e-09 0 0 1 0 
0.999998 0.00158729 0.00143519 0.00181889 -0.00158865 0.999998 0.00095175 0.00680687 -0.00143367 -0.000954028 0.999999 -0.563981 
1 0.000185468 0.000966667 0.00400396 -0.000187062 0.999999 0.00164842 0.00853541 -0.00096636 -0.0016486 0.999998 -0.555611 
0.999998 0.000738279 0.00212531 -0.001227 -0.000740242 0.999999 0.000923271 0.015994 -0.00212463 -0.000924842 0.999997 -0.565516 
0.999997 0.0018526 0.00186578 0.00715505 -0.00185631 0.999996 0.00198763 0.00288343 -0.00186209 -0.00199109 0.999996 -0.567029 
0.999997 0.00250705 0.000702796 0.0183694 -0.00250819 0.999996 0.00163819 0.0175281 -0.000698685 -0.00163995 0.999999 -0.544408 
0.999998 0.00112675 0.00139469 0.00342752 -0.00112766 0.999999 0.000649999 0.00794489 -0.00139395 -0.000651575 0.999999 -0.56941 
0.999999 -5.95341e-06 0.00126877 0.00660151 6.79589e-06 1 -0.000663647 0.00834508 -0.00126876 0.000663658 0.999999 -0.580484 
0.999999 0.000487338 0.00108269 0.00348669 -0.000487794 1 0.000420195 0.00948757 -0.00108248 -0.000420725 0.999999 -0.595193 
0.999999 -0.000639508 0.00130605 0.00260899 0.000635963 0.999996 0.00271307 0.0101197 -0.00130779 -0.00271223 0.999996 -0.591971 
0.999998 -0.00170984 0.0011163 0.00903745 0.00170565 0.999992 0.00374182 0.00687267 -0.00112268 -0.00373991 0.999992 -0.602602 
0.999998 -0.00121124 0.00142466 0.00445864 0.00120605 0.999993 0.00363503 0.00250136 -0.00142905 -0.0036333 0.999992 -0.615431 
0.999997 -0.00194948 0.00121828 0.00656148 0.00194941 0.999998 5.98226e-05 0.00200976 -0.0012184 -5.7444e-05 0.999999 -0.630837 
0.999997 -0.00216837 0.00124891 0.00206062 0.00217679 0.999974 -0.0067832 0.00206066 -0.00123417 0.0067859 0.999976 -0.638569 
1 -0.000723595 0.000542635 0.006617 0.000729423 0.999941 -0.0108167 0.0154895 -0.000534775 0.0108171 0.999941 -0.658616 
0.999999 -0.00068846 0.000837687 0.00520811 0.000693929 0.999978 -0.00654634 0.0140387 -0.000833165 0.00654692 0.999978 -0.685464 
0.999996 -0.00238454 0.00150986 0.0038297 0.00238266 0.999996 0.0012454 0.0156609 -0.00151282 -0.0012418 0.999998 -0.683286 
0.999998 -0.00202419 0.000593875 0.00928994 0.00201984 0.999972 0.00722182 0.00343245 -0.000608478 -0.00722061 0.999974 -0.692615 
0.999999 0.00012677 0.00108177 0.00503139 -0.000133151 0.999983 0.00590205 -0.00472744 -0.001081 -0.00590219 0.999982 -0.709461 
0.999996 0.00245971 0.00121672 -0.00165615 -0.00245777 0.999996 -0.00159328 -0.00228791 -0.00122064 0.00159029 0.999998 -0.738595 
1 0.000487198 0.000398505 0.00287631 -0.000483488 0.999957 -0.00925749 0.0155465 -0.000403004 0.0092573 0.999957 -0.74575 
1 0.000580219 0.000216944 0.00494993 -0.000578575 0.999972 -0.0075045 0.0137168 -0.000221288 0.00750437 0.999972 -0.776731 
0.999999 0.000978505 0.000603413 0.00409617 -0.000977042 0.999997 -0.00241799 0.0119848 -0.000605782 0.0024174 0.999997 -0.791431 
0.999998 0.00173753 0.000351019 -0.004323 -0.00173787 0.999998 0.000983163 0.00969884 -0.000349309 -0.000983772 0.999999 -0.80493 
1 0.000417341 -0.000671489 0.00296823 -0.000415678 0.999997 0.00247705 0.0076322 0.000672525 -0.00247677 0.999997 -0.813542 
0.999996 -0.00280465 -0.000712343 0.00712947 0.00280694 0.999991 0.00323054 0.00743058 0.000703275 -0.00323253 0.999995 -0.835727 
0.999994 0.00328323 -0.000695076 -0.000463949 -0.00327907 0.999977 0.00589541 0.00160916 0.000714412 -0.0058931 0.999982 -0.858335 
0.999996 0.00259979 -0.00068453 -0.00108185 -0.00259554 0.999978 0.00614541 0.00560601 0.000700498 -0.00614361 0.999981 -0.870544 
0.999999 -0.00115725 -0.0011183 6.54645e-05 0.00116333 0.999984 0.00544493 0.00192251 0.00111198 -0.00544623 0.999984 -0.904301 
0.999999 -0.00126786 -0.000438921 0.00843675 0.00126823 0.999999 0.000852644 0.00342395 0.000437833 -0.0008532 1 -0.905144 
1 -8.17445e-05 0.000720926 -0.000912484 8.2075e-05 1 -0.000458454 0.0074242 -0.000720887 0.000458512 1 -0.936699 
0.999999 -0.00154676 -0.000129258 0.00868668 0.00154692 0.999998 0.00120943 0.0131796 0.000127388 -0.00120963 0.999999 -0.941822 
0.999995 -0.00315755 1.65664e-05 -0.00514143 0.00315751 0.999993 0.00203734 0.0103195 -2.30018e-05 -0.00203728 0.999998 -0.964085 
0.999995 -0.00322926 0.000285715 0.00701493 0.00322901 0.999994 0.000865321 0.00698122 -0.000288509 -0.000864392 1 -0.965485 
0.999998 -0.00168327 -0.000363547 0.0171226 0.00168324 0.999999 -9.54252e-05 0.0120175 0.000363708 9.4818e-05 1 -0.984451 
0.999999 -0.0010997 0.000132758 0.00664053 0.00109969 0.999999 5.69429e-05 0.0104731 -0.000132825 -5.67995e-05 1 -0.973118 
1 0.000462581 0.000743996 -0.00753497 -0.000462598 1 2.62707e-05 0.0102709 -0.00074398 -2.66135e-05 1 -0.973452 
0.999999 -0.00133174 0.000235338 0.000145458 0.00133203 0.999998 -0.00120329 0.021336 -0.000233736 0.0012036 0.999999 -1.01788 
1 -0.000666092 0.000282196 0.00435562 0.000666676 0.999998 -0.00207829 0.0147677 -0.000280812 0.00207848 0.999998 -1.01834 
1 -0.000550003 0.000309186 0.00491563 0.000550422 0.999999 -0.00135167 0.0182042 -0.000308435 0.00135184 0.999999 -1.01995 
1 -0.000363568 0.000120964 0.000310205 0.000363433 0.999999 0.0010959 0.01138 -0.000121361 -0.00109586 0.999999 -1.03594 
0.999999 -0.00120896 0.000297124 0.00456104 0.00120861 0.999999 0.00117754 0.0148745 -0.000298545 -0.00117717 0.999999 -1.01945 
1 0.000477202 0.000433588 0.0048479 -0.00047675 0.999999 -0.00104033 0.0151811 -0.000434088 0.00104013 0.999999 -1.03609 
1 4.19363e-05 0.000376264 0.00847914 -4.10012e-05 0.999997 -0.00249209 0.0131193 -0.000376364 0.00249207 0.999997 -1.05711 
1 0.000251335 0.000575883 0.0028472 -0.000249268 0.999993 -0.00358636 0.0168732 -0.000576787 0.00358622 0.999993 -1.05854 
1 -0.000165593 0.000443634 0.00739987 0.000166538 0.999998 -0.00213117 0.0154355 -0.000443276 0.00213125 0.999998 -1.06174 
1 0.000476834 0.000570912 0.00262845 -0.000476313 1 -0.00091178 0.0221162 -0.000571344 0.000911507 0.999999 -1.06505 
1 0.000446778 0.000497036 0.00669622 -0.000447561 0.999999 0.00157848 0.0145298 -0.000496333 -0.00157871 0.999999 -1.07713 
1 -0.000902835 0.000682384 0.00317127 0.000902532 1 0.000448131 0.0172021 -0.000682782 -0.000447514 1 -1.09476 
1 0.000218454 0.000593701 0.0073836 -0.000217842 1 -0.00103184 0.0109026 -0.000593925 0.00103171 0.999999 -1.08475 
1 2.89677e-05 0.000363369 0.0204697 -2.83331e-05 0.999998 -0.0017541 0.0178701 -0.000363417 0.00175409 0.999998 -1.09672 
0.999999 0.000457113 0.00096694 -0.00123878 -0.000454332 0.999996 -0.00287316 0.0266159 -0.000968251 0.00287272 0.999995 -1.08947 
0.999998 -0.00170976 0.000668531 -0.00846329 0.00170958 0.999999 0.000260071 0.0232053 -0.000668978 -0.000258929 1 -1.08551 
0.999999 -0.00133072 0.000505297 0.00490722 0.0013289 0.999993 0.00358836 0.0191436 -0.000510063 -0.00358769 0.999994 -1.07649 
0.999999 -0.00131525 -0.000346527 0.0140545 0.00131669 0.99999 0.00420903 0.012982 0.000340981 -0.00420949 0.999991 -1.08256 
1 -0.000717264 -0.000346811 0.0194006 0.000717356 1 0.000273954 0.0144352 0.000346621 -0.000274203 1 -1.07087 
1 0.000193458 0.000379555 -0.0129145 -0.000192371 0.999996 -0.00284738 0.0260205 -0.000380108 0.00284731 0.999996 -1.14023 
1 -0.000396334 -0.000206964 0.00522903 0.00039589 0.999998 -0.00213522 0.0209985 0.000207815 0.00213514 0.999998 -1.08852 
0.999999 0.00152094 -1.71289e-05 0.00925686 -0.00152096 0.999998 -0.00107176 0.0156311 1.54953e-05 0.00107178 0.999999 -1.08257 
1 -0.000356342 -0.000271363 0.00261314 0.000356571 1 0.000849558 0.0212055 0.000271056 -0.000849655 1 -1.09865 
1 0.000628252 -0.000109231 0.000824519 -0.000628056 0.999998 0.00179861 0.0184802 0.000110362 -0.00179854 0.999998 -1.11224 
1 5.11016e-05 -0.000296939 -0.000601783 -5.04286e-05 0.999997 0.00225043 0.0124793 0.000297057 -0.00225041 0.999997 -1.09171 
1 0.000741892 -0.000133086 0.00477825 -0.000741621 0.999998 0.00204425 0.0273109 0.000134597 -0.00204415 0.999998 -1.09789 
0.999999 0.00139397 -0.000618314 0.0121091 -0.00139178 0.999993 0.00351573 0.0173689 0.000623215 -0.00351487 0.999994 -1.07927 
0.999999 0.00163534 1.03358e-05 -0.00215081 -0.00163535 0.999997 0.00173902 0.0149421 -7.49715e-06 -0.00173904 0.999999 -1.08607 
0.999999 0.00159687 -0.000549994 0.00652262 -0.00159825 0.999996 -0.00252792 0.0221909 0.000545956 0.0025288 0.999997 -1.08661 
0.999999 0.00128091 3.43099e-05 0.000272373 -0.0012807 0.999983 -0.00567941 0.0180479 -4.15798e-05 0.00567937 0.999984 -1.1132 
0.999998 0.00173823 -2.31713e-06 -0.00352291 -0.00173822 0.999981 -0.00594182 0.0204279 -8.00937e-06 0.00594181 0.999982 -1.09164 
0.999999 0.00155684 -0.000189193 0.0027881 -0.00155695 0.999999 -0.000566628 0.0207105 0.000188308 0.000566923 1 -1.09891 
0.999995 0.00320454 0.000104181 -0.00393094 -0.00320484 0.99999 0.00310901 0.011853 -9.42182e-05 -0.00310933 0.999995 -1.09559 
0.999999 0.00136024 -0.000462467 0.0103989 -0.00135875 0.999994 0.00322172 0.0145305 0.000466846 -0.00322109 0.999995 -1.08732 
0.999997 -0.00253402 -2.47918e-05 0.0111324 0.00253409 0.99999 0.00371081 0.0248436 1.53854e-05 -0.00371086 0.999993 -1.10386 
1 -0.000233971 0.000102084 0.00184306 0.000233534 0.999991 0.00426261 0.011144 -0.000103079 -0.00426259 0.999991 -1.09357 
0.999995 -0.00306097 -0.000893205 0.015658 0.00306154 0.999995 0.000634322 0.0129748 0.000891266 -0.00063705 0.999999 -1.10063 
0.999994 -0.00350551 -0.000966873 0.0180145 0.00350206 0.999988 -0.00354536 0.0201104 0.000979276 0.00354196 0.999993 -1.10936 
0.999999 -0.00120944 -0.000134273 0.00749832 0.00120915 0.999997 -0.00217851 0.0174317 0.000136914 0.00217834 0.999998 -1.09566 
1 0.000607945 0.000153147 0.00161959 -0.000607864 1 -0.000523843 0.0152532 -0.000153465 0.000523748 1 -1.10114 
0.999999 0.00137955 3.66978e-05 -0.00098902 -0.00137952 0.999999 -0.000872351 0.0223459 -3.78937e-05 0.000872296 0.999999 -1.10243 
0.999999 0.00105607 2.72784e-05 0.00689349 -0.00105603 0.999998 -0.00148233 0.0211302 -2.88412e-05 0.0014823 0.999999 -1.09151 
0.999998 0.00169033 0.000389194 0.00220205 -0.00168957 0.999997 -0.00194293 0.0205134 -0.000392476 0.00194227 0.999998 -1.10236 
0.999999 0.00121005 0.000844013 0.0017916 -0.00120833 0.999997 -0.00203661 0.0290287 -0.000846479 0.00203559 0.999998 -1.10095 
1 0.000503535 0.000416433 0.00614144 -0.000503917 0.999999 0.000917712 0.0245951 -0.000415973 -0.000917921 1 -1.08836 
1 0.000238269 0.000822607 -0.00207993 -0.000241646 0.999991 0.00410678 0.0136653 -0.000821622 -0.00410698 0.999991 -1.07197 
0.999999 -0.00114955 0.000525916 0.00844137 0.00114846 0.999997 0.00206886 0.02021 -0.000528293 -0.00206825 0.999998 -1.10479 
0.999998 -0.00180408 0.000710571 0.00413636 0.0018054 0.999997 -0.00185382 0.0182593 -0.000707226 0.00185509 0.999998 -1.08421 
0.999999 -0.00115963 0.000418091 0.0112803 0.00116129 0.999991 -0.00398924 0.0193772 -0.000413455 0.00398972 0.999992 -1.08976 
0.999999 -0.00116674 0.000481753 0.00850855 0.00116864 0.999991 -0.00396773 0.0219535 -0.000477124 0.00396829 0.999992 -1.07487 
0.999999 -0.00117429 0.000742359 0.00652009 0.00117485 0.999999 -0.000755246 0.0254257 -0.000741469 0.00075612 0.999999 -1.08105 
1 0.000396266 0.000355843 0.00831547 -0.000396977 0.999998 0.00200309 0.0238961 -0.000355054 -0.00200323 0.999998 -1.07919 
1 -8.52916e-05 0.000164358 0.0096907 8.51281e-05 0.999999 0.000983742 0.0147805 -0.000164436 -0.000983727 1 -1.06687 
1 0.000231239 0.000466852 0.00737981 -0.000231287 1 0.000103085 0.0207032 -0.000466827 -0.000103194 1 -1.05969 
0.999998 0.00160311 0.0015152 -0.0108429 -0.00160259 0.999999 -0.000344719 0.0238053 -0.00151574 0.000342289 0.999999 -1.04479 
0.999999 0.00129076 0.000545245 0.00291854 -0.00129009 0.999998 -0.00121294 0.0172937 -0.000546809 0.00121224 0.999999 -1.02563 
1 -8.08815e-05 0.000401068 0.00695539 8.20956e-05 0.999996 -0.00302905 0.0303671 -0.000400823 0.00302908 0.999995 -1.0077 
0.999999 0.00104642 0.00100321 0.00456199 -0.00104542 0.999999 -0.000994333 0.0277355 -0.00100424 0.000993282 0.999999 -0.989304 
0.999997 0.00117608 0.00217225 0.00417393 -0.00117527 0.999999 -0.000373543 0.0216293 -0.0021727 0.000370991 0.999997 -0.95433 
0.999996 0.000404488 0.00290619 0.00879693 -0.000407775 0.999999 0.00112986 0.023989 -0.00290573 -0.00113105 0.999995 -0.934486 
0.999992 0.000558032 0.003973 -0.00281739 -0.000561051 1 0.000759001 0.0199144 -0.00397258 -0.000761224 0.999992 -0.941376 
0.999996 0.000399079 0.00298942 0.0055958 -0.000397463 1 -0.00054109 0.0214241 -0.00298962 0.000539898 0.999996 -0.892815 
0.999995 -0.00130563 0.00298449 0.00950944 0.00130861 0.999999 -0.000997233 0.0217681 -0.00298318 0.00100113 0.999995 -0.872917 
0.999995 -0.000706797 0.0031224 0.00801206 0.000710414 0.999999 -0.00115805 0.0240824 -0.00312157 0.00116026 0.999995 -0.843712 
0.999994 -0.00119995 0.0032334 0.00326657 0.00120406 0.999998 -0.00126822 0.0172575 -0.00323188 0.00127211 0.999994 -0.817848 
0.999996 -0.00131331 0.00233957 0.0122764 0.0013156 0.999999 -0.000976785 0.0233569 -0.00233828 0.00097986 0.999997 -0.796822 
0.999994 -0.00204754 0.00267563 0.00478053 0.0020484 0.999998 -0.00032088 0.0188942 -0.00267497 0.000326358 0.999996 -0.766151 
0.999995 -0.00167897 0.00270705 0.00472808 0.00167631 0.999998 0.000982915 0.0230994 -0.00270869 -0.000978372 0.999996 -0.729393 
0.999996 -0.00165769 0.00249701 0.01138 0.00164859 0.999992 0.00364245 0.0198557 -0.00250302 -0.00363832 0.99999 -0.699661 
0.999993 -0.00267408 0.00256985 0.00958419 0.00266469 0.99999 0.00364939 0.014924 -0.00257958 -0.00364252 0.99999 -0.667168 
0.999996 -0.00201025 0.00179964 0.0159326 0.0020052 0.999994 0.00279789 0.011571 -0.00180527 -0.00279428 0.999994 -0.653015 
0.999998 -0.00203465 0.000910446 0.00369334 0.00203383 0.999998 0.000899152 0.0148673 -0.000912286 -0.000897297 0.999999 -0.618874 
0.999997 -0.00236984 -0.000793718 0.00107932 0.00236931 0.999997 -0.00067188 0.0170642 0.000795312 0.000669995 0.999999 -0.591499 
0.999986 -0.00392749 -0.00339681 0.0125294 0.00392214 0.999991 -0.00157745 0.0140179 0.00340299 0.00156411 0.999993 -0.567085 
0.999982 -0.00241463 -0.00542834 0.00453067 0.00240683 0.999996 -0.00144194 0.0115201 0.00543177 0.00142885 0.999984 -0.543648 
0.999973 -0.000802893 -0.00738651 -0.000855923 0.00078341 0.999996 -0.00264034 0.0197058 0.00738862 0.00263448 0.999969 -0.519249 
0.999954 0.000240983 -0.00955632 -0.00399888 -0.000266588 0.999996 -0.00267775 0.0140743 0.00955563 0.00268018 0.999951 -0.507812 
0.999931 0.000488313 -0.0117355 -0.0064108 -0.000503188 0.999999 -0.00126459 0.0105283 0.0117348 0.00127041 0.99993 -0.482323 
0.999914 0.00110178 -0.0130883 -0.01442 -0.00111133 0.999999 -0.000722663 0.0176277 0.0130876 0.000737146 0.999914 -0.456291 
0.999886 9.16704e-05 -0.0151082 -0.0109582 -8.40789e-05 1 0.000503082 0.0114625 0.0151083 -0.000501755 0.999886 -0.43708 
0.999832 0.0015119 -0.0182615 -0.00897503 -0.00146578 0.999996 0.00253824 0.010715 0.0182653 -0.00251105 0.99983 -0.425232 
0.999777 0.000419868 -0.0211331 -0.0203443 -0.000336831 0.999992 0.00393281 0.0130777 0.0211345 -0.00392481 0.999769 -0.411316 
0.999695 0.0024431 -0.0245703 -0.0188046 -0.00233665 0.999988 0.00436041 0.00554454 0.0245807 -0.00430166 0.999689 -0.407707 
0.999626 0.00230319 -0.0272569 -0.0250196 -0.00223933 0.999995 0.00237325 0.00365794 0.0272622 -0.00231133 0.999626 -0.404755 
0.999549 0.00292506 -0.0298811 -0.0302277 -0.00290998 0.999996 0.000547899 0.00813949 0.0298826 -0.0004607 0.999553 -0.400543 
0.999455 0.00248756 -0.0329062 -0.0243778 -0.00243408 0.999996 0.00166528 0.00585926 0.0329101 -0.00158428 0.999457 -0.386726 
0.999339 0.00342297 -0.036202 -0.0266018 -0.00339407 0.999994 0.000860008 0.0158234 0.0362048 -0.000736569 0.999344 -0.350822 
0.999225 0.00306776 -0.0392298 -0.0357399 -0.00306571 0.999995 0.0001124 0.00823969 0.03923 7.95443e-06 0.99923 -0.381218 
0.999133 0.00261417 -0.0415563 -0.0256004 -0.00258668 0.999996 0.000715265 0.0082711 0.041558 -0.000607151 0.999136 -0.369705 
0.999068 -0.000590696 -0.0431587 -0.0282516 0.000617601 1 0.000610074 0.0132798 0.0431582 -0.000636156 0.999068 -0.348808 
0.998878 -0.00214768 -0.0473062 -0.0168762 0.00216857 0.999997 0.000390168 0.00466251 0.0473053 -0.000492319 0.99888 -0.346039 
0.998837 -0.000987225 -0.0481955 -0.0292091 0.000930113 0.999999 -0.00120743 0.00257814 0.0481966 0.00116119 0.998837 -0.362236 
0.998787 0.000266328 -0.0492407 -0.0277748 -0.000342904 0.999999 -0.0015467 0.00827098 0.0492403 0.00156171 0.998786 -0.357674 
0.998728 0.00123063 -0.0504103 -0.0329399 -0.00120649 0.999999 0.000509328 0.00558293 0.0504108 -0.00044786 0.998729 -0.339165 
0.998787 0.000611157 -0.0492486 -0.0431671 -0.000472113 0.999996 0.00283492 0.00286555 0.0492501 -0.00280823 0.998782 -0.361801 
0.9987 -0.0001955 -0.0509661 -0.0279655 0.000347578 0.999995 0.00297498 0.0144253 0.0509654 -0.00298883 0.998696 -0.348267 
0.998672 -0.001696 -0.0514871 -0.0293808 0.0018934 0.999991 0.00378537 0.0113288 0.0514802 -0.00387782 0.998667 -0.368469 
0.998523 -0.00488671 -0.054105 -0.0225296 0.00510694 0.999979 0.00393293 -0.00114068 0.0540849 -0.00420343 0.998528 -0.358109 
0.998436 -0.00372116 -0.0557854 -0.0228195 0.0038632 0.99999 0.00243857 -0.00157484 0.0557755 -0.00265027 0.99844 -0.365448 
0.998484 9.05972e-05 -0.0550475 -0.0386429 -4.93303e-05 1 0.000750985 0.00123954 0.0550476 -0.000747131 0.998483 -0.368118 
0.99851 0.00258047 -0.0545126 -0.0475693 -0.00266417 0.999995 -0.00146289 0.00215265 0.0545086 0.00160594 0.998512 -0.370705 
0.998427 -9.91225e-05 -0.056062 -0.0352936 -3.19295e-05 0.999997 -0.00233681 -0.00542775 0.056062 0.00233493 0.998425 -0.379074 
0.998415 -0.00195902 -0.0562483 -0.0395203 0.00180637 0.999995 -0.00276449 0.0107378 0.0562536 0.00265851 0.998413 -0.380722 
0.998483 0.000885245 -0.0550489 -0.0701141 -0.0010371 0.999996 -0.00273007 -0.00051403 0.0550459 0.00278303 0.99848 -0.333488 
0.998318 0.00175973 -0.0579515 -0.0369644 -0.00194307 0.999993 -0.00310735 0.000810027 0.0579456 0.00321473 0.998314 -0.398067 
0.998341 -0.00339634 -0.0574731 -0.0262451 0.00330281 0.999993 -0.00172232 0.00934327 0.0574786 0.00152964 0.998345 -0.398018 
0.998493 -0.00498541 -0.0546446 -0.0343552 0.00517822 0.999981 0.00338736 0.00223708 0.0546267 -0.00366522 0.9985 -0.409401 
0.998559 -0.000680237 -0.0536681 -0.0199432 0.000953035 0.999987 0.00505764 -0.00483429 0.053664 -0.00510149 0.998546 -0.411339 
0.998799 -0.000784769 -0.0489963 -0.0210419 0.000888046 0.999997 0.00208615 0.00604892 0.0489946 -0.00212717 0.998797 -0.418793 
0.999077 0.00602642 -0.0425329 -0.0398254 -0.00597678 0.999981 0.00129431 0.00194955 0.0425399 -0.00103891 0.999094 -0.425642 
0.99934 0.00754634 -0.0355486 -0.0417862 -0.00750708 0.999971 0.00123802 0.00167561 0.0355569 -0.000970337 0.999367 -0.432873 
0.999506 0.00301428 -0.0312735 -0.0242691 -0.00295627 0.999994 0.00190052 0.00274473 0.031279 -0.00180714 0.999509 -0.455801 
0.999596 -0.00289433 -0.0282807 -0.0127335 0.0028372 0.999994 -0.00205987 0.00213576 0.0282865 0.00197881 0.999598 -0.477427 
0.999653 -0.00694136 -0.0254064 -0.0106964 0.00683844 0.999968 -0.00413565 0.000696659 0.0254343 0.00396048 0.999669 -0.493377 
0.999711 -0.00507225 -0.0234891 -0.0112457 0.00496058 0.999976 -0.00480994 0.0108701 0.0235129 0.00469204 0.999713 -0.510371 
0.999731 0.00308497 -0.0230103 -0.00248718 -0.00313345 0.999993 -0.00207101 0.0135669 0.0230038 0.00214256 0.999733 -0.515889 
0.999764 0.00765378 -0.0203193 -0.0244522 -0.00763206 0.99997 0.00114601 0.00680709 0.0203275 -0.000990666 0.999793 -0.535467 
0.999833 0.00441228 -0.0177348 -0.0184402 -0.004366 0.999987 0.00264721 0.00692371 0.0177462 -0.00256933 0.999839 -0.551624 
0.999896 0.000377802 -0.0144131 0.00315857 -0.000302128 0.999986 0.00525219 -0.00501323 0.0144149 -0.00524728 0.999882 -0.597425 
0.999937 -0.00297927 -0.0108259 0.00964355 0.00303439 0.999982 0.00507909 -0.0095055 0.0108106 -0.00511163 0.999928 -0.616773 
0.99998 0.00226967 -0.00596265 -0.0142212 -0.00227139 0.999998 -0.000282808 -0.0037258 0.005962 0.000296349 0.999982 -0.633578 
0.999974 0.00666517 -0.0027505 -0.00713348 -0.00667348 0.999973 -0.00302453 -0.00179076 0.00273026 0.0030428 0.999992 -0.645877 
1 0.00091831 0.000105722 -4.57764e-05 -0.000918098 0.999998 -0.0020451 0.0112914 -0.000107598 0.002045 0.999998 -0.65085 
0.999997 -0.00177675 0.0019719 0.00920105 0.0017771 0.999998 -0.000174901 0.0049448 -0.00197159 0.000178406 0.999998 -0.668016 
0.999995 -0.00250019 0.00195056 -0.00279236 0.00250004 0.999997 7.78251e-05 0.013036 -0.00195075 -7.2942e-05 0.999998 -0.697012 
0.999999 -0.000527624 0.00108174 0.00959778 0.00052646 0.999999 0.00107627 -0.00106204 -0.00108231 -0.00107571 0.999999 -0.715179 
1 -0.000768973 0.000643989 0.00930023 0.00076839 0.999999 0.000900619 0.00880736 -0.000644686 -0.000900123 0.999999 -0.723269 
0.999999 -0.000791412 0.00101105 0.00457764 0.000791727 1 -0.000306813 0.00651735 -0.0010108 0.000307609 0.999999 -0.753286 
0.999999 -0.00127287 0.000609461 0.00512695 0.00127361 0.999998 -0.00123043 0.00546047 -0.000607897 0.0012312 0.999999 -0.756638 
1 0.000742601 0.00029647 0.00603485 -0.000742188 0.999999 -0.00139248 0.00948691 -0.000297502 0.00139226 0.999999 -0.766708 
1 0.000520654 -0.000216017 -0.00234985 -0.000521123 0.999997 -0.00215523 0.00862673 0.000214886 0.00215534 0.999998 -0.796341 
0.999996 -0.00251795 -0.00111609 0.00939941 0.0025159 0.999995 -0.00183287 0.0143447 0.0011207 0.00183005 0.999998 -0.790952 
0.999999 -0.000610782 -0.0013084 0.00301361 0.000609675 0.999999 -0.000848719 0.00792597 0.00130892 0.000847922 0.999999 -0.79254 
0.999997 0.00183769 -0.00156855 0.00392914 -0.00184206 0.999994 -0.00278779 0.0109105 0.00156342 0.00279067 0.999995 -0.804596 
0.999997 0.00220603 -0.000766356 -0.00714874 -0.00220707 0.999997 -0.00135318 0.0111186 0.000763368 0.00135487 0.999999 -0.818302 
0.999995 -0.0027703 -0.00166233 0.00514221 0.00276846 0.999996 -0.00111177 0.0159109 0.0016654 0.00110717 0.999998 -0.827005 
0.999996 -0.00284885 -0.000627462 0.00450897 0.00285196 0.999983 0.00501543 0.0046432 0.000613162 -0.0050172 0.999987 -0.823895 
0.999998 0.00152908 -0.00109811 0.00757599 -0.00152406 0.999989 0.00455577 0.0108669 0.00110506 -0.00455409 0.999989 -0.836802 
1 0.000321172 -0.000939548 0.00186157 -0.000319591 0.999998 0.00168703 0.00927091 0.00094009 -0.00168673 0.999998 -0.83856 
0.999993 -0.00345427 -0.00177543 0.0129013 0.00345097 0.999992 -0.00185722 0.00663793 0.00178183 0.00185108 0.999997 -0.849306 
0.999995 -0.00295532 -0.00104562 0.0127335 0.00295061 0.999986 -0.00447309 0.0190833 0.00105884 0.00446998 0.999989 -0.849899 
0.999999 -0.0017765 -0.000404086 0.00548553 0.00177442 0.999986 -0.0050762 0.0134733 0.000413109 0.00507547 0.999987 -0.854208 
0.999993 -0.00368408 3.35425e-05 0.00832367 0.00368421 0.999978 -0.00558044 0.0187347 -1.29864e-05 0.00558053 0.999984 -0.841333 
0.999997 -0.00244486 0.000217397 0.00943756 0.00244516 0.999996 -0.00140026 0.0199807 -0.000213969 0.00140079 0.999999 -0.850273 
0.999997 0.00255443 0.000636738 0.00683594 -0.00255872 0.999973 0.00682327 0.0182085 -0.000619294 -0.00682488 0.999977 -0.839155 
0.999996 0.002538 0.00107948 -0.00179291 -0.00254988 0.999935 0.0111419 0.00667572 -0.00105113 -0.0111446 0.999937 -0.830345 
0.999998 0.001947 0.00053837 0.00595093 -0.00194993 0.999983 0.00550798 -0.00382239 -0.000527641 -0.00550901 0.999985 -0.841742 
0.999999 0.00104945 0.00127609 -2.28882e-05 -0.0010421 0.999983 -0.00574661 0.0134963 -0.0012821 0.00574527 0.999983 -0.835146 
0.999995 0.00311662 0.00104296 -0.00326538 -0.00310857 0.999966 -0.00762832 0.0167859 -0.00106669 0.00762503 0.99997 -0.839413 
0.999999 0.00107452 0.000364011 0.00421906 -0.00107334 0.999994 -0.00323167 0.0212355 -0.000367483 0.00323127 0.999995 -0.829845 
1 -0.000473024 -0.000710731 0.0125046 0.000473423 1 0.000559272 0.0149999 0.000710465 -0.000559611 1 -0.828238 
0.999994 -0.00351993 -0.000507068 0.000465393 0.0035205 0.999993 0.00113574 0.0149843 0.000503061 -0.00113752 0.999999 -0.817217 
0.999996 -0.00225397 -0.0017239 0.00239563 0.00225416 0.999997 0.000106995 0.014665 0.00172365 -0.000110881 0.999999 -0.81064 
0.999996 0.000130579 -0.0026374 0.0135727 -0.00013089 1 -0.000119004 0.017891 0.00263739 0.00011935 0.999996 -0.822887 
0.999995 -0.00233424 -0.00231923 0.00852203 0.00233449 0.999997 0.00010587 0.014933 0.00231897 -0.000111285 0.999997 -0.809978 
0.999998 -0.00102335 -0.00175934 0.00108337 0.00102422 1 0.000489872 0.0154394 0.00175886 -0.000491674 0.999998 -0.797983 
0.999996 -0.00177721 -0.0021075 0.00766754 0.00177604 0.999998 -0.000555701 0.0113525 0.00210848 0.000551958 0.999998 -0.802917 
0.999998 0.000382322 -0.00207203 0.00174713 -0.000385219 0.999999 -0.00139765 0.0183388 0.00207148 0.00139845 0.999997 -0.794102 
0.999998 -0.000472391 -0.00196048 0.00719452 0.000472068 1 -0.000165677 0.020236 0.00196056 0.00016475 0.999998 -0.793213 
0.999999 0.000673111 -0.00151885 -0.00579834 -0.000671084 0.999999 0.00133555 0.00947833 0.00151977 -0.00133453 0.999998 -0.769695 
1 0.000221684 -0.000870075 0.0032196 -0.00022155 1 0.000148762 0.0144756 0.000870097 -0.000148569 1 -0.781467 
0.999996 0.00244412 -0.00119526 0.00170898 -0.00244544 0.999997 -0.00110926 0.0137799 0.00119255 0.00111218 0.999999 -0.779072 
0.999998 0.000402397 -0.0019566 0.0109711 -0.000403637 1 -0.000631913 0.0118461 0.00195635 0.000632705 0.999998 -0.776138 
0.999997 -0.00204574 -0.00104835 -0.00314331 0.00204499 0.999998 -0.000720318 0.0252992 0.00104981 0.000718171 0.999999 -0.750378 
0.999997 -0.00207255 -0.00135764 0.0121536 0.00207117 0.999997 -0.00101435 0.0147314 0.00135973 0.00101153 0.999999 -0.757305 
0.999998 -0.00133743 -0.00108157 0.0108566 0.00133603 0.999998 -0.00129747 0.0172472 0.0010833 0.00129603 0.999998 -0.741226 
1 0.000103856 -0.000636183 0.00198364 -0.000103939 1 -0.00013338 0.0158262 0.000636164 0.000133445 1 -0.714523 
1 0.000774276 -0.000189982 0.00505066 -0.000773774 0.999996 0.00263637 0.0128529 0.000192028 -0.00263622 0.999996 -0.702282 
1 -0.000318381 4.32022e-05 0.000289917 0.000318261 0.999996 0.00265724 0.0141559 -4.40404e-05 -0.00265723 0.999996 -0.712528 
0.999998 -0.00181859 -6.36242e-05 0.00662994 0.0018187 0.999997 0.00171725 0.0113883 6.05024e-05 -0.00171736 0.999999 -0.699314 
1 0.000190523 -0.000124842 0.00157928 -0.000190425 1 0.000790853 0.0124216 0.000124991 -0.000790828 1 -0.694241 
0.999998 0.00183139 1.57915e-05 0.000900269 -0.00183139 0.999998 -0.000275572 0.0134273 -1.63019e-05 0.000275542 1 -0.699783 
1 9.98834e-05 -0.00011896 0.00180817 -9.99151e-05 1 -0.000258653 0.0103436 0.00011893 0.000258666 1 -0.690701 
0.999994 -0.00347639 -0.000693467 0.0151596 0.00347662 0.999994 0.000325907 0.0106604 0.000692323 -0.000328316 1 -0.692112 
0.999997 -0.00254406 5.78389e-05 0.0100479 0.00254405 0.999997 0.000165875 0.0162101 -5.82449e-05 -0.000165729 1 -0.68169 
0.999996 0.00272516 0.000121348 0.00402832 -0.002725 0.999995 -0.00124267 0.00914478 -0.000124738 0.00124234 0.999999 -0.683895 
1 0.000291882 -0.000509005 -0.00786591 -0.000292193 1 -0.000609902 0.0116241 0.000508823 0.000610047 1 -0.669735 
0.999985 -0.00399289 -0.00363204 0.00949097 0.00399073 0.999992 -0.000599922 0.0161731 0.00363439 0.000585419 0.999993 -0.674438 
0.999978 -0.00388274 -0.00532921 0.0116348 0.00388144 0.999992 -0.000254576 0.0152051 0.00533017 0.000233888 0.999986 -0.674416 
0.999974 0.0042901 -0.00583407 -0.00431824 -0.00426546 0.999982 0.00422999 0.00191736 0.0058521 -0.004205 0.999974 -0.659111 
0.999976 0.00282022 -0.00630365 -0.0127487 -0.0028032 0.999992 0.00270681 0.00609446 0.00631123 -0.00268908 0.999977 -0.679428 
0.999969 -0.00227019 -0.00751954 0.00784302 0.00228168 0.999996 0.00152086 0.0130429 0.00751606 -0.00153798 0.99997 -0.700111 
0.999977 -0.00335006 -0.0058348 -0.00162506 0.00334395 0.999994 -0.00105702 0.0169678 0.0058383 0.00103749 0.999982 -0.636093 
0.999985 -0.000109125 -0.00543395 0.00387573 0.000103544 0.999999 -0.00102736 0.00753665 0.00543404 0.00102678 0.999985 -0.692867 
0.999987 -0.00259493 -0.00429977 0.000534058 0.00259751 0.999996 0.000594687 0.0116129 0.00429822 -0.000605847 0.999991 -0.69241 
0.999987 -0.00238606 -0.00438529 0.0104675 0.00238479 0.999997 -0.000295222 0.0063374 0.004386 0.000284756 0.99999 -0.694031 
0.999997 -0.000295334 -0.00245345 -0.00192261 0.000285876 0.999992 -0.00385501 0.0174575 0.00245456 0.0038543 0.99999 -0.70829 
0.999995 0.00254731 -0.00186219 0.00253296 -0.00255274 0.999993 -0.00292241 0.0118659 0.00185478 0.00292714 0.999994 -0.725002 
0.999999 0.000246151 -0.00166129 0.00361633 -0.00025025 0.999997 -0.00246674 0.011909 0.00166065 0.00246716 0.999996 -0.712837 
0.999999 -0.00104866 -0.000811011 0.00131226 0.00104846 0.999999 -0.000254831 0.0103269 0.000811264 0.000253981 1 -0.727272 
0.999998 0.00201359 -0.000790939 0.00787354 -0.00201047 0.99999 0.00392412 0.00451708 0.000798829 -0.00392252 0.999992 -0.739052 
0.999985 0.00542273 -0.000245653 -0.00431824 -0.005422 0.999981 0.00288861 0.0157285 0.000261314 -0.00288723 0.999996 -0.744598 
0.999978 0.00653836 -0.00101896 -0.0071106 -0.00653443 0.999971 0.00381942 0.014652 0.00104389 -0.00381268 0.999992 -0.745926 
0.999998 0.0020289 -0.000551768 -0.00305176 -0.00202807 0.999997 0.00149624 0.000824809 0.000554822 -0.00149513 0.999999 -0.748482 
0.999998 -0.00215965 -0.000253148 0.00860596 0.0021591 0.999995 -0.0021593 0.0107627 0.000257812 0.00215875 0.999998 -0.754818 
1 0.000641703 -0.00010287 0.00366211 -0.000642241 0.999986 -0.00530886 0.0157003 9.94205e-05 0.00530893 0.999986 -0.753864 
0.999998 0.00174109 -3.91677e-05 -0.00177002 -0.00174114 0.999997 -0.00148083 0.0101292 3.66122e-05 0.00148089 0.999999 -0.754833 
0.999999 0.00112112 -0.000804663 -0.00392151 -0.00112176 0.999999 -0.000784177 0.0184846 0.000803791 0.000785077 0.999999 -0.741199 
0.999997 -0.00160868 -0.00160301 0.00764465 0.00161004 0.999998 0.000847917 0.0143654 0.00160164 -0.000850493 0.999998 -0.750626 
0.999997 -0.00108585 -0.00237947 0.00826263 0.00108811 0.999999 0.000947233 0.0107071 0.00237845 -0.000949819 0.999997 -0.741207 
0.999996 0.00144737 -0.00236745 0.000419617 -0.00144715 0.999999 9.49955e-05 0.0128798 0.00236757 -9.15623e-05 0.999997 -0.746407 
0.999998 0.000124922 -0.00183826 0.00258636 -0.00012463 1 0.000160503 0.0107915 0.00183828 -0.000160277 0.999998 -0.748936 
0.999998 -0.000110291 -0.00190447 -0.0013504 0.000109622 1 -0.000353258 0.0129485 0.0019045 0.000353044 0.999998 -0.752487 
0.999996 -0.00216532 -0.00170126 0.0067749 0.00216627 0.999997 0.000555439 0.0104518 0.00170008 -0.000559114 0.999998 -0.752819 
0.999999 -0.00010246 -0.00107378 0.00343323 0.000104137 0.999999 0.00156091 0.0121779 0.00107356 -0.00156103 0.999998 -0.753841 
1 -0.000160639 -0.000488803 0.00087738 0.000160818 1 0.000363723 0.00778127 0.000488788 -0.000363802 1 -0.769737 
0.999998 -0.00120959 -0.00169787 0.00906372 0.00121017 0.999999 0.000343808 0.01138 0.00169747 -0.000345862 0.999999 -0.771294 
0.999999 0.000578756 -0.00121373 0.00691223 -0.000580491 0.999999 -0.00142992 0.00308347 0.00121291 0.00143062 0.999998 -0.783081 
0.999997 -0.00214736 -0.000789106 0.00363159 0.00214565 0.999996 -0.00217041 0.0122132 0.00079377 0.00216871 0.999997 -0.785141 
0.999992 -0.003256 -0.00212656 0.0148926 0.00325328 0.999994 -0.00127973 0.00592685 0.0021307 0.00127281 0.999997 -0.797142 
0.999998 0.000840044 -0.00186783 -0.00826263 -0.000842369 0.999999 -0.00124404 0.0211387 0.00186682 0.00124561 0.999998 -0.780537 
0.999997 0.00149253 -0.00161585 0.00437927 -0.00149144 0.999999 0.000678466 0.00808477 0.00161687 -0.000676055 0.999998 -0.804207 
0.999997 -0.000681323 -0.00242685 0.00266266 0.00068515 0.999999 0.00157649 0.00804877 0.0024258 -0.00157815 0.999996 -0.801617 
0.999998 0.0011174 -0.00176215 0.00611115 -0.00111229 0.999995 0.00289383 0.0168147 0.00176536 -0.00289186 0.999994 -0.805588 
0.999997 0.00220794 -0.000393629 0.00311279 -0.00220643 0.99999 0.0037974 0.00495505 0.000402004 -0.00379653 0.999993 -0.826416 
0.999999 0.000968253 -0.000904828 -0.00808716 -0.00096488 0.999993 0.00372183 0.0174413 0.000908449 -0.00372095 0.999993 -0.816887 
0.999998 0.0022351 -1.89394e-05 0.00351715 -0.00223509 0.999997 0.000983461 0.00699079 2.11447e-05 -0.000983418 1 -0.833504 
0.999994 0.0033522 0.00051567 0.0001297 -0.00335152 0.999993 -0.00131394 0.0127692 -0.000520125 0.00131221 0.999999 -0.839745 
1 0.00082765 0.000163659 -0.00184631 -0.000827311 0.999997 -0.00205887 0.0121205 -0.000165358 0.00205873 0.999998 -0.839012 
0.999999 -0.00101151 0.00121391 7.62939e-05 0.00101312 0.999999 -0.00131877 0.012628 -0.0012126 0.00132001 0.999999 -0.853546 
0.999999 -0.000242221 0.0012635 0.0209961 0.000245532 0.999997 -0.00262298 0.0150006 -0.00126284 0.00262329 0.999996 -0.858047 
0.999999 0.000460914 0.00139523 0.00952911 -0.000456488 0.999995 -0.00317147 0.0120268 -0.00139666 0.00317083 0.999994 -0.863182 
0.999998 0.000444584 0.00179769 -7.62939e-05 -0.00043842 0.999994 -0.00342662 0.0166895 -0.00179924 0.00342583 0.999993 -0.856209 
0.999997 -0.00185337 0.00177178 0.008461 0.00185343 0.999998 -3.34177e-05 0.0180006 -0.0017717 3.67032e-05 0.999998 -0.855736 
0.999999 0.000578985 0.00146283 0.00321198 -0.000585006 0.999991 0.00412043 0.0139773 -0.00146042 -0.00412128 0.99999 -0.860413 
0.999998 0.00105388 0.00166489 0.00521851 -0.00106421 0.99998 0.00621695 0.00816345 -0.00165828 -0.00621871 0.999979 -0.854584 
0.999996 -0.00202678 0.0016913 0.00402069 0.00202052 0.999991 0.00369525 0.00503838 -0.00169879 -0.00369182 0.999992 -0.852913 
0.999998 -0.00114192 0.00155027 0.0045929 0.0011454 0.999997 -0.00224175 0.00941622 -0.00154769 0.00224352 0.999996 -0.866699 
0.999999 6.20224e-05 0.0010679 0.0042038 -5.91688e-05 0.999996 -0.00266965 0.0154428 -0.00106805 0.00266959 0.999996 -0.864479 
0.999999 0.00102794 0.000730179 0.00151825 -0.00102652 0.999998 -0.00194261 0.0156767 -0.000732146 0.00194186 0.999998 -0.864838 
1 -0.000727292 0.000642903 0.00872803 0.000727343 1 -7.9211e-05 0.0126927 -0.000642896 7.96756e-05 1 -0.883469 
1 -0.000398557 0.000789203 0.00127411 0.000398551 1 6.16652e-06 0.0125837 -0.000789203 -5.84673e-06 1 -0.866257 
0.999997 0.00240363 0.000282057 0.00666809 -0.00240304 0.999995 -0.00207869 0.017648 -0.000287019 0.00207801 0.999998 -0.873909 
0.999997 0.00226235 0.00108887 -0.000495911 -0.0022611 0.999997 -0.00113983 0.0194612 -0.00109144 0.00113736 0.999999 -0.873611 
0.999998 0.00210738 0.000570916 0.00247192 -0.00210804 0.999997 0.00115145 0.0133042 -0.000568472 -0.00115265 0.999999 -0.858055 
0.999999 0.000780543 0.00089369 0.00226593 -0.000782607 0.999997 0.00230996 0.0105118 -0.000891902 -0.00231066 0.999997 -0.867035 
0.999996 -0.00275636 0.000958271 0.00643921 0.00275459 0.999994 0.00184064 0.0112164 -0.000963308 -0.001838 0.999998 -0.863747 
0.999986 -0.0053518 0.000403963 0.0086441 0.00535334 0.999978 -0.00389919 0.0166047 -0.000383109 0.00390129 0.999992 -0.875679 
0.99999 -0.00442626 -0.000235051 0.0159836 0.00442592 0.999989 -0.00144698 0.0186713 0.000241451 0.00144593 0.999999 -0.865807 
0.999992 -0.00370253 -0.00138422 0.015564 0.00370347 0.999993 0.000677474 0.0179863 0.0013817 -0.00068259 0.999999 -0.832497 
0.999995 -0.00289683 -0.00114202 0.00479126 0.00290259 0.999983 0.00506829 0.0106242 0.00112732 -0.00507159 0.999987 -0.860504 
0.999999 -0.000890211 -0.000861228 0.00975037 0.000892509 0.999996 0.00267328 0.00840855 0.000858873 -0.00267404 0.999996 -0.84761 
1 0.000449567 -0.000516869 0.00374603 -0.000449387 1 0.00034819 0.0109448 0.000517018 -0.000347957 1 -0.845825 
0.999999 0.00104643 -0.000524491 0.000602722 -0.00104676 0.999999 -0.000621442 0.0158277 0.000523828 0.000621993 1 -0.834518 
0.999998 0.00176808 -0.000100009 -0.00289917 -0.00176802 0.999998 0.000559892 0.0148644 0.000101 -0.000559711 1 -0.841911 
0.999999 0.00155673 -0.000682302 0.00839996 -0.00155468 0.999994 0.00299352 0.0128884 0.000686944 -0.00299246 0.999995 -0.824684 
1 -0.000330365 -0.000700526 0.00328827 0.000331418 0.999999 0.00150112 0.0101714 0.000700064 -0.00150136 0.999999 -0.820709 
0.999998 -0.0016187 -0.00104254 0.00691986 0.00161932 0.999999 0.000601262 0.0113802 0.00104159 -0.000602952 0.999999 -0.810661 
0.999995 -0.00199856 -0.00247113 0.0110931 0.00199506 0.999997 -0.00142018 0.0213532 0.00247394 0.00141525 0.999996 -0.810463 
0.999996 -0.000140965 -0.00294602 0.00474548 0.000143915 1 0.00100137 0.0211129 0.0029459 -0.00100179 0.999995 -0.810028 
0.999993 -0.000618003 -0.00370151 0.0130768 0.00062914 0.999995 0.00300835 0.0097785 0.0036996 -0.00301066 0.999989 -0.805153 
0.999993 -0.00122019 -0.00349794 0.00921631 0.00122537 0.999998 0.00147744 0.00859046 0.00349617 -0.00148171 0.999993 -0.789551 
0.999996 1.05135e-05 -0.00278179 -0.00215912 -1.07277e-05 1 -7.74931e-05 0.0154538 0.00278179 7.75112e-05 0.999996 -0.797668 
0.999994 0.00108569 -0.00325328 0.00166321 -0.00109161 0.999998 -0.00181595 0.0201864 0.00325134 0.00181949 0.999993 -0.766174 
0.999996 0.00174051 -0.00247037 0.00846863 -0.00173827 0.999998 0.000906695 0.00889659 0.00247192 -0.000902395 0.999997 -0.798363 
0.999988 -0.00449875 -0.00196946 0.00859833 0.00450801 0.999979 0.00472667 0.0145886 0.00194818 -0.00473549 0.999987 -0.774849 
0.999997 -0.0023149 -0.00129415 0.00331116 0.00232408 0.999972 0.00713714 0.017158 0.00127763 -0.00714012 0.999974 -0.774002 
0.99999 0.00349851 -0.00276642 -0.00282288 -0.003492 0.999991 0.00235616 0.00143635 0.00277461 -0.00234647 0.999993 -0.77803 
0.999992 0.00222014 -0.00322716 0.0038681 -0.00222474 0.999997 -0.00142185 0.000243664 0.00322399 0.00142903 0.999994 -0.767059 
0.999993 -0.00184119 -0.00328203 0.00634003 0.00181583 0.999969 -0.00771146 0.0174892 0.00329611 0.00770545 0.999965 -0.780251 
0.999997 -0.000989109 -0.00218698 0.00132751 0.000984135 0.999997 -0.00227442 0.0231011 0.00218923 0.00227226 0.999995 -0.763779 
0.999998 -0.000768961 -0.00167058 0.00656128 0.000774199 0.999995 0.00313607 0.0102575 0.00166817 -0.00313736 0.999994 -0.765068 
0.99999 -0.00291182 -0.00324564 0.0142975 0.00292461 0.999988 0.00394103 0.00867128 0.0032341 -0.00395048 0.999987 -0.769928 
0.999997 -0.000565028 -0.00247383 0.00447083 0.000571421 0.999997 0.00258352 0.0105205 0.00247236 -0.00258494 0.999994 -0.751747 
0.999991 0.00386231 -0.00192851 -0.00597382 -0.00385514 0.999986 0.00370958 0.0117565 0.0019428 -0.00370211 0.999991 -0.754112 
0.999997 0.000232768 -0.00257181 0.0127106 -0.000222144 0.999992 0.00413019 0.0104027 0.00257277 -0.00412962 0.999988 -0.760292 
0.999996 -0.000873823 -0.0027158 -0.00244904 0.000880411 0.999997 0.00242742 0.00758755 0.00271361 -0.00242978 0.999993 -0.727386 
0.999997 0.000946156 -0.00225799 0.00894928 -0.000951374 0.999997 -0.00231263 0.00439441 0.0022558 0.00231478 0.999995 -0.782608 
0.999984 0.00392226 -0.00416711 -0.0031662 -0.00393954 0.999983 -0.00414529 0.0140275 0.00415079 0.00416163 0.999983 -0.747932 
0.999977 0.00200731 -0.0064515 0.00440216 -0.002018 0.999997 -0.0016519 0.0113465 0.00644816 0.00166489 0.999978 -0.736763 
0.999979 -0.00175931 -0.00626139 0.00435638 0.0017507 0.999997 -0.00138054 0.0180113 0.00626379 0.00136954 0.999979 -0.741302 
0.999961 -0.00126346 -0.00873551 0.00177002 0.00126736 0.999999 0.000441479 0.0115026 0.00873493 -0.000452535 0.999962 -0.719238 
0.999943 -0.000987181 -0.0106163 0.00798035 0.000990106 1 0.000270135 0.0184625 0.0106162 -0.000280639 0.999944 -0.730042 
0.999928 1.90549e-06 -0.0119997 -0.00507355 7.7174e-06 1 0.00080181 0.0109433 0.0119997 -0.00080185 0.999928 -0.731949 
0.999909 4.02564e-06 -0.0135232 0.00730896 9.9903e-06 1 0.00103647 0.00774741 0.0135232 -0.0010365 0.999908 -0.729462 
0.999926 0.00232091 -0.0119556 -0.00444031 -0.00232949 0.999997 -0.000703366 0.0150648 0.011954 0.000731165 0.999928 -0.730896 
0.999932 0.00292221 -0.0112947 -0.0135193 -0.00293422 0.999995 -0.00104716 0.0159767 0.0112916 0.00108023 0.999936 -0.719383 
0.999934 0.00371256 -0.0108322 -0.00360107 -0.0037208 0.999993 -0.000740045 0.00692719 0.0108294 0.000780287 0.999941 -0.729599 
0.999941 0.00481858 -0.00973505 -0.00442505 -0.00482588 0.999988 -0.000726906 0.0124565 0.00973147 0.000773843 0.999952 -0.719421 
