1 0 0 0 0 1 0 0 0 0 1 0 
0.999997 0.00101922 0.00206841 -0.0094926 -0.00101698 0.999999 -0.00108537 -0.0167806 -0.00206951 0.00108327 0.999997 1.20595 
0.999997 0.000372648 0.00246814 -0.0221283 -0.000373777 1 0.000456712 -0.0199325 -0.00246797 -0.000457634 0.999997 1.19886 
0.999999 -0.000436982 0.00115931 -0.00527117 0.000436669 1 0.000270711 -0.0174713 -0.00115943 -0.000270204 0.999999 1.19388 
0.999999 -0.000193126 0.000972162 -0.00373773 0.000193266 1 -0.000143205 -0.0190307 -0.000972136 0.000143392 0.999999 1.19618 
1 -0.000266897 0.000713065 -0.0034352 0.000266718 1 0.000251225 -0.0227998 -0.000713132 -0.000251035 1 1.20455 
1 0.000308465 0.00066681 -0.00161488 -0.000307841 1 -0.000935861 -0.0221184 -0.000667099 0.000935655 0.999999 1.19911 
0.999999 -0.000112144 0.00102436 -0.0103166 0.000112267 1 -0.000120226 -0.022775 -0.00102435 0.000120341 0.999999 1.18305 
1 -0.000177077 0.000172036 -0.00685845 0.00017684 0.999999 0.00137988 -0.0191621 -0.00017228 -0.00137985 0.999999 1.20235 
0.999999 -0.000550615 -0.0013145 -0.00804827 0.000552163 0.999999 0.00117731 -0.0239412 0.00131385 -0.00117804 0.999999 1.19471 
0.999996 -0.00160615 -0.00220357 -0.0119653 0.00160494 0.999998 -0.00054875 -0.0234286 0.00220445 0.000545211 0.999997 1.20101 
0.999999 0.000397812 -0.00166447 -0.016505 -0.000398598 1 -0.000471974 -0.017409 0.00166428 0.000472636 0.999999 1.19983 
0.999999 -8.63259e-06 -0.0015623 -0.000914194 8.54056e-06 1 -5.92155e-05 -0.0242651 0.0015623 5.92024e-05 0.999999 1.19209 
0.999999 0.00129859 -0.000883414 -0.00449618 -0.00129877 0.999999 -0.000209313 -0.0211776 0.000883142 0.00021046 1 1.20486 
1 -0.000211913 -0.00045326 -0.00767166 0.000211902 1 -2.47356e-05 -0.0187968 0.000453265 2.46399e-05 1 1.20197 
0.999999 -0.00089953 -0.000892289 -0.0024875 0.000899856 1 0.000364576 -0.0194542 0.000891961 -0.000365379 1 1.18777 
1 0.000204331 -0.00021841 -0.00357449 -0.000204223 1 0.000496014 -0.0250915 0.00021851 -0.000495969 1 1.19102 
0.999999 0.000237557 -0.00129793 -0.0020648 -0.000238571 1 -0.000780527 -0.0234006 0.00129774 0.000780836 0.999999 1.19581 
1 -0.000354173 0.000324466 -0.0151603 0.000354454 1 -0.000867426 -0.0240096 -0.00032416 0.000867541 1 1.20017 
0.999999 0.00111327 -0.000812041 -0.00475959 -0.00111292 0.999999 0.000432931 -0.0178665 0.000812523 -0.000432026 1 1.19618 
1 -0.000493023 -0.000494381 -0.0156319 0.000493007 1 -2.97622e-05 -0.0259367 0.000494396 2.95181e-05 1 1.1873 
1 0.000208857 -0.000925606 -0.0080948 -0.000209376 1 -0.000561846 -0.0216089 0.000925488 0.000562039 0.999999 1.19334 
1 0.000166619 -0.000898112 -0.00709685 -0.000165866 1 0.000839994 -0.0265518 0.000898252 -0.000839844 0.999999 1.19403 
0.999999 -0.00152976 -0.00049047 -0.00987983 0.00153062 0.999997 0.0017523 -0.0197763 0.000487787 -0.00175305 0.999998 1.20215 
0.999999 5.76127e-05 -0.00124304 0.00193809 -5.76649e-05 1 -4.22326e-05 -0.0208906 0.00124304 4.23042e-05 0.999999 1.19538 
0.999999 -0.000770731 -0.000825187 -0.00601536 0.000770136 0.999999 -0.000720837 -0.0233888 0.000825741 0.000720201 0.999999 1.19661 
1 -0.000143618 -0.000885393 -0.00189841 0.00014266 0.999999 -0.00108279 -0.0198785 0.000885549 0.00108266 0.999999 1.19286 
0.999999 0.000544981 -0.000773895 -0.00746521 -0.000544946 1 4.36836e-05 -0.0189433 0.000773916 -4.32617e-05 1 1.19363 
1 -0.000328463 -0.000926703 -0.00256044 0.000328897 1 0.000468797 -0.0190396 0.00092655 -0.000469101 1 1.20644 
1 -0.000453704 -0.000186976 -0.00792511 0.000453743 1 0.000208417 -0.021089 0.00018688 -0.000208502 1 1.19267 
0.999999 -0.00065902 -0.000651882 -0.000733301 0.000659166 1 0.00022626 -0.0246191 0.000651734 -0.00022669 1 1.19952 
1 5.50434e-05 -0.000616585 -0.00323074 -5.52117e-05 1 -0.000274465 -0.0183764 0.00061657 0.000274498 1 1.20168 
0.999999 -0.000989709 -0.00010478 -0.00197823 0.000989777 0.999999 0.000640053 -0.0205498 0.000104148 -0.000640157 1 1.19972 
1 0.00037154 0.000229021 -0.00967234 -0.000371868 0.999999 0.00143944 -0.024583 -0.000228487 -0.00143952 0.999999 1.21807 
1 0.000710928 -0.000202348 -0.00287372 -0.000710839 0.999999 0.000442781 -0.0143441 0.000202662 -0.000442638 1 1.20249 
1 0.00061546 0.000157041 -0.0059946 -0.000615438 1 -0.000144852 -0.0270965 -0.00015713 0.000144755 1 1.20104 
1 0.000913141 0.000194666 -0.00711158 -0.000913118 1 -0.000119568 -0.0171469 -0.000194772 0.000119389 1 1.199 
0.999998 0.00224871 0.000421406 -0.0060043 -0.00224938 0.999996 0.00158842 -0.0169997 -0.000417833 -0.00158937 0.999999 1.20264 
0.999999 0.000585553 0.00144758 -0.00420819 -0.000590192 0.999995 0.00320602 -0.0198165 -0.00144569 -0.00320687 0.999994 1.20644 
0.999997 0.000174032 0.00229063 -0.0038939 -0.000180478 0.999996 0.00281408 -0.0199046 -0.00229013 -0.00281449 0.999993 1.19591 
1 0.000372356 0.000946315 0.00333171 -0.000375369 0.999995 0.003187 -0.0175388 -0.000945123 -0.00318736 0.999995 1.20126 
0.999998 -0.0011788 0.00161024 -0.00986949 0.00117658 0.999999 0.00138327 -0.0246726 -0.00161187 -0.00138137 0.999998 1.21085 
0.999998 -0.000950464 0.00198653 -0.00389089 0.00095378 0.999998 -0.00166867 -0.0157392 -0.00198494 0.00167056 0.999997 1.21042 
0.999999 0.000954751 0.000985925 -0.00421333 -0.000953271 0.999998 -0.0015015 -0.0238886 -0.000987357 0.00150056 0.999998 1.21468 
0.999999 -4.28232e-06 0.00112724 -0.00994775 5.09435e-06 1 -0.000719923 -0.0169579 -0.00112724 0.000719927 0.999999 1.18151 
1 -0.000184419 -0.000201594 -0.00275859 0.00018429 1 -0.000634459 -0.0180129 0.000201711 0.000634422 1 1.20258 
1 -0.000325412 -0.00057047 -0.00683576 0.000324684 0.999999 -0.00127673 -0.0181369 0.000570885 0.00127655 0.999999 1.20944 
0.999999 0.000241914 -0.00146561 -0.00824341 -0.000241091 1 0.000560933 -0.0184648 0.00146574 -0.000560577 0.999999 1.20003 
0.999999 -9.98975e-05 -0.0011711 -0.008715 0.000101084 1 0.0010132 -0.0172942 0.001171 -0.00101332 0.999999 1.20514 
0.999999 -0.000251366 -0.00112904 -0.00500852 0.000252104 1 0.000653747 -0.0266756 0.00112888 -0.000654032 0.999999 1.19438 
0.999999 0.000916332 -0.00113388 -0.00402674 -0.000916733 1 -0.000353124 -0.0184315 0.00113355 0.000354163 0.999999 1.19688 
1 0.000399234 -0.000311476 -0.0123638 -0.000399243 1 -3.23625e-05 -0.024363 0.000311462 3.24873e-05 1 1.20979 
1 -0.000907609 6.49467e-05 -0.00554587 0.000907662 0.999999 -0.000821406 -0.0174074 -6.42026e-05 0.000821468 1 1.19473 
0.999999 -0.000955936 -0.000414117 -0.002334 0.000955635 0.999999 -0.000725624 -0.0257173 0.000414814 0.000725228 1 1.21856 
1 -9.43263e-05 -0.000161054 -0.00474035 9.45143e-05 0.999999 0.00116606 -0.0176255 0.000160942 -0.00116607 0.999999 1.20637 
1 -0.000753295 -0.000247653 -0.00755937 0.000753704 0.999998 0.00165411 -0.0251864 0.000246408 -0.0016543 0.999999 1.20741 
0.999999 0.00109258 -0.000182875 -0.00861399 -0.00109293 0.999998 -0.00193873 -0.0184245 0.000180755 0.00193893 0.999998 1.19138 
0.999998 0.00189985 0.000171159 -0.00956716 -0.00189966 0.999998 -0.00109415 -0.0221298 -0.00017324 0.00109383 0.999999 1.19637 
0.999998 0.00187552 -0.000244905 -0.0043721 -0.00187542 0.999998 0.000395611 -0.0219768 0.00024565 -0.000395152 1 1.19478 
0.999998 0.00213969 -6.63907e-05 -0.00655777 -0.00213968 0.999998 0.000104703 -0.0188988 6.66152e-05 -0.000104563 1 1.18926 
0.999999 0.00120411 0.000339441 -0.00890189 -0.00120428 0.999999 0.000502413 -0.023123 -0.000338838 -0.000502821 1 1.19923 
0.999999 0.000705987 0.000882712 -0.00396223 -0.000707003 0.999999 0.00115116 -0.0224602 -0.000881898 -0.00115179 0.999999 1.19417 
0.999997 0.00155471 0.00176136 -0.00274843 -0.0015559 0.999999 0.000672357 -0.0197865 -0.00176031 -0.000675096 0.999998 1.19602 
0.999995 -0.000983904 0.00306442 -0.00464061 0.000990553 0.999997 -0.00216858 -0.0269672 -0.00306228 0.00217161 0.999993 1.17599 
0.999994 -0.00270913 0.00238087 0.000481963 0.0027215 0.999983 -0.00520765 -0.0211701 -0.00236672 0.00521409 0.999984 1.17401 
0.999996 0.000974554 0.00273215 -0.00295639 -0.000974041 0.999999 -0.000188317 -0.0206454 -0.00273234 0.000185656 0.999996 1.18088 
0.999996 -0.00123982 0.00258342 2.6226e-06 0.00123012 0.999992 0.0037526 -0.0209029 -0.00258805 -0.0037494 0.99999 1.18233 
0.999994 0.000490311 0.00335363 0.000660419 -0.000494381 0.999999 0.00121252 -0.0218941 -0.00335303 -0.00121417 0.999994 1.17389 
0.999991 0.000116731 0.00428564 -0.00297701 -0.000109299 0.999999 -0.00173419 -0.0217692 -0.00428584 0.0017337 0.999989 1.1669 
0.999994 -0.00127595 0.00329347 0.00102615 0.00128577 0.999995 -0.00297952 -0.0253739 -0.00328965 0.00298374 0.99999 1.17298 
0.999994 -0.00126658 0.0033124 0.0018363 0.00127788 0.999994 -0.00341147 -0.0222354 -0.00330806 0.00341568 0.999989 1.16359 
0.999993 -0.000376668 0.00371178 -0.00197673 0.000380148 0.999999 -0.000936902 -0.0194746 -0.00371142 0.000938307 0.999993 1.15456 
0.999994 -0.000478314 0.00333393 0.00295973 0.000472672 0.999998 0.00169279 -0.0224332 -0.00333473 -0.00169121 0.999993 1.16596 
0.999991 0.0012266 0.00399929 -0.00980163 -0.00122971 0.999999 0.000775283 -0.0253412 -0.00399833 -0.000780195 0.999992 1.16254 
0.999993 -0.000728882 0.00371568 0.00390363 0.000738353 0.999996 -0.00254816 -0.0182543 -0.00371381 0.00255089 0.99999 1.15146 
0.999995 -0.000188374 0.00328378 0.000863552 0.000195585 0.999998 -0.00219547 -0.0206479 -0.00328335 0.0021961 0.999992 1.14965 
0.999996 -0.000129757 0.00299264 0.00243592 0.000130706 1 -0.000316859 -0.020528 -0.00299259 0.000317249 0.999996 1.16842 
0.999996 -0.00104189 0.00278027 0.00215721 0.00103849 0.999999 0.00122316 -0.0185261 -0.00278156 -0.00122027 0.999995 1.15688 
0.999996 -0.000415409 0.0028605 -0.00527 0.000411174 0.999999 0.00148082 -0.0177699 -0.00286111 -0.00147963 0.999995 1.16029 
0.999996 -0.00102831 0.00250201 0.0074296 0.00102403 0.999998 0.00171358 -0.0194926 -0.00250375 -0.00171101 0.999995 1.17193 
0.999996 -0.00143113 0.00244395 -0.000975132 0.00142903 0.999999 0.000864255 -0.0170425 -0.00244519 -0.000860759 0.999997 1.15887 
0.999996 -0.000944064 0.00247432 -0.00529575 0.000949534 0.999997 -0.00221093 -0.0217891 -0.00247223 0.00221327 0.999995 1.16795 
0.999996 -0.00171038 0.00206351 0.00652599 0.00171758 0.999992 -0.003492 -0.0208067 -0.00205753 0.00349553 0.999992 1.1617 
0.999998 0.000482345 0.00205649 -0.00522566 -0.000476624 0.999996 -0.00278128 -0.0216033 -0.00205782 0.00278029 0.999994 1.16776 
0.999999 -2.2836e-06 0.00163569 -0.00183916 3.78388e-06 1 -0.000918142 -0.013659 -0.00163569 0.000918148 0.999998 1.17726 
1 1.91308e-05 0.000575971 -0.0111237 -1.95434e-05 1 0.000718718 -0.0198987 -0.00057596 -0.000718729 1 1.18313 
0.999999 0.000209884 -0.00117004 0.000500202 -0.000207846 0.999998 0.00174221 -0.0150436 0.0011704 -0.00174196 0.999998 1.1868 
0.999999 -0.000466439 -0.000994857 -0.0132036 0.000467914 0.999999 0.00148182 -0.0195084 0.000994176 -0.00148229 0.999998 1.19356 
0.999998 0.000462575 -0.00209535 -0.00635099 -0.000460913 1 0.000794425 -0.0157769 0.00209572 -0.000793456 0.999997 1.19318 
0.999996 0.000268798 -0.00268112 -0.00880718 -0.00026699 1 0.000674672 -0.0203955 0.00268131 -0.000673954 0.999996 1.19531 
0.999997 0.000577732 -0.00254083 -0.0137949 -0.000578266 1 -0.000209547 -0.0190301 0.0025407 0.000211015 0.999997 1.23068 
0.999992 0.00134389 -0.00375634 -0.0153594 -0.00134665 0.999999 -0.000734534 -0.0118541 0.00375535 0.000739587 0.999993 1.20708 
0.999992 0.000517484 -0.00390575 -0.0109878 -0.000515209 1 0.000583594 -0.0172695 0.00390605 -0.000581577 0.999992 1.20354 
0.999992 0.000536711 -0.00410165 -0.00773859 -0.000532503 0.999999 0.00102697 -0.0180607 0.0041022 -0.00102477 0.999991 1.22701 
0.99999 0.000193066 -0.00443449 -0.010443 -0.000189372 1 0.000833382 -0.0220088 0.00443465 -0.000832533 0.99999 1.20776 
0.99999 0.000232001 -0.00445671 -0.0103886 -0.000229738 1 0.000508183 -0.0176336 0.00445682 -0.000507155 0.99999 1.22537 
0.999987 0.000478904 -0.00509648 -0.00784779 -0.000478489 1 8.27581e-05 -0.0182037 0.00509651 -8.03184e-05 0.999987 1.21922 
0.999988 0.000705278 -0.00478039 -0.0146675 -0.000705593 1 -6.40171e-05 -0.0218214 0.00478035 6.73901e-05 0.999989 1.23405 
0.999989 0.000445828 -0.00475312 -0.0184298 -0.00044777 1 -0.00040738 -0.0165242 0.00475293 0.000409503 0.999989 1.21937 
0.999987 0.00106745 -0.00491084 -0.00839603 -0.00106954 0.999999 -0.000423987 -0.0258746 0.00491039 0.000429235 0.999988 1.23699 
0.999992 0.00185775 -0.00345139 -0.0109125 -0.0018582 0.999998 -0.000127602 -0.020633 0.00345115 0.000134014 0.999994 1.23724 
0.999996 0.00176251 -0.00228933 -0.0106871 -0.00176206 0.999999 0.000195132 -0.020888 0.00228967 -0.000191096 0.999997 1.22468 
0.999999 0.00142012 -0.000829539 -0.0140768 -0.00142057 0.999999 -0.000540862 -0.0170263 0.00082877 0.000542039 1 1.26347 
0.999997 0.00224422 -0.00118368 -0.00647259 -0.00224394 0.999997 0.000242261 -0.0178356 0.00118422 -0.000239605 0.999999 1.24895 
0.999999 0.00121256 -0.00101817 -0.0102461 -0.00121185 0.999999 0.000702313 -0.0186355 0.00101902 -0.000701079 0.999999 1.24539 
1 -0.000262449 -0.000357168 -0.0117832 0.000262605 1 0.000426176 -0.0173653 0.000357057 -0.000426269 1 1.24818 
0.999992 0.00378704 -0.0010744 -0.0103635 -0.00378496 0.999991 0.00192965 -0.0190028 0.0010817 -0.00192557 0.999998 1.25232 
0.999999 0.00124017 -4.51851e-05 -0.0145165 -0.00124002 0.999994 0.00320776 -0.0196183 4.91627e-05 -0.0032077 0.999995 1.25324 
0.999999 -0.00113525 -0.000721778 -0.00466019 0.00113491 0.999999 -0.000476876 -0.0234928 0.000722318 0.000476058 1 1.2683 
0.999999 -0.000589592 -0.000857043 -0.00792456 0.000588349 0.999999 -0.00145158 -0.0169871 0.000857898 0.00145108 0.999999 1.25215 
0.999996 -0.00251851 -0.00103009 -0.000389814 0.0025195 0.999996 0.000963685 -0.0159342 0.00102766 -0.000966277 0.999999 1.25571 
0.999997 -0.00229129 -0.000406656 -0.0141361 0.00229198 0.999996 0.00169602 -0.0193191 0.000402768 -0.00169694 0.999999 1.26846 
0.999994 -0.00334018 -0.000523938 0.00518954 0.00334124 0.999992 0.00202482 -0.0220048 0.00051717 -0.00202656 0.999998 1.26242 
0.999998 -0.00183464 -0.000572327 -0.00153828 0.00183536 0.999997 0.00124999 -0.0220847 0.000570031 -0.00125103 0.999999 1.26765 
0.999991 -0.00418572 0.00061579 -0.0030899 0.00418695 0.999989 -0.00200898 -0.0216758 -0.000607373 0.00201154 0.999998 1.27226 
0.999997 -0.00249928 0.000103803 -0.00265324 0.00249938 0.999996 -0.000958338 -0.0199997 -0.000101407 0.00095859 1 1.27303 
0.999999 -0.00104584 0.000319529 -0.00634408 0.00104591 0.999999 -0.000239301 -0.0222449 -0.000319279 0.000239638 1 1.27074 
1 -8.26756e-05 0.00036006 -0.00349915 8.25878e-05 1 0.000241859 -0.0175838 -0.000360079 -0.000241831 1 1.2785 
1 0.000914747 0.00047587 -0.0059548 -0.00091574 0.999997 0.00209211 -0.0199938 -0.000473955 -0.00209255 0.999998 1.27164 
0.999997 0.00214136 0.000721206 -0.00536323 -0.00214251 0.999996 0.00159227 -0.027405 -0.000717794 -0.0015938 0.999998 1.29536 
1 -0.000203873 0.000304657 -0.00118232 0.000204386 0.999999 -0.00168543 -0.022922 -0.000304313 0.0016855 0.999999 1.27596 
1 0.000365851 0.000799389 -0.0130175 -0.000364526 0.999998 -0.00165807 -0.0286002 -0.000799995 0.00165778 0.999998 1.27293 
1 -0.000112276 0.000351895 -0.00258586 0.000113139 0.999997 -0.00245374 -0.0223308 -0.000351619 0.00245378 0.999997 1.27296 
0.999999 -0.00103261 0.000638243 -0.00785524 0.00103524 0.999991 -0.00413505 -0.0249531 -0.000633967 0.00413571 0.999991 1.26242 
1 0.00035716 0.000495268 -0.00135797 -0.000355469 0.999994 -0.0034117 -0.0296235 -0.000496484 0.00341152 0.999994 1.27087 
1 -0.000665705 -0.00032773 0.00108241 0.000665431 0.999999 -0.000835523 -0.0215684 0.000328286 0.000835304 1 1.27376 
1 -0.000178384 0.00031384 -0.00632864 0.000178325 1 0.000190218 -0.0240146 -0.000313873 -0.000190162 1 1.27655 
1 0.000700118 -0.000517146 -0.00394222 -0.000699814 1 0.000588376 -0.021848 0.000517559 -0.000588014 1 1.26625 
1 0.000957324 0.000288588 -0.0111271 -0.000957646 0.999999 0.00112062 -0.0251074 -0.000287516 -0.00112089 0.999999 1.27032 
1 0.000263316 -0.000396346 -0.00560655 -0.00026314 1 0.000445556 -0.0214901 0.000396465 -0.000445452 1 1.26842 
1 0.000121147 -0.000697639 -0.00574607 -0.000121423 1 -0.000395447 -0.0215204 0.00069759 0.000395532 1 1.26285 
1 0.000447809 -0.000418099 -0.0100264 -0.000447688 1 0.000287519 -0.0212194 0.000418227 -0.000287332 1 1.28755 
0.999999 -0.000697551 -0.000867615 -0.00425524 0.000698659 0.999999 0.00127883 -0.020478 0.000866721 -0.00127944 0.999999 1.27087 
0.999999 0.0014607 -0.000356587 -0.00888675 -0.00146062 0.999999 0.000210611 -0.023025 0.000356895 -0.00021009 1 1.27373 
1 3.86025e-05 -0.000939338 -0.00303698 -3.96916e-05 0.999999 -0.00115969 -0.0194287 0.000939293 0.00115973 0.999999 1.27113 
1 0.000809446 -0.000429115 -0.00914478 -0.000809947 0.999999 -0.00116902 -0.0219507 0.000428167 0.00116937 0.999999 1.25285 
0.999999 0.00102453 -0.000401355 -0.0108724 -0.00102447 1 0.000134032 -0.0227692 0.000401493 -0.000133621 1 1.26144 
0.999999 -0.000440739 -0.00101746 -0.0063206 0.000439817 1 -0.000906657 -0.0252328 0.00101786 0.000906209 0.999999 1.26907 
1 0.000272869 -0.000990977 -0.00430644 -0.000274014 0.999999 -0.00115482 -0.0204438 0.000990661 0.00115509 0.999999 1.26761 
1 1.41789e-05 -0.000517943 -0.00614047 -1.39151e-05 1 0.000507796 -0.0253395 0.000517954 -0.000507789 1 1.2757 
0.999999 0.000234559 -0.00120618 -0.00144815 -0.000233159 0.999999 0.00116145 -0.0193102 0.00120645 -0.00116117 0.999999 1.27235 
1 -0.000277853 -0.000162297 -0.00725377 0.000277977 1 0.000757462 -0.0283232 0.000162088 -0.000757508 1 1.27011 
0.999999 0.000591082 -0.00098393 -0.00536251 -0.000590807 1 0.000280663 -0.0191398 0.000984097 -0.000280081 1 1.26938 
1 0.000414819 -0.000699893 -0.00919259 -0.000414795 1 3.46785e-05 -0.0209968 0.000699904 -3.43892e-05 1 1.28625 
1 0.000409616 -8.76589e-05 -0.0134236 -0.000409664 1 -0.000537046 -0.0282238 8.74391e-05 0.000537083 1 1.23868 
1 0.000804413 -0.000324267 -0.0127053 -0.000804673 0.999999 -0.000803019 -0.0173852 0.000323624 0.000803279 1 1.27055 
1 -0.000331454 -0.00052169 -0.0131 0.000331732 1 0.000532406 -0.0207036 0.000521513 -0.000532579 1 1.25951 
1 0.000379246 3.12468e-05 -0.0105641 -0.000379215 0.999999 -0.00101503 -0.0289941 -3.16314e-05 0.00101502 0.999999 1.24678 
0.999999 -0.00116346 -0.000135069 -0.0063132 0.00116322 0.999998 -0.00179561 -0.018142 0.000137157 0.00179545 0.999998 1.26463 
0.999995 -0.00325066 -0.000124473 -0.00530875 0.00325065 0.999995 -6.33486e-05 -0.0199609 0.00012468 6.29434e-05 1 1.2695 
1 0.000652811 -0.000450475 -0.00340354 -0.000651113 0.999993 0.00376043 -0.0169053 0.000452927 -0.00376014 0.999993 1.26654 
1 -0.0007992 -4.87445e-05 -0.00589252 0.0007994 0.999991 0.00425711 -0.0215135 4.53396e-05 -0.00425715 0.999991 1.26759 
1 0.000759194 -3.18298e-05 -0.0046103 -0.000759212 1 -0.000554551 -0.0234251 3.14107e-05 0.000554575 1 1.2551 
0.999999 0.00170052 0.000526283 -0.0129433 -0.00169881 0.999993 -0.00322953 -0.0213375 -0.000531775 0.00322863 0.999995 1.24849 
1 0.000105077 -0.000714109 -0.00700665 -0.000106442 0.999998 -0.00190935 -0.0240664 0.000713909 0.00190943 0.999998 1.24544 
1 0.000342898 0.000100293 -0.0102901 -0.000342893 1 -5.41264e-05 -0.017807 -0.00010031 5.40924e-05 1 1.24829 
1 -0.000719443 1.65524e-05 -0.00315285 0.000719419 0.999999 0.00143034 -0.0245993 -1.75806e-05 -0.00143033 0.999999 1.25342 
1 3.4723e-05 -4.14476e-05 -0.00414801 -3.4625e-05 0.999997 0.00236175 -0.0245211 4.15305e-05 -0.00236175 0.999997 1.24951 
0.999999 -0.000706166 0.000989609 -0.00683951 0.000705454 1 0.000720365 -0.0257165 -0.000990118 -0.000719667 0.999999 1.23987 
0.999999 6.41174e-05 0.00136845 -0.00428867 -6.29981e-05 1 -0.000818483 -0.021378 -0.0013685 0.000818396 0.999999 1.24016 
0.999998 -0.00096121 0.0016073 -0.00902426 0.000963567 0.999998 -0.00146696 -0.025002 -0.0016059 0.00146851 0.999998 1.22737 
0.999999 -0.000372744 0.000926221 0.00105786 0.000373799 0.999999 -0.00113798 -0.0284734 -0.000925792 0.00113833 0.999999 1.24152 
0.999999 -0.000337967 0.00149275 -0.00276518 0.000338717 1 -0.0005024 -0.02403 -0.00149257 0.000502906 0.999999 1.21661 
0.999999 0.000263955 0.00146418 -0.00749522 -0.000264765 1 0.000553621 -0.0200002 -0.00146404 -0.000554007 0.999999 1.2289 
0.999999 -0.000280069 0.00115962 0.00217941 0.000277699 0.999998 0.0020435 -0.0253913 -0.00116019 -0.00204318 0.999997 1.21536 
0.999999 0.00084993 0.00128062 -0.0124836 -0.000850319 0.999999 0.000303549 -0.0261288 -0.00128036 -0.000304636 0.999999 1.21402 
0.999999 0.000158554 0.0014527 -0.010537 -0.000158411 1 -9.85106e-05 -0.0187247 -0.00145271 9.82803e-05 0.999999 1.21292 
0.999999 -0.000835843 0.000655545 -3.70145e-05 0.00083577 1 0.000110022 -0.0284066 -0.000655636 -0.000109474 1 1.21468 
0.999999 0.000724579 0.00142129 -0.0104435 -0.000725004 1 0.00029895 -0.0241377 -0.00142108 -0.000299979 0.999999 1.17383 
1 0.000366492 0.000639027 -0.00479549 -0.000366575 1 0.000128579 -0.0252202 -0.000638978 -0.000128814 1 1.19745 
0.999999 -0.000735781 0.00107837 -0.013988 0.000735663 1 0.000109402 -0.0260525 -0.00107845 -0.000108609 0.999999 1.17076 
1 -0.000543714 0.00055384 -0.00135422 0.000543838 1 -0.000222627 -0.0201573 -0.000553719 0.000222927 1 1.16969 
1 0.000112863 0.000517682 -0.0117434 -0.000113396 0.999999 0.0010288 -0.0273783 -0.000517565 -0.00102886 0.999999 1.15259 
1 -0.000748462 -0.000520057 -0.000477791 0.000748927 0.999999 0.000893485 -0.0215168 0.00051939 -0.000893875 1 1.12682 
1 0.000214935 -0.000283716 -0.0112809 -0.000214951 1 -5.78037e-05 -0.0251634 0.000283704 5.78645e-05 1 1.11349 
1 0.000598832 -0.000616692 -0.00492632 -0.000599377 0.999999 -0.000885192 -0.0273345 0.00061616 0.000885562 0.999999 1.10719 
1 0.000464364 -0.000569162 -0.00465965 -0.000464986 0.999999 -0.00109224 -0.0186477 0.000568657 0.0010925 0.999999 1.08458 
1 -0.000227944 -0.000366363 -0.0104684 0.000227968 1 6.39644e-05 -0.0247006 0.000366347 -6.40482e-05 1 1.06807 
0.999999 -0.000595308 -0.000953555 -0.00936764 0.000595161 1 -0.000154714 -0.0206687 0.000953646 0.000154147 1 1.06349 
0.999998 -0.000459313 -0.00204756 0.00178605 0.000460939 1 0.00079399 -0.0211391 0.00204719 -0.000794933 0.999998 1.04378 
0.999997 -0.00101966 -0.00214018 -0.00771123 0.0010227 0.999999 0.00142283 -0.0197051 0.00213873 -0.00142502 0.999997 1.03728 
0.999998 0.000392007 -0.00181591 -0.0114468 -0.000389163 0.999999 0.00156687 -0.0202703 0.00181652 -0.00156616 0.999997 1.03577 
0.999997 0.000142017 -0.00233347 -0.0075776 -0.000140855 1 0.000497432 -0.0275474 0.00233354 -0.000497102 0.999997 1.00259 
0.999996 7.46646e-06 -0.00278288 -0.00634229 -9.14729e-06 1 -0.000603799 -0.0182199 0.00278288 0.000603823 0.999996 0.99353 
0.999996 0.000375169 -0.0027037 -0.0113555 -0.000375014 1 5.75585e-05 -0.0219827 0.00270372 -5.65439e-05 0.999996 0.979782 
0.999995 0.000510911 -0.00322526 -0.00275159 -0.00050868 1 0.000692995 -0.0249619 0.00322561 -0.000691351 0.999995 0.945389 
0.999996 0.000364822 -0.00289747 -0.00976491 -0.000364841 1 -6.09877e-06 -0.0250859 0.00289746 7.15256e-06 0.999996 0.929031 
0.999996 0.000281726 -0.00286646 -0.0097456 -0.00028464 0.999999 -0.00101627 -0.0152392 0.00286618 0.00101709 0.999995 0.90773 
0.999995 -0.000262236 -0.00295772 -0.0120754 0.000260575 1 -0.000561685 -0.0207753 0.00295786 0.000560911 0.999995 0.881256 
0.999995 0.000601927 -0.00306709 -0.00961637 -0.000601374 1 0.000181181 -0.027833 0.0030672 -0.000179335 0.999995 0.849503 
0.999995 0.00046806 -0.0029988 -0.00983286 -0.000470402 1 -0.000780294 -0.0175896 0.00299843 0.000781701 0.999995 0.8302 
0.999996 0.00129732 -0.00248079 -0.0107617 -0.00129714 0.999999 7.5012e-05 -0.0210772 0.00248089 -7.17929e-05 0.999997 0.820526 
0.999999 0.00142516 -0.000514513 -0.0035615 -0.00142504 0.999999 0.000238696 -0.0134296 0.000514846 -0.000237962 1 0.803879 
1 2.26479e-06 -9.72524e-05 -0.00169134 -2.15623e-06 0.999999 0.00111429 -0.0188603 9.72617e-05 -0.00111429 0.999999 0.780548 
1 -0.000348331 0.000315582 -0.00258303 0.000348175 1 0.000497351 -0.0161676 -0.000315759 -0.000497242 1 0.767029 
1 0.000144133 0.000942303 -0.00503397 -0.000143939 1 -0.000205622 -0.0189896 -0.000942327 0.000205486 0.999999 0.746307 
1 0.000745185 0.00064664 -0.00442505 -0.000744022 0.999998 -0.00179621 -0.0182452 -0.000647986 0.00179572 0.999998 0.731903 
1 -0.000148906 0.000418782 0.00367689 0.000149856 0.999997 -0.00226697 -0.0140138 -0.000418445 0.00226704 0.999997 0.728165 
0.999999 -0.000126526 0.00136748 -0.00492764 0.000128316 0.999999 -0.00131001 -0.0161462 -0.00136731 0.00131019 0.999998 0.735153 
0.999998 0.000967755 0.0014434 -0.00416422 -0.000967137 0.999999 -0.000429558 -0.0120955 -0.00144381 0.000428162 0.999999 0.7229 
0.999999 -0.000820527 0.00136577 0.00263309 0.000820912 1 -0.000279599 -0.0121102 -0.00136554 0.00028072 0.999999 0.718536 
0.999998 -0.000271566 0.00218068 -0.00265646 0.00027153 1 1.66424e-05 -0.0178409 -0.00218068 -1.60511e-05 0.999998 0.713531 
0.999998 0.000759476 0.00190506 -0.00151014 -0.000759234 1 -0.000126841 -0.0131576 -0.00190516 0.000125394 0.999998 0.707443 
0.999998 -0.000735318 0.00202611 0.000880718 0.000736365 0.999999 -0.000516902 -0.0100641 -0.00202573 0.000518393 0.999998 0.712677 
0.999996 -0.000582477 0.00268002 0.00198317 0.000580368 1 0.00078795 -0.019073 -0.00268047 -0.000786392 0.999996 0.707703 
0.999994 -0.000452716 0.00332823 -0.000118732 0.000451006 1 0.000514367 -0.0111253 -0.00332846 -0.000512862 0.999994 0.711395 
0.999997 -0.000726248 0.00254562 0.00767446 0.000726505 1 -0.000100597 -0.00923014 -0.00254555 0.000102445 0.999997 0.694199 
0.999993 -0.000238316 0.00361234 -0.0100762 0.000236425 1 0.00052405 -0.0196364 -0.00361246 -0.000523192 0.999993 0.696335 
0.999995 -0.000672965 0.00296056 0.00498831 0.000674185 1 -0.000411298 -0.0128958 -0.00296028 0.000413293 0.999995 0.692825 
0.999996 0.000125006 0.00291382 0.00119323 -0.000123646 1 -0.000467157 -0.0114493 -0.00291388 0.000466794 0.999996 0.686768 
0.999996 0.000872284 0.00283895 -0.000900149 -0.000869167 0.999999 -0.00109906 -0.00829506 -0.00283991 0.00109659 0.999995 0.693985 
0.999996 -0.000102048 0.00285247 0.00205988 0.000102368 1 -0.00011151 -0.0166564 -0.00285245 0.0001118 0.999996 0.693893 
0.999996 0.000282109 0.00291374 -0.00013268 -0.000285678 0.999999 0.00122422 -0.0140061 -0.0029134 -0.00122505 0.999995 0.702805 
0.999997 -0.000151148 0.00257776 -0.00180221 0.000149128 1 0.000784275 -0.012718 -0.00257788 -0.000783888 0.999996 0.695969 
0.999998 0.000370582 0.00212245 0.00400805 -0.000369123 1 -0.000687759 -0.0093329 -0.00212271 0.000686974 0.999997 0.719894 
0.999997 -0.000112815 0.00225617 -0.00240803 0.000116337 0.999999 -0.00156094 -0.0120881 -0.00225599 0.00156119 0.999996 0.703796 
0.999998 0.000285855 0.00217929 -0.00432062 -0.000280154 0.999997 -0.00261646 -0.0104048 -0.00218003 0.00261584 0.999994 0.708176 
0.999999 -0.00160264 0.00050216 0.00679922 0.0016034 0.999997 -0.00151231 -0.0112977 -0.000499735 0.00151311 0.999999 0.725479 
1 0.000314949 0.000171799 -0.00284195 -0.000314867 1 -0.000478575 -0.00854874 -0.000171946 0.000478521 1 0.720154 
1 -0.000775557 -4.95464e-07 0.000618458 0.000775557 1 -0.00039214 -0.0133243 7.97212e-07 0.00039214 1 0.725983 
0.999999 0.0013459 0.000199309 -0.00285625 -0.00134584 0.999999 -0.000340884 -0.00883794 -0.000199765 0.000340615 1 0.736191 
1 0.000572766 0.000410939 -0.00406647 -0.000572525 1 -0.000585517 -0.00901222 -0.00041127 0.00058528 1 0.740036 
0.999999 -0.00120587 0.000196747 -0.00319386 0.00120622 0.999998 -0.00175683 -0.0133694 -0.00019463 0.00175707 0.999998 0.744598 
0.999993 -0.00369638 0.000459602 0.00093174 0.00369733 0.999991 -0.00207582 -0.0121373 -0.000451928 0.0020775 0.999998 0.750519 
0.999995 -0.00328574 0.000509351 0.00324011 0.00328616 0.999994 -0.000818691 -0.00715178 -0.000506658 0.000820358 1 0.767197 
0.999996 0.0027369 0.000659199 -0.00475025 -0.00273935 0.999989 0.00373392 -0.00329018 -0.000648972 -0.00373571 0.999993 0.780762 
0.999993 0.00370745 0.000608943 -0.0102086 -0.00371112 0.999974 0.00613999 -0.00684142 -0.000586163 -0.0061422 0.999981 0.784714 
0.999999 -0.000907806 0.000783686 -0.000672817 0.000904943 0.999993 0.0036454 -0.0166988 -0.00078699 -0.00364469 0.999993 0.782516 
0.999997 -0.00104558 0.00237997 0.00307274 0.00105148 0.999996 -0.00248008 -0.00972795 -0.00237737 0.00248257 0.999994 0.80011 
0.999992 0.000839412 0.00388029 0.000521183 -0.000815661 0.999981 -0.00611847 -0.0101218 -0.00388535 0.00611525 0.999974 0.799881 
0.999989 0.00229494 0.00403077 -0.00809765 -0.00228033 0.999991 -0.00362573 -0.00641751 -0.00403906 0.0036165 0.999985 0.803741 
0.999994 0.00169151 0.0030023 -0.00110912 -0.00169207 0.999999 0.000183431 -0.00800788 -0.00300199 -0.00018851 0.999996 0.81601 
0.999994 -0.00135747 0.00306384 0.00512886 0.0013502 0.999996 0.00237298 -0.00882745 -0.00306704 -0.00236883 0.999992 0.836792 
0.999991 -0.00301949 0.00297217 0.00635147 0.00301014 0.999991 0.00314558 -0.00973582 -0.00298164 -0.00313661 0.999991 0.835602 
0.999992 -0.00299747 0.00281223 0.0013485 0.00299388 0.999995 0.00128156 -0.0121796 -0.00281605 -0.00127312 0.999995 0.839478 
0.999995 0.000862526 0.00312538 0.00119781 -0.000865397 0.999999 0.000917527 -0.0161891 -0.0031246 -0.000920227 0.999995 0.856354 
0.999995 0.00212085 0.00234704 0.000426292 -0.00211606 0.999996 -0.00204277 -0.0125115 -0.00235135 0.00203779 0.999995 0.842407 
0.999997 0.000365247 0.00248743 -0.00787735 -0.000359539 0.999997 -0.00229523 -0.0169632 -0.00248825 0.00229433 0.999994 0.837128 
0.999996 0.000362194 0.00276183 -0.00418186 -0.000362116 1 -2.88179e-05 -0.012449 -0.00276185 2.78167e-05 0.999996 0.859161 
0.999995 0.00116106 0.00284958 -0.00322723 -0.00116725 0.999997 0.00217313 -0.0134785 -0.00284706 -0.00217645 0.999994 0.842438 
0.999993 0.00170804 0.00329555 -0.00444889 -0.00171303 0.999997 0.00151086 -0.0124183 -0.00329296 -0.00151649 0.999993 0.846985 
0.999997 0.000322272 0.00250225 0.00405216 -0.000321678 1 -0.000237244 -0.015125 -0.00250231 0.000236438 0.999997 0.875092 
0.999996 0.00015876 0.00266211 -0.00182915 -0.000156947 1 -0.000682181 -0.0114756 -0.00266222 0.000681759 0.999996 0.84491 
0.999995 -0.00175494 0.00265438 0.00131035 0.00175643 0.999998 -0.000560252 -0.00956106 -0.00265341 0.000564912 0.999996 0.836853 
0.999993 -0.00338115 0.00180166 0.0022316 0.00337914 0.999994 0.00111734 -0.0195796 -0.00180545 -0.00111124 0.999998 0.88385 
1 -0.000305007 0.000573926 0.00733948 0.000305182 1 -0.000307606 -0.0106325 -0.000573829 0.00030778 1 0.853699 
1 -0.000793147 0.000526451 -0.00796509 0.000792941 1 0.000391337 -0.0194619 -0.000526741 -0.000390918 1 0.842468 
1 -0.000482397 0.00048393 0.00138474 0.000482428 1 -6.57397e-05 -0.0127611 -0.000483915 6.59735e-05 1 0.887085 
1 0.000457765 -0.000244603 -0.00581932 -0.000457614 1 0.000618246 -0.0132809 0.000244893 -0.000618134 1 0.865601 
1 0.000305767 -0.000724182 -0.00126457 -0.000305548 1 0.000301322 -0.0128858 0.000724286 -0.0003011 1 0.851898 
1 -0.00014665 -0.00105248 -0.00149727 0.000145869 1 -0.000741561 -0.0167902 0.00105257 0.000741405 0.999999 0.879425 
0.999999 -7.31804e-06 -0.00160814 -0.00445747 5.70351e-06 1 -0.00100423 -0.0145817 0.00160816 0.00100422 0.999998 0.853516 
0.999999 0.000554758 -0.00154884 -0.00431824 -0.000555637 1 -0.000567094 -0.016001 0.00154851 0.000567956 0.999999 0.877075 
0.999998 0.00118223 -0.00155294 -0.00694466 -0.00118319 0.999999 -0.000612961 -0.0117009 0.00155223 0.000614795 0.999999 0.855927 
0.999997 0.00153259 -0.00173619 -0.00910759 -0.0015325 0.999999 5.30132e-05 -0.018811 0.00173627 -5.03534e-05 0.999999 0.857849 
0.999998 0.000652974 -0.00213092 -0.00662804 -0.000651836 1 0.000535431 -0.0117786 0.00213126 -0.000534039 0.999998 0.841187 
0.999996 -0.000302627 -0.00300494 -0.00619507 0.000307049 0.999999 0.00147118 -0.0144708 0.0030045 -0.0014721 0.999994 0.872253 
0.999991 -0.000926659 -0.00421624 -0.00745773 0.000936697 0.999997 0.00237946 -0.0144567 0.00421402 -0.00238339 0.999988 0.841553 
0.999985 -0.00165267 -0.00512375 -0.0067997 0.0016628 0.999997 0.00197536 -0.0218561 0.00512045 -0.00198385 0.999985 0.844025 
0.999989 -0.0007056 -0.00465899 -0.00504875 0.000712062 0.999999 0.00138552 -0.0165033 0.00465803 -0.00138882 0.999988 0.84906 
0.999988 0.000156837 -0.00476925 -0.0117769 -0.000155 1 0.000385353 -0.0119328 0.0047693 -0.00038461 0.999988 0.818115 
0.99999 -0.000820748 -0.00450945 -0.00424957 0.000824088 1 0.00073868 -0.0183353 0.00450885 -0.000742389 0.99999 0.824707 
0.999989 -0.000607377 -0.00458499 -0.0107918 0.00060605 1 -0.00029042 -0.0110903 0.00458516 0.000287639 0.999989 0.801117 
0.999992 -0.000294744 -0.00397847 -0.00810194 0.000294767 1 5.49201e-06 -0.0198708 0.00397848 -6.66548e-06 0.999992 0.784546 
0.999992 0.000346677 -0.00390587 -0.00604439 -0.000347185 1 -0.000129675 -0.0174255 0.00390582 0.000131031 0.999992 0.771515 
0.999993 0.000753045 -0.00360204 -0.0122581 -0.000753762 1 -0.000197885 -0.0131102 0.00360189 0.000200598 0.999994 0.741669 
0.99999 -0.00115605 -0.00427815 -0.000509739 0.00115755 0.999999 0.00034728 -0.0190887 0.00427775 -0.000352228 0.999991 0.74054 
0.999991 -0.000909141 -0.00413015 -0.00765514 0.000906147 0.999999 -0.000726675 -0.0174937 0.00413081 0.000722926 0.999991 0.711914 
0.999988 0.0012417 -0.00473933 -0.0142676 -0.001249 0.999998 -0.00153952 -0.0160389 0.00473741 0.00154542 0.999988 0.6922 
0.999979 0.00171397 -0.00633488 -0.0146534 -0.00172586 0.999997 -0.00187187 -0.0136271 0.00633165 0.00188276 0.999978 0.667847 
0.999965 0.000572665 -0.00838599 -0.0145338 -0.000586672 0.999998 -0.00166779 -0.0158234 0.00838502 0.00167265 0.999964 0.648529 
0.999943 -4.97333e-05 -0.0106771 -0.0134158 3.71559e-05 0.999999 -0.00117812 -0.012696 0.0106772 0.00117766 0.999942 0.640076 
0.99991 0.000332805 -0.0134254 -0.0147481 -0.000334468 1 -0.000121683 -0.015343 0.0134253 0.000126163 0.99991 0.628876 
0.999859 0.000932109 -0.0167792 -0.0242529 -0.000922684 0.999999 0.000569417 -0.0129275 0.0167798 -0.000553856 0.999859 0.611725 
0.999798 0.00244031 -0.0199355 -0.0267773 -0.00242415 0.999997 0.000834499 -0.0137446 0.0199375 -0.000786003 0.999801 0.599335 
0.999743 0.00155678 -0.0226253 -0.0327129 -0.00156197 0.999999 -0.000211623 -0.0083158 0.0226249 0.000246909 0.999744 0.591339 
0.999672 0.00147478 -0.0255734 -0.0283012 -0.0014727 0.999999 0.00010034 -0.0157025 0.0255736 -6.26445e-05 0.999673 0.572021 
0.9996 0.00102864 -0.0282563 -0.0315666 -0.00102247 1 0.000232967 -0.0106168 0.0282565 -0.000203984 0.999601 0.555878 
0.999517 0.00110859 -0.0310658 -0.0380478 -0.00107984 0.999999 0.000942068 -0.00844002 0.0310668 -0.000908066 0.999517 0.540497 
0.999405 -0.000471439 -0.0344877 -0.034874 0.000521675 0.999999 0.00144767 -0.00765014 0.034487 -0.0014648 0.999404 0.546509 
0.999313 -0.000175683 -0.0370563 -0.0429001 0.000230174 0.999999 0.00146617 -0.0090785 0.0370561 -0.0014737 0.999312 0.538574 
0.999257 0.000641976 -0.0385348 -0.0433121 -0.000549052 0.999997 0.00242199 -0.0155206 0.0385361 -0.00239903 0.999254 0.486938 
0.999156 0.000587098 -0.0410826 -0.0443878 -0.000501752 0.999998 0.00208772 -0.0114946 0.0410837 -0.00206535 0.999154 0.500916 
0.999111 0.000152805 -0.0421451 -0.0447464 -7.08579e-05 0.999998 0.00194597 -0.0100603 0.0421454 -0.00194125 0.99911 0.489166 
0.999025 -0.00112319 -0.0441281 -0.0390549 0.00119222 0.999998 0.00153794 -0.0136118 0.0441262 -0.00158905 0.999025 0.497833 
0.99895 -0.000472847 -0.045816 -0.0503159 0.000515935 0.999999 0.000928604 -0.00631618 0.0458156 -0.000951269 0.99895 0.447174 
0.998847 -0.00104941 -0.0480043 -0.045166 0.00108567 0.999999 0.0007293 -0.0123835 0.0480034 -0.000780575 0.998847 0.463898 
0.998742 -0.00131672 -0.0501316 -0.0526123 0.0013708 0.999999 0.00104445 -0.00591707 0.0501302 -0.00111185 0.998742 0.478302 
0.998677 -0.000445881 -0.0514184 -0.0523987 0.000519648 0.999999 0.00142128 -0.00461292 0.0514176 -0.00144612 0.998676 0.459473 
0.9986 0.000953017 -0.0528847 -0.0625916 -0.00091797 0.999999 0.000686938 -0.0106325 0.0528852 -0.000637431 0.9986 0.458298 
0.998527 -0.00112732 -0.0542395 -0.0673218 0.00112761 0.999999 -2.51643e-05 -0.00859451 0.0542395 -3.6031e-05 0.998528 0.45076 
0.998397 -0.00327937 -0.0565058 -0.0717468 0.0034099 0.999992 0.00221387 -0.0101347 0.0564981 -0.00240301 0.9984 0.420609 
0.998213 -0.0048229 -0.0595584 -0.0687866 0.00504851 0.999981 0.003638 -0.00330257 0.0595397 -0.00393218 0.998218 0.444611 
0.998074 -0.00253179 -0.0619858 -0.076828 0.0027178 0.999992 0.0029168 -0.000556946 0.0619778 -0.00307965 0.998073 0.423676 
0.998015 0.00270627 -0.0629153 -0.0833893 -0.00252221 0.999992 0.00300471 -0.00249863 0.0629231 -0.00284005 0.998014 0.424103 
0.998003 0.00628502 -0.0628439 -0.084137 -0.00604256 0.999973 0.00404743 -0.0134783 0.0628676 -0.00365962 0.998015 0.413483 
0.997965 0.00458069 -0.0635984 -0.0651093 -0.00444438 0.999988 0.00228462 -0.00780869 0.063608 -0.00199731 0.997973 0.396973 
0.997977 0.00223213 -0.0635436 -0.0761108 -0.00213644 0.999996 0.0015738 -0.0035038 0.0635469 -0.00143487 0.997978 0.409805 
0.998015 0.000478676 -0.0629835 -0.0581055 -0.000357652 0.999998 0.00193281 -0.00131416 0.0629843 -0.00190644 0.998013 0.376991 
0.998058 -0.000494188 -0.0622953 -0.0558777 0.000721967 0.999993 0.00363401 -0.0094347 0.0622931 -0.00367194 0.998051 0.394142 
0.998091 0.00032628 -0.061765 -0.0601196 -8.12951e-05 0.999992 0.00396883 -0.00646496 0.0617658 -0.00395622 0.998083 0.396729 
0.998053 0.00218161 -0.062338 -0.0858459 -0.00191341 0.999989 0.00436176 -0.0232363 0.0623467 -0.00423399 0.998046 0.377579 
0.997899 0.00232141 -0.0647511 -0.0713501 -0.00205451 0.999989 0.00418819 -0.0123072 0.0647601 -0.00404636 0.997893 0.402763 
0.997802 0.000882624 -0.0662575 -0.0603638 -0.000494977 0.999983 0.00586681 -0.00561428 0.0662616 -0.00582111 0.997785 0.428013 
0.997768 0.0015216 -0.0667616 -0.0730591 -0.00109328 0.999979 0.0064519 0.000545502 0.0667699 -0.0063645 0.997748 0.427809 
0.997669 0.00212025 -0.0682113 -0.0583801 -0.00163331 0.999973 0.0071938 -0.00760651 0.0682248 -0.00706563 0.997645 0.437999 
0.997816 0.00187575 -0.0660332 -0.0924377 -0.00145302 0.999978 0.00644916 -0.0050087 0.0660439 -0.00633912 0.997797 0.465412 
0.997579 0.00068432 -0.0695456 -0.0376892 -0.000282301 0.999983 0.00579029 -0.00149059 0.0695484 -0.00575663 0.997562 0.468555 
0.997887 0.00187078 -0.0649371 -0.109253 -0.00152612 0.999984 0.00535694 -0.00722885 0.0649461 -0.00524654 0.997875 0.431236 
0.997854 0.0011907 -0.0654665 -0.0722046 -0.00101986 0.999996 0.00264302 -0.00152874 0.0654695 -0.00257058 0.997851 0.502411 
0.997909 0.000796972 -0.064634 -0.0655823 -0.0007531 0.999999 0.000703145 0.00109339 0.0646344 -0.000653028 0.997909 0.518456 
0.998095 0.00111196 -0.0616932 -0.0771179 -0.00105122 0.999999 0.00101704 -0.00286436 0.0616942 -0.000950218 0.998095 0.553665 
0.998235 0.0015467 -0.0593716 -0.0643005 -0.00152576 0.999999 0.000398067 0.00805569 0.0593721 -0.00030679 0.998236 0.55899 
0.998455 0.00239334 -0.0555142 -0.0629272 -0.00229495 0.999996 0.00183583 0.000239372 0.0555184 -0.00170558 0.998456 0.57663 
0.998816 0.00305317 -0.0485438 -0.095932 -0.0028846 0.99999 0.00354214 -0.0112591 0.0485541 -0.00339796 0.998815 0.450989 
0.998824 -0.00180564 -0.0484551 -0.0538025 0.00197587 0.999992 0.00346535 -0.000894547 0.0484483 -0.00355699 0.998819 0.620499 
0.998724 -0.00534449 -0.0502117 -0.0412292 0.0056027 0.999972 0.00500334 -0.00810957 0.0501837 -0.00527828 0.998726 0.646088 
0.998755 -0.0031294 -0.0497918 -0.0570221 0.00339209 0.999981 0.00519188 -0.0101376 0.0497745 -0.00535431 0.998746 0.665268 
0.998861 0.000898786 -0.0477086 -0.0686188 -0.000799538 0.999997 0.00209925 -0.00173616 0.0477104 -0.00205871 0.998859 0.636765 
0.99888 0.00345711 -0.0471821 -0.0524445 -0.00353219 0.999993 -0.00150762 -0.00100636 0.0471767 0.00167259 0.998885 0.722809 
0.999012 0.00153589 -0.0444218 -0.0634918 -0.00165369 0.999995 -0.00261539 -0.00388169 0.0444175 0.00268626 0.999009 0.742035 
0.999006 0.00326342 -0.0444527 -0.0430298 -0.00341143 0.999989 -0.00325413 0.000426292 0.0444415 0.00340255 0.999006 0.720322 
