1 0 0 0 0 1 0 0 0 0 1 0 
0.999997 -0.00101698 -0.00206951 0.0119712 0.00101922 0.999999 0.00108327 0.0154839 0.00206841 -0.00108538 0.999997 -1.20595 
0.999997 -0.000373776 -0.00246797 0.0250795 0.000372649 1 -0.000457633 0.0204894 0.00246814 0.000456713 0.999997 -1.19879 
0.999999 0.000436668 -0.00115943 0.00666302 -0.000436982 1 -0.000270205 0.0177916 0.00115931 0.00027071 0.999999 -1.19386 
1 0.000193265 -0.000972135 0.00490426 -0.000193126 1 0.000143393 0.0188585 0.000972164 -0.000143204 1 -1.19618 
1 0.000266718 -0.000713133 0.00430028 -0.000266897 1 -0.000251035 0.0231013 0.000713065 0.000251225 1 -1.20454 
1 -0.000307841 -0.000667098 0.002408 0.000308465 1 0.000935655 0.020997 0.00066681 -0.00093586 0.999999 -1.19912 
0.999999 0.000112268 -0.00102435 0.011531 -0.000112144 1 0.000120341 0.0226315 0.00102436 -0.000120226 0.999999 -1.18304 
1 0.000176839 -0.00017228 0.00706897 -0.000177078 0.999999 -0.00137985 0.0208199 0.000172037 0.00137988 0.999999 -1.20232 
0.999999 0.000552162 0.00131385 0.00649182 -0.000550615 0.999999 -0.00117804 0.0253442 -0.0013145 0.00117732 0.999998 -1.19469 
0.999996 0.00160495 0.00220445 0.00935533 -0.00160615 0.999999 0.000545211 0.0227546 -0.00220357 -0.00054875 0.999997 -1.20105 
0.999999 -0.000398598 0.00166428 0.0145012 0.000397812 1 0.000472636 0.0168484 -0.00166447 -0.000471973 0.999999 -1.19986 
0.999999 8.54033e-06 0.0015623 -0.000948016 -8.63317e-06 1 5.9202e-05 0.0241946 -0.0015623 -5.92158e-05 0.999999 -1.19209 
0.999999 -0.00129877 0.000883142 0.0034046 0.00129859 0.999999 0.00021046 0.0209298 -0.000883414 -0.000209313 1 -1.20487 
1 0.000211902 0.000453265 0.00713084 -0.000211913 1 2.46395e-05 0.0187655 -0.00045326 -2.4736e-05 1 -1.20197 
0.999999 0.000899855 0.000891961 0.00144556 -0.00089953 1 -0.000365379 0.019886 -0.000892289 0.000364576 1 -1.18776 
1 -0.000204223 0.000218511 0.00330912 0.000204332 1 -0.000495969 0.025683 -0.000218409 0.000496014 1 -1.191 
0.999999 -0.00023857 0.00129774 0.00050736 0.000237557 1 0.000780836 0.0224673 -0.00129793 -0.000780527 0.999999 -1.19583 
1 0.000354454 -0.000324159 0.0155579 -0.000354173 1 0.000867541 0.0229632 0.000324467 -0.000867426 1 -1.20019 
0.999999 -0.00111292 0.000812522 0.00376777 0.00111327 0.999999 -0.000432027 0.0183886 -0.000812041 0.00043293 1 -1.19618 
1 0.000493008 0.000494396 0.0150577 -0.000493022 1 2.95184e-05 0.0258939 -0.000494381 -2.97618e-05 1 -1.1873 
1 -0.000209377 0.000925488 0.00698585 0.000208856 1 0.000562039 0.0209399 -0.000925606 -0.000561845 0.999999 -1.19336 
1 -0.000165865 0.000898251 0.00601989 0.00016662 1 -0.000839845 0.0275557 -0.000898113 0.000839993 0.999999 -1.19401 
0.999999 0.00153062 0.000487787 0.00932366 -0.00152976 0.999997 -0.00175305 0.0218685 -0.000490469 0.0017523 0.999998 -1.20212 
0.999999 -5.76652e-05 0.00124304 -0.00342521 5.76124e-05 1 4.2304e-05 0.0208399 -0.00124304 -4.22325e-05 0.999999 -1.19538 
0.999999 0.000770136 0.000825741 0.00504527 -0.00077073 1 0.000720201 0.0225223 -0.000825185 -0.000720837 0.999999 -1.19663 
1 0.00014266 0.000885549 0.000844926 -0.000143618 0.999999 0.00108266 0.0185868 -0.000885394 -0.00108279 0.999999 -1.19288 
1 -0.000544947 0.000773917 0.00653111 0.00054498 1 -4.32618e-05 0.0189992 -0.000773894 4.36834e-05 1 -1.19363 
0.999999 0.000328897 0.000926549 0.00144883 -0.000328462 1 -0.000469102 0.0196047 -0.000926704 0.000468796 0.999999 -1.20643 
1 0.000453743 0.000186882 0.00771178 -0.000453704 1 -0.000208502 0.0213339 -0.000186975 0.000208418 1 -1.19267 
1 0.000659168 0.000651733 -3.2261e-05 -0.000659019 1 -0.00022669 0.0248905 -0.000651882 0.00022626 1 -1.19952 
1 -5.52123e-05 0.000616568 0.00248878 5.50422e-05 1 0.000274499 0.0180467 -0.000616584 -0.000274464 1 -1.20169 
1 0.000989776 0.000104145 0.0018736 -0.000989709 0.999999 -0.000640157 0.0213158 -0.000104781 0.000640053 1 -1.19971 
1 -0.000371869 -0.000228485 0.0099415 0.000371539 0.999999 -0.00143952 0.0263399 0.000229021 0.00143944 0.999999 -1.21803 
1 -0.000710838 0.000202664 0.00261989 0.000710928 1 -0.000442637 0.0148783 -0.000202347 0.000442782 1 -1.20248 
1 -0.000615438 -0.000157129 0.00616667 0.000615461 1 0.000144755 0.0269263 0.000157041 -0.000144852 1 -1.20105 
1 -0.000913117 -0.000194776 0.00732943 0.000913141 1 0.00011939 0.0170103 0.000194664 -0.000119567 1 -1.199 
0.999997 -0.00224937 -0.000417833 0.00646858 0.00224871 0.999996 -0.00158937 0.0189245 0.000421407 0.00158842 0.999999 -1.20261 
0.999999 -0.000590192 -0.00144569 0.00594069 0.000585553 0.999995 -0.00320687 0.0236876 0.00144758 0.00320602 0.999994 -1.20636 
0.999997 -0.000180478 -0.00229013 0.00662913 0.000174032 0.999996 -0.00281449 0.0232712 0.00229063 0.00281408 0.999993 -1.19583 
1 -0.00037537 -0.000945123 -0.002203 0.000372355 0.999995 -0.00318736 0.0213664 0.000946315 0.003187 0.999995 -1.20119 
0.999998 0.00117658 -0.00161187 0.0118502 -0.0011788 0.999998 -0.00138137 0.0263336 0.00161024 0.00138326 0.999998 -1.2108 
0.999997 0.000953779 -0.00198494 0.00630856 -0.000950464 0.999998 0.00167056 0.0137136 0.00198653 -0.00166866 0.999997 -1.21043 
0.999999 -0.00095327 -0.000987357 0.0053899 0.000954752 0.999998 0.00150056 0.0220699 0.000985925 -0.0015015 0.999998 -1.21471 
1 5.09382e-06 -0.00112724 0.0112797 -4.28284e-06 1 0.000719927 0.0161072 0.00112724 -0.000719923 0.999999 -1.18151 
1 0.000184291 0.000201711 0.0025194 -0.000184418 1 0.000634423 0.0172495 -0.000201594 -0.00063446 1 -1.20259 
1 0.000324683 0.000570885 0.00615126 -0.000325412 0.999999 0.00127655 0.0165908 -0.00057047 -0.00127673 0.999999 -1.20947 
0.999999 -0.000241092 0.00146574 0.00648004 0.000241913 1 -0.000560576 0.0191396 -0.00146561 0.000560931 0.999999 -1.20003 
0.999999 0.000101084 0.001171 0.00730555 -9.98969e-05 0.999999 -0.00101332 0.0185145 -0.0011711 0.0010132 0.999999 -1.20513 
0.999999 0.000252105 0.00112888 0.00366695 -0.000251366 1 -0.000654032 0.0274554 -0.00112904 0.000653748 0.999999 -1.19437 
0.999999 -0.000916733 0.00113355 0.00265316 0.000916332 1 0.000354163 0.0180117 -0.00113388 -0.000353123 0.999999 -1.19688 
1 -0.000399245 0.000311463 0.0119773 0.000399234 1 3.24873e-05 0.0243288 -0.000311474 -3.23625e-05 1 -1.2098 
0.999999 0.000907662 -6.42007e-05 0.00563833 -0.000907608 0.999999 0.000821464 0.0164207 6.49481e-05 -0.000821409 1 -1.19474 
1 0.000955636 0.00041481 0.00185312 -0.000955936 0.999999 0.000725227 0.0248314 -0.000414121 -0.000725624 1 -1.21859 
1 9.4514e-05 0.000160943 0.00454785 -9.43265e-05 0.999999 -0.00116607 0.0190319 -0.000161052 0.00116605 0.999999 -1.20635 
1 0.000753704 0.000246407 0.00728087 -0.000753296 0.999998 -0.0016543 0.0271782 -0.000247655 0.00165411 0.999999 -1.20737 
0.999999 -0.00109293 0.000180756 0.00837852 0.00109258 0.999997 0.00193893 0.0161238 -0.000182874 -0.00193873 0.999998 -1.19141 
0.999998 -0.00189966 -0.000173238 0.00973233 0.00189985 0.999998 0.00109383 0.0208393 0.000171163 -0.00109416 0.999999 -1.19638 
0.999998 -0.00187543 0.000245647 0.00403743 0.00187552 0.999998 -0.000395151 0.022457 -0.000244909 0.000395611 1 -1.19477 
0.999998 -0.00213968 6.66156e-05 0.00643805 0.00213969 0.999998 -0.00010456 0.019037 -6.63907e-05 0.000104704 1 -1.18925 
0.999999 -0.00120428 -0.000338836 0.00928053 0.00120411 0.999999 -0.000502822 0.0237368 0.000339443 0.000502413 1 -1.19921 
0.999999 -0.000707004 -0.000881899 0.00499949 0.000705987 0.999999 -0.00115179 0.0238386 0.000882712 0.00115116 0.999999 -1.19413 
0.999997 -0.0015559 -0.00176031 0.004823 0.00155471 0.999999 -0.000675096 0.0205983 0.00176136 0.000672357 0.999998 -1.196 
0.999995 0.000990553 -0.00306228 0.00826854 -0.000983905 0.999997 0.00217161 0.0244088 0.00306442 -0.00216859 0.999993 -1.17603 
0.999994 0.0027215 -0.00236672 0.00235426 -0.00270913 0.999983 0.00521409 0.0150497 0.00238087 -0.00520764 0.999984 -1.17412 
0.999996 -0.000974043 -0.00273234 0.00616294 0.000974552 1 0.000185655 0.020429 0.00273215 -0.000188319 0.999996 -1.18088 
0.999996 0.00123012 -0.00258805 0.00308299 -0.00123982 0.999992 -0.0037494 0.0253358 0.00258342 0.0037526 0.99999 -1.18224 
0.999994 -0.00049438 -0.00335304 0.0032649 0.000490312 0.999999 -0.00121417 0.0233194 0.00335363 0.00121252 0.999994 -1.17385 
0.999991 -0.0001093 -0.00428584 0.00797582 0.00011673 0.999999 0.0017337 0.0197468 0.00428564 -0.00173419 0.999989 -1.1669 
0.999994 0.00128577 -0.00328965 0.00286508 -0.00127595 0.999995 0.00298374 0.0218753 0.00329347 -0.00297952 0.99999 -1.17305 
0.999994 0.00127788 -0.00330806 0.0020411 -0.00126658 0.999993 0.00341568 0.0182631 0.0033124 -0.00341147 0.999989 -1.16367 
0.999993 0.000380148 -0.00371142 0.00626874 -0.000376668 0.999999 0.000938307 0.0183905 0.00371178 -0.000936903 0.999993 -1.15456 
0.999994 0.000472673 -0.00333473 0.000938416 -0.000478314 0.999998 -0.00169121 0.0244064 0.00333392 0.00169279 0.999993 -1.16592 
0.999991 -0.00122971 -0.00399833 0.0144186 0.0012266 0.999999 -0.000780194 0.0262601 0.00399929 0.000775283 0.999992 -1.16247 
0.999993 0.000738353 -0.00371381 0.000386953 -0.000728882 0.999997 0.00255089 0.0153198 0.00371568 -0.00254816 0.99999 -1.1515 
0.999995 0.000195585 -0.00328335 0.00291586 -0.000188375 0.999998 0.0021961 0.0181235 0.00328377 -0.00219547 0.999992 -1.14968 
0.999995 0.000130706 -0.0029926 0.00106335 -0.000129757 1 0.000317248 0.0201576 0.00299262 -0.000316859 0.999995 -1.16843 
0.999995 0.00103849 -0.00278155 0.00107861 -0.00104189 0.999999 -0.00122027 0.0199401 0.00278029 0.00122316 0.999995 -1.15687 
0.999996 0.000411174 -0.00286112 0.00859547 -0.000415409 0.999999 -0.00147963 0.0194846 0.00286051 0.00148082 0.999995 -1.16024 
0.999996 0.00102402 -0.00250377 -0.00447702 -0.00102831 0.999998 -0.00171101 0.0215052 0.002502 0.00171358 0.999995 -1.17191 
0.999996 0.00142903 -0.00244519 0.00383234 -0.00143113 0.999999 -0.000860759 0.0180385 0.00244396 0.000864255 0.999997 -1.15884 
0.999997 0.000949535 -0.00247223 0.00820398 -0.000944063 0.999997 0.00221328 0.0191991 0.00247432 -0.00221093 0.999995 -1.16797 
0.999996 0.00171758 -0.00205753 -0.00409985 -0.00171038 0.999992 0.00349553 0.0167569 0.00206352 -0.003492 0.999992 -1.16178 
0.999998 -0.000476625 -0.00205782 0.00761795 0.000482345 0.999996 0.00278029 0.0183592 0.00205649 -0.00278128 0.999994 -1.16781 
0.999999 3.78492e-06 -0.00163569 0.00376511 -2.28194e-06 1 0.000918147 0.012578 0.00163569 -0.000918142 0.999998 -1.17726 
1 -1.95448e-05 -0.000575956 0.0118051 1.91297e-05 1 -0.00071873 0.0207491 0.000575971 0.000718718 1 -1.1831 
0.999999 -0.000207846 0.0011704 -0.00189161 0.000209885 0.999999 -0.00174196 0.0171107 -0.00117004 0.00174221 0.999998 -1.18678 
0.999999 0.000467913 0.000994168 0.0120263 -0.00046644 0.999999 -0.00148229 0.0212712 -0.000994865 0.00148182 0.999998 -1.19355 
0.999998 -0.000460911 0.00209572 0.00384283 0.000462576 1 -0.000793457 0.0167265 -0.00209535 0.000794424 0.999997 -1.19318 
0.999996 -0.00026699 0.00268131 0.00559711 0.000268798 1 -0.000673954 0.0212032 -0.00268112 0.000674672 0.999996 -1.19531 
0.999997 -0.000578266 0.00254071 0.0106568 0.000577732 1 0.000211016 0.0187781 -0.00254082 -0.000209546 0.999997 -1.23072 
0.999992 -0.00134665 0.00375535 0.0108094 0.00134389 0.999999 0.000739587 0.010982 -0.00375634 -0.000734534 0.999993 -1.20715 
0.999992 -0.000515208 0.00390605 0.00627851 0.000517484 1 -0.000581577 0.0179751 -0.00390574 0.000583594 0.999992 -1.20356 
0.999992 -0.000532503 0.0041022 0.00269532 0.000536711 0.999999 -0.00102477 0.0193222 -0.00410166 0.00102697 0.999991 -1.22701 
0.99999 -0.000189372 0.00443465 0.00508213 0.000193066 1 -0.000832534 0.0230162 -0.00443449 0.000833381 0.99999 -1.20778 
0.99999 -0.000229739 0.00445683 0.00492287 0.000232001 1 -0.000507154 0.0182576 -0.00445671 0.000508183 0.99999 -1.2254 
0.999987 -0.000478489 0.00509651 0.0016253 0.000478904 1 -8.03184e-05 0.0183054 -0.00509647 8.27581e-05 0.999987 -1.21925 
0.999988 -0.000705593 0.00478035 0.00875306 0.000705278 1 6.73894e-05 0.0217484 -0.0047804 -6.40178e-05 0.999989 -1.23412 
0.999989 -0.00044777 0.00475294 0.0126266 0.000445829 1 0.000409504 0.0160331 -0.00475312 -0.000407379 0.999989 -1.21944 
0.999987 -0.00106954 0.00491039 0.002294 0.00106745 0.999999 0.000429234 0.0253527 -0.00491085 -0.000423988 0.999988 -1.23702 
0.999992 -0.0018582 0.00345114 0.00660412 0.00185775 0.999998 0.000134014 0.0204875 -0.00345139 -0.000127602 0.999994 -1.23727 
0.999996 -0.00176206 0.00228967 0.00784612 0.00176251 0.999998 -0.000191097 0.0211409 -0.00228933 0.000195131 0.999997 -1.22469 
0.999999 -0.00142057 0.00082877 0.0130056 0.00142012 0.999999 0.00054204 0.0163615 -0.000829538 -0.000540861 0.999999 -1.26348 
0.999997 -0.00224393 0.00118422 0.00495347 0.00224423 0.999997 -0.000239605 0.0181493 -0.00118368 0.000242261 0.999999 -1.24896 
0.999999 -0.00121185 0.00101902 0.00895432 0.00121256 0.999999 -0.000701078 0.0195211 -0.00101817 0.000702313 0.999999 -1.2454 
1 0.0002626 0.000357057 0.011342 -0.000262452 1 -0.00042627 0.0178944 -0.000357168 0.000426175 1 -1.24818 
0.999992 -0.00378496 0.0010817 0.00893694 0.00378704 0.999991 -0.00192557 0.0214531 -0.0010744 0.00192965 0.999998 -1.25228 
0.999999 -0.00124002 4.91631e-05 0.0144305 0.00124017 0.999994 -0.0032077 0.0236566 -4.51846e-05 0.00320776 0.999995 -1.25317 
0.999999 0.00113491 0.000722319 0.00377071 -0.00113525 0.999999 0.000476056 0.0228841 -0.000721778 -0.000476877 1 -1.26831 
0.999999 0.000588348 0.000857898 0.00686038 -0.000589593 0.999999 0.00145108 0.0151656 -0.000857043 -0.00145158 0.999999 -1.25218 
0.999996 0.0025195 0.00102766 -0.000860393 -0.00251851 0.999996 -0.000966277 0.0171468 -0.00103009 0.000963685 0.999999 -1.25571 
0.999997 0.00229198 0.000402768 0.0136696 -0.00229129 0.999996 -0.00169694 0.0214393 -0.000406656 0.00169602 0.999998 -1.26846 
0.999994 0.00334124 0.00051717 -0.00576884 -0.00334018 0.999992 -0.00202656 0.0245805 -0.000523937 0.00202482 0.999998 -1.26239 
0.999998 0.00183536 0.000570032 0.000856161 -0.00183465 0.999997 -0.00125103 0.0236676 -0.000572326 0.00124999 0.999999 -1.26764 
0.999991 0.00418695 -0.000607374 0.00395334 -0.00418573 0.999989 0.00201154 0.0191033 0.000615789 -0.00200898 0.999998 -1.27231 
0.999997 0.00249938 -0.000101408 0.00283229 -0.00249928 0.999996 0.000958593 0.0187721 0.000103803 -0.000958333 1 -1.27304 
0.999999 0.00104591 -0.000319279 0.00677311 -0.00104584 0.999999 0.000239636 0.0219338 0.00031953 -0.000239304 1 -1.27074 
1 8.25885e-05 -0.00036008 0.00396079 -8.26751e-05 1 -0.00024183 0.0178931 0.000360059 0.00024186 1 -1.2785 
0.999999 -0.00091574 -0.000473955 0.00653917 0.000914747 0.999997 -0.00209255 0.02266 0.00047587 0.00209211 0.999998 -1.27161 
0.999997 -0.00214251 -0.000717794 0.00623441 0.00214136 0.999996 -0.00159381 0.0294805 0.000721206 0.00159226 0.999999 -1.29533 
1 0.000204386 -0.000304313 0.00157523 -0.000203873 0.999998 0.0016855 0.020771 0.000304657 -0.00168543 0.999998 -1.27599 
1 -0.000364525 -0.000799994 0.0140252 0.000365852 0.999998 0.00165778 0.0264947 0.000799389 -0.00165807 0.999998 -1.27293 
1 0.000113139 -0.000351618 0.00303599 -0.000112276 0.999997 0.00245378 0.0192068 0.000351895 -0.00245374 0.999997 -1.27301 
0.999999 0.00103524 -0.000633967 0.00868145 -0.00103261 0.999991 0.00413571 0.0197234 0.000638242 -0.00413505 0.999991 -1.26251 
1 -0.000355469 -0.000496483 0.00197838 0.000357161 0.999994 0.00341152 0.025288 0.000495268 -0.0034117 0.999994 -1.27095 
1 0.000665431 0.000328286 -0.00148624 -0.000665705 0.999999 0.000835304 0.0205053 -0.00032773 -0.000835522 1 -1.27377 
1 0.000178325 -0.000313874 0.00673363 -0.000178384 1 -0.000190162 0.0242565 0.000313839 0.000190218 1 -1.27654 
1 -0.000699813 0.000517558 0.00327164 0.000700119 1 -0.000588014 0.0225954 -0.000517147 0.000588376 1 -1.2662 
0.999999 -0.000957647 -0.000287514 0.0114683 0.000957323 0.999999 -0.00112089 0.0265421 0.000288589 0.00112062 0.999999 -1.27028 
1 -0.00026314 0.000396464 0.00509799 0.000263316 1 -0.000445452 0.0220561 -0.000396348 0.000445556 1 -1.2684 
1 -0.000121423 0.000697591 0.00486252 0.000121147 1 0.000395532 0.0210212 -0.000697638 -0.000395447 1 -1.26286 
1 -0.000447689 0.000418227 0.00947839 0.000447809 1 -0.000287332 0.0215938 -0.000418099 0.00028752 1 -1.28755 
0.999999 0.00069866 0.000866722 0.00316811 -0.00069755 0.999999 -0.00127944 0.0221007 -0.000867614 0.00127883 0.999999 -1.27086 
0.999999 -0.00146062 0.000356895 0.00839859 0.00146069 0.999999 -0.00021009 0.0233057 -0.000356588 0.000210611 1 -1.27371 
1 -3.96917e-05 0.000939292 0.00184226 3.86022e-05 0.999999 0.00115973 0.0179548 -0.000939338 -0.00115969 0.999999 -1.27115 
1 -0.000809947 0.000428168 0.00859064 0.000809446 0.999999 0.00116937 0.0204931 -0.000429114 -0.00116902 0.999999 -1.25288 
0.999999 -0.00102448 0.000401492 0.0103426 0.00102453 1 -0.000133621 0.0229487 -0.000401356 0.000134033 1 -1.26146 
0.999999 0.000439817 0.00101786 0.00503993 -0.000440739 1 0.000906209 0.0240799 -0.00101746 -0.000906657 0.999999 -1.26907 
1 -0.000274013 0.000990661 0.00304508 0.000272869 0.999999 0.00115509 0.0189809 -0.000990977 -0.00115482 0.999999 -1.26761 
1 -1.3916e-05 0.00051795 0.00547945 1.41782e-05 1 -0.000507788 0.025987 -0.000517947 0.000507796 1 -1.27568 
0.999999 -0.000233158 0.00120645 -9.10759e-05 0.00023456 0.999999 -0.00116117 0.0207882 -0.00120618 0.00116145 0.999999 -1.27234 
1 0.000277976 0.000162087 0.00705564 -0.000277854 1 -0.000757507 0.0292835 -0.000162298 0.000757463 1 -1.27011 
0.999999 -0.000590807 0.000984096 0.00410187 0.000591083 1 -0.000280082 0.0194983 -0.000983932 0.000280662 0.999999 -1.26938 
1 -0.000414794 0.000699908 0.00828373 0.000414819 1 -3.43882e-05 0.021045 -0.000699889 3.46794e-05 1 -1.28625 
1 -0.000409664 8.74395e-05 0.0133035 0.000409618 1 0.000537082 0.0275638 -8.76589e-05 -0.000537047 1 -1.23872 
1 -0.000804674 0.000323621 0.0122799 0.000804413 0.999999 0.00080328 0.0163751 -0.000324271 -0.000803019 1 -1.27057 
1 0.000331732 0.000521513 0.01245 -0.000331455 1 -0.000532578 0.0213699 -0.000521689 0.000532405 1 -1.25949 
1 -0.000379215 -3.16314e-05 0.0105926 0.000379246 0.999999 0.00101502 0.0277324 3.12477e-05 -0.00101503 1 -1.2468 
0.999999 0.00116322 0.000137157 0.00616086 -0.00116347 0.999998 0.00179545 0.015864 -0.000135068 -0.00179561 0.999998 -1.26466 
0.999995 0.00325065 0.000124678 0.00521517 -0.00325066 0.999995 6.29434e-05 0.0198637 -0.000124473 -6.33481e-05 1 -1.2695 
1 -0.000651112 0.000452925 0.00281882 0.000652811 0.999993 -0.00376014 0.0216696 -0.000450474 0.00376043 0.999993 -1.26645 
1 0.0007994 4.53396e-05 0.00585246 -0.0007992 0.999991 -0.00425715 0.0269048 -4.87426e-05 0.00425711 0.999991 -1.26749 
1 -0.000759211 3.1407e-05 0.00455308 0.000759194 1 0.000554575 0.0227327 -3.18307e-05 -0.000554551 1 -1.25511 
0.999998 -0.00169881 -0.000531772 0.013571 0.00170051 0.999993 0.00322863 0.0173285 0.000526287 -0.00322953 0.999995 -1.24855 
1 -0.000106441 0.000713907 0.00611496 0.000105079 0.999998 0.00190943 0.0216894 -0.00071411 -0.00190935 0.999998 -1.2455 
1 -0.000342893 -0.00010031 0.0104094 0.000342898 1 5.40919e-05 0.0177426 0.000100292 -5.41268e-05 1 -1.24828 
1 0.000719419 -1.75815e-05 0.00319242 -0.000719444 0.999999 -0.00143033 0.0263898 1.65515e-05 0.00143034 0.999999 -1.25336 
1 -3.4625e-05 4.15286e-05 0.00409508 3.4723e-05 0.999997 -0.00236175 0.0274723 -4.14476e-05 0.00236175 0.999997 -1.24942 
0.999999 0.000705454 -0.000990118 0.00808501 -0.000706167 1 -0.000719667 0.0266037 0.000989609 0.000720366 0.999999 -1.23982 
0.999999 -6.29972e-05 -0.0013685 0.00598454 6.41181e-05 1 0.000818396 0.0203638 0.00136845 -0.000818483 0.999999 -1.24017 
0.999998 0.000963568 -0.00160589 0.0110195 -0.000961209 0.999999 0.00146851 0.0231912 0.00160731 -0.00146696 0.999998 -1.2274 
1 0.000373798 -0.000925796 0.000102162 -0.000372745 0.999999 0.00113833 0.02706 0.000926217 -0.00113798 0.999999 -1.24153 
0.999999 0.000338718 -0.00149258 0.0045892 -0.000337967 1 0.000502905 0.023417 0.00149275 -0.0005024 0.999999 -1.21663 
0.999999 -0.000264766 -0.00146404 0.00928906 0.000263954 1 -0.000554008 0.0206823 0.00146419 0.00055362 0.999999 -1.22888 
0.999999 0.000277699 -0.00116019 -0.000762299 -0.000280069 0.999998 -0.00204318 0.0278747 0.00115962 0.0020435 0.999997 -1.2153 
0.999999 -0.000850319 -0.00128036 0.0140157 0.00084993 1 -0.000304637 0.026509 0.00128062 0.000303547 0.999999 -1.21399 
0.999999 -0.000158411 -0.00145271 0.0122961 0.000158554 1 9.82803e-05 0.0186069 0.0014527 -9.85104e-05 0.999999 -1.21291 
0.999999 0.000835771 -0.000655637 0.000857085 -0.000835842 1 -0.000109474 0.0285387 0.000655544 0.000110022 1 -1.21468 
0.999999 -0.000725004 -0.00142107 0.012094 0.000724578 1 -0.00029998 0.0244977 0.00142129 0.000298949 0.999999 -1.1738 
1 -0.000366575 -0.000638979 0.00555128 0.000366493 1 -0.000128814 0.0253768 0.000639026 0.00012858 1 -1.19746 
0.999999 0.000735663 -0.00107845 0.0152696 -0.000735781 1 -0.000108608 0.0261698 0.00107837 0.000109402 0.999999 -1.17073 
1 0.000543837 -0.000553719 0.00201261 -0.000543714 1 0.000222928 0.0198958 0.000553841 -0.000222626 1 -1.16969 
1 -0.000113396 -0.000517565 0.0123367 0.000112864 1 -0.00102886 0.0285652 0.000517683 0.0010288 0.999999 -1.15257 
1 0.000748926 0.000519387 -9.14335e-05 -0.000748462 0.999999 -0.000893875 0.0225236 -0.000520058 0.000893486 1 -1.1268 
1 -0.000214951 0.000283703 0.0109596 0.000214935 1 5.78642e-05 0.0251014 -0.000283715 -5.78035e-05 1 -1.11349 
1 -0.000599377 0.000616161 0.00422788 0.000598832 0.999999 0.000885561 0.0263569 -0.000616691 -0.000885193 0.999999 -1.10721 
1 -0.000464985 0.000568654 0.00403416 0.000464365 0.999999 0.0010925 0.0174654 -0.000569165 -0.00109224 0.999999 -1.08459 
1 0.000227967 0.000366348 0.0100826 -0.000227944 1 -6.40479e-05 0.0247667 -0.000366362 6.39647e-05 1 -1.06808 
0.999999 0.00059516 0.000953646 0.00836569 -0.000595308 1 0.000154146 0.0204995 -0.000953554 -0.000154715 0.999999 -1.06352 
0.999998 0.000460939 0.00204719 -0.00391304 -0.000459312 1 -0.000794932 0.0219693 -0.00204756 0.000793991 0.999998 -1.04378 
0.999997 0.0010227 0.00213873 0.005513 -0.00101966 0.999999 -0.00142502 0.0211749 -0.00214018 0.00142283 0.999997 -1.03728 
0.999998 -0.000389162 0.00181652 0.00955743 0.000392008 0.999999 -0.00156616 0.0218968 -0.00181591 0.00156687 0.999997 -1.03575 
0.999997 -0.000140856 0.00233354 0.00523424 0.000142015 1 -0.000497103 0.0280466 -0.00233347 0.000497432 0.999997 -1.00259 
0.999996 -9.14681e-06 0.00278288 0.00357735 7.46695e-06 1 0.000603822 0.0176206 -0.00278288 -0.0006038 0.999996 -0.993561 
0.999996 -0.000375014 0.00270372 0.00869775 0.000375168 1 -5.65439e-05 0.0220418 -0.0027037 5.75581e-05 0.999996 -0.979843 
0.999995 -0.000508679 0.00322561 -0.000311136 0.000510912 1 -0.000691351 0.0256166 -0.00322526 0.000692995 0.999994 -0.945374 
0.999996 -0.000364841 0.00289747 0.00706315 0.000364822 1 7.15582e-06 0.0250835 -0.00289747 -6.09644e-06 0.999996 -0.929062 
0.999996 -0.00028464 0.00286618 0.00714016 0.000281726 0.999999 0.00101708 0.0143185 -0.00286647 -0.00101628 0.999995 -0.907761 
0.999996 0.000260576 0.00295787 0.00947428 -0.000262236 1 0.000560912 0.0202765 -0.00295772 -0.000561684 0.999995 -0.881287 
0.999995 -0.000601375 0.0030672 0.00699377 0.000601927 1 -0.000179337 0.0279908 -0.0030671 0.00018118 0.999995 -0.849533 
0.999995 -0.000470402 0.00299843 0.00733471 0.00046806 1 0.0007817 0.0169444 -0.0029988 -0.000780294 0.999995 -0.830261 
0.999996 -0.00129714 0.00248089 0.00869894 0.00129732 0.999999 -7.17936e-05 0.0211492 -0.00248079 7.5011e-05 0.999997 -0.820541 
0.999999 -0.00142504 0.000514856 0.00312901 0.00142516 0.999999 -0.000237962 0.0136251 -0.000514505 0.000238696 1 -0.803864 
1 -2.15665e-06 9.72543e-05 0.00161457 2.26479e-06 0.999999 -0.00111429 0.0197296 -9.72636e-05 0.00111429 0.999999 -0.780518 
1 0.000348174 -0.000315757 0.00283051 -0.000348332 1 -0.000497242 0.0165477 0.000315582 0.000497352 1 -0.767014 
1 -0.00014394 -0.000942335 0.00573587 0.000144133 1 0.000205486 0.018837 0.000942295 -0.000205622 1 -0.746277 
1 -0.000744022 -0.000647977 0.00488663 0.000745185 0.999998 0.00179573 0.0169334 0.000646649 -0.00179621 0.999998 -0.731918 
1 0.000149855 -0.000418445 -0.00337076 -0.000148907 0.999998 0.00226704 0.012363 0.000418782 -0.00226697 0.999997 -0.728195 
0.999999 0.000128318 -0.00136731 0.00593519 -0.000126525 0.999999 0.00131018 0.0151823 0.00136748 -0.00131001 0.999998 -0.735138 
0.999998 -0.000967136 -0.00144381 0.00519705 0.000967757 0.999999 0.000428161 0.0117896 0.00144339 -0.000429559 0.999999 -0.722885 
0.999999 0.00082091 -0.00136553 -0.00164127 -0.000820529 1 0.00028072 0.0119104 0.00136577 -0.000279599 0.999999 -0.718552 
0.999997 0.00027153 -0.00218068 0.0042181 -0.000271565 1 -1.60503e-05 0.0178516 0.00218068 1.66432e-05 0.999998 -0.713547 
0.999998 -0.000759236 -0.00190515 0.00284863 0.000759475 1 0.000125394 0.0130699 0.00190506 -0.000126841 0.999998 -0.707443 
0.999998 0.000736366 -0.00202573 0.000571251 -0.000735316 1 0.000518393 0.00969529 0.00202611 -0.000516902 0.999998 -0.712708 
0.999996 0.000580368 -0.00268047 -7.43866e-05 -0.000582478 0.999999 -0.000786392 0.0196304 0.00268001 0.00078795 0.999996 -0.707687 
0.999994 0.000451006 -0.00332846 0.00249195 -0.000452716 1 -0.000512863 0.0114901 0.00332823 0.000514366 0.999994 -0.711395 
0.999996 0.000726506 -0.00254555 -0.0059005 -0.000726247 1 0.000102446 0.00916505 0.00254562 -0.000100596 0.999997 -0.694214 
0.999993 0.000236424 -0.00361246 0.0125962 -0.000238317 1 -0.000523192 0.0199978 0.00361234 0.000524049 0.999993 -0.696274 
0.999995 0.000674185 -0.00296028 -0.00292873 -0.000672965 0.999999 0.000413292 0.0126126 0.00296056 -0.000411299 0.999996 -0.692841 
0.999996 -0.000123645 -0.00291388 0.000806451 0.000125007 1 0.000466795 0.0111287 0.00291382 -0.000467157 0.999996 -0.686768 
0.999996 -0.000869166 -0.00283991 0.00286371 0.000872284 0.999999 0.00109658 0.00753522 0.00283895 -0.00109906 0.999995 -0.693985 
0.999996 0.000102366 -0.00285245 -7.89165e-05 -0.00010205 1 0.000111801 0.0165794 0.00285246 -0.000111508 0.999996 -0.693878 
0.999996 -0.000285677 -0.0029134 0.00217676 0.00028211 0.999999 -0.00122505 0.0148673 0.00291374 0.00122422 0.999995 -0.702805 
0.999997 0.000149127 -0.00257788 0.00359821 -0.000151149 1 -0.000783888 0.0132632 0.00257776 0.000784275 0.999996 -0.695953 
0.999998 -0.000369123 -0.00212271 -0.00248361 0.000370582 1 0.000686974 0.00883675 0.00212245 -0.000687759 0.999998 -0.71991 
0.999997 0.000116337 -0.00225599 0.00399685 -0.000112814 0.999999 0.00156119 0.0109892 0.00225617 -0.00156094 0.999996 -0.703812 
0.999998 -0.000280153 -0.00218003 0.00586128 0.000285856 0.999997 0.00261584 0.00855374 0.00217929 -0.00261646 0.999994 -0.708206 
0.999998 0.0016034 -0.000499733 -0.00641823 -0.00160265 0.999998 0.00151311 0.010211 0.000502162 -0.00151231 0.999999 -0.725479 
1 -0.000314867 -0.000171948 0.00296354 0.000314949 1 0.000478522 0.00820494 0.000171797 -0.000478575 1 -0.720154 
1 0.000775557 7.97212e-07 -0.000607967 -0.000775557 1 0.00039214 0.0130394 -4.95464e-07 -0.000392141 1 -0.725998 
0.999999 -0.00134584 -0.000199767 0.00299168 0.0013459 0.999999 0.000340615 0.0085907 0.000199307 -0.000340884 1 -0.736191 
1 -0.000572525 -0.000411272 0.00436592 0.000572766 1 0.00058528 0.00858128 0.000410937 -0.000585516 1 -0.740051 
0.999999 0.00120622 -0.000194628 0.0033536 -0.00120587 0.999998 0.00175706 0.0120567 0.000196751 -0.00175683 0.999998 -0.744644 
0.999993 0.00369733 -0.000451924 -0.000548363 -0.00369638 0.999991 0.0020775 0.0105808 0.000459604 -0.00207582 0.999998 -0.750549 
0.999995 0.00328616 -0.00050666 -0.00282812 -0.00328574 0.999994 0.000820359 0.00653267 0.000509351 -0.000818691 1 -0.767212 
0.999996 -0.00273935 -0.000648972 0.00524855 0.0027369 0.999989 -0.00373571 0.0062201 0.000659199 0.00373392 0.999993 -0.780746 
0.999993 -0.00371112 -0.000586161 0.010643 0.00370745 0.999974 -0.0061422 0.0116992 0.00060894 0.00613999 0.999981 -0.784653 
0.999999 0.000904943 -0.000786988 0.00130415 -0.000907805 0.999993 -0.00364469 0.0195508 0.000783684 0.0036454 0.999993 -0.78244 
0.999997 0.00105148 -0.00237737 -0.00116062 -0.00104558 0.999996 0.00248257 0.00774527 0.00237998 -0.00248008 0.999994 -0.80014 
0.999992 -0.000815661 -0.00388536 0.00257778 0.000839412 0.999981 0.00611525 0.00522971 0.00388029 -0.00611847 0.999974 -0.799957 
0.999989 -0.00228033 -0.00403906 0.0113297 0.00229494 0.999991 0.0036165 0.00352919 0.00403078 -0.00362573 0.999985 -0.803711 
0.999994 -0.00169207 -0.00300198 0.00354671 0.00169151 0.999999 -0.000188509 0.00816369 0.0030023 0.000183431 0.999995 -0.815979 
0.999994 0.0013502 -0.00306705 -0.00255013 -0.00135747 0.999996 -0.00236883 0.0108163 0.00306383 0.00237298 0.999992 -0.836761 
0.999991 0.00301014 -0.00298164 -0.00383091 -0.00301949 0.999991 -0.00313661 0.0123758 0.00297217 0.00314558 0.999991 -0.835571 
0.999992 0.00299388 -0.00281605 0.00105095 -0.00299747 0.999995 -0.00127313 0.013252 0.00281223 0.00128155 0.999995 -0.839478 
0.999995 -0.000865398 -0.00312459 0.00146389 0.000862525 0.999999 -0.000920227 0.0169759 0.0031254 0.000917527 0.999995 -0.856354 
0.999995 -0.00211606 -0.00235136 0.00152779 0.00212085 0.999996 0.00203779 0.0107934 0.00234703 -0.00204277 0.999995 -0.842377 
0.999997 -0.000359538 -0.00248826 0.0099535 0.000365248 0.999997 0.00229433 0.0150456 0.00248741 -0.00229523 0.999994 -0.837128 
0.999996 -0.000362115 -0.00276185 0.00654888 0.000362195 1 2.78177e-05 0.0124266 0.00276183 -2.88179e-05 0.999996 -0.859131 
0.999995 -0.00116725 -0.00284705 0.00560951 0.00116106 0.999997 -0.00217645 0.0153155 0.00284959 0.00217313 0.999994 -0.842377 
0.999993 -0.00171303 -0.00329296 0.00721645 0.00170805 0.999997 -0.00151649 0.0137107 0.00329554 0.00151086 0.999993 -0.846924 
0.999997 -0.000321678 -0.00250232 -0.00186729 0.00032227 1 0.000236437 0.0149169 0.00250224 -0.000237244 0.999997 -0.875122 
0.999997 -0.000156945 -0.00266222 0.0040741 0.000158762 1 0.000681761 0.0108995 0.00266211 -0.000682179 0.999996 -0.844971 
0.999995 0.00175643 -0.0026534 0.000926971 -0.00175494 0.999998 0.000564912 0.00908995 0.00265439 -0.000560252 0.999996 -0.836884 
0.999993 0.00337914 -0.00180542 -0.00056839 -0.00338115 0.999994 -0.00111125 0.0205693 0.00180168 0.00111734 0.999998 -0.88385 
1 0.000305183 -0.000573829 -0.00684547 -0.000305006 1 0.000307781 0.0103726 0.000573918 -0.000307606 1 -0.853699 
1 0.000792941 -0.000526749 0.00842476 -0.000793147 1 -0.000390919 0.0197845 0.000526428 0.000391337 1 -0.842468 
1 0.000482429 -0.0004839 -0.000944138 -0.000482397 1 6.59726e-05 0.0127029 0.000483938 -6.57393e-05 1 -0.887085 
1 -0.000457613 0.000244901 0.00560379 0.000457765 1 -0.000618135 0.0138185 -0.000244625 0.000618247 1 -0.865601 
1 -0.000305549 0.000724286 0.000644684 0.000305766 1 -0.000301101 0.0131426 -0.000724189 0.000301322 1 -0.851929 
0.999999 0.00014587 0.0010526 0.000576019 -0.000146649 1 0.000741407 0.0161378 -0.00105246 -0.00074156 0.999999 -0.879425 
0.999999 5.70295e-06 0.00160815 0.00308609 -7.31842e-06 1 0.00100422 0.0137243 -0.00160815 -0.00100423 0.999998 -0.853516 
0.999999 -0.000555637 0.00154853 0.00294876 0.000554758 1 0.000567954 0.0155051 -0.00154883 -0.000567096 0.999999 -0.877106 
0.999998 -0.00118319 0.00155221 0.00559807 0.00118223 0.999999 0.000614797 0.0111823 -0.00155295 -0.00061296 0.999999 -0.855957 
0.999997 -0.0015325 0.00173627 0.00758553 0.00153259 0.999999 -5.03524e-05 0.0188682 -0.00173619 5.30137e-05 0.999998 -0.857849 
0.999997 -0.000651835 0.00213127 0.00482559 0.000652975 1 -0.00053404 0.0122321 -0.00213092 0.000535429 0.999998 -0.841187 
0.999995 0.000307049 0.00300449 0.00357723 -0.000302627 0.999999 -0.0014721 0.0157523 -0.00300495 0.00147118 0.999994 -0.872223 
0.999991 0.000936697 0.00421402 0.00392628 -0.000926659 0.999997 -0.00238339 0.0164552 -0.00421624 0.00237946 0.999988 -0.841553 
0.999986 0.00166281 0.00512047 0.00251389 -0.00165267 0.999997 -0.00198385 0.023519 -0.00512373 0.00197536 0.999985 -0.844055 
0.999989 0.000712062 0.00465801 0.00110531 -0.000705599 0.999999 -0.00138882 0.0176783 -0.004659 0.00138552 0.999988 -0.84903 
0.999989 -0.000155001 0.00476931 0.00787258 0.000156836 1 -0.00038461 0.0122485 -0.00476923 0.000385354 0.999989 -0.818146 
0.99999 0.000824087 0.00450884 0.000547409 -0.000820749 0.999999 -0.000742389 0.0189433 -0.00450945 0.00073868 0.99999 -0.824677 
0.999989 0.000606051 0.00458516 0.00712395 -0.000607375 1 0.000287638 0.0108533 -0.00458498 -0.000290421 0.999989 -0.801147 
0.999992 0.000294768 0.00397847 0.00498629 -0.000294743 1 -6.66466e-06 0.0198736 -0.00397848 5.49282e-06 0.999992 -0.784546 
0.999992 -0.000347186 0.00390583 0.00302601 0.000346676 1 0.00013103 0.0173264 -0.00390587 -0.000129676 0.999992 -0.771545 
0.999993 -0.000753763 0.0036019 0.00957823 0.000753045 1 0.000200599 0.01297 -0.00360204 -0.000197884 0.999994 -0.74173 
0.99999 0.00115755 0.00427774 -0.00263548 -0.00115605 0.999999 -0.000352228 0.0193481 -0.00427815 0.000347279 0.999991 -0.74054 
0.999991 0.000906147 0.00413081 0.00473058 -0.000909141 0.999999 0.000722926 0.0169716 -0.00413015 -0.000726675 0.999991 -0.711914 
0.999988 -0.001249 0.00473741 0.0109684 0.0012417 0.999998 0.00154542 0.014986 -0.00473933 -0.00153952 0.999988 -0.692261 
0.999979 -0.00172586 0.00633165 0.0104012 0.00171397 0.999997 0.00188276 0.0123944 -0.00633488 -0.00187187 0.999978 -0.667908 
0.999965 -0.000586671 0.00838502 0.00908613 0.000572666 0.999998 0.00167265 0.0147474 -0.00838599 -0.00166779 0.999963 -0.648651 
0.999943 3.71564e-05 0.0106772 0.00658131 -4.97328e-05 0.999999 0.00117766 0.0119419 -0.0106771 -0.00117812 0.999942 -0.640228 
0.99991 -0.000334469 0.0134253 0.00629997 0.000332804 1 0.000126163 0.0152686 -0.0134254 -0.000121684 0.99991 -0.629028 
0.999859 -0.000922685 0.0167798 0.0139742 0.000932109 0.999999 -0.000553854 0.0132892 -0.0167792 0.000569417 0.999859 -0.611969 
0.999798 -0.00242415 0.0199375 0.0147896 0.00244031 0.999997 -0.000786004 0.0142815 -0.0199355 0.000834498 0.999801 -0.599731 
0.999743 -0.00156197 0.0226249 0.0193119 0.00155678 0.999999 0.000246908 0.00822115 -0.0226253 -0.000211623 0.999744 -0.591949 
0.999672 -0.0014727 0.0255735 0.0136337 0.00147478 0.999999 -6.26445e-05 0.0157804 -0.0255735 0.00010034 0.999673 -0.57254 
0.9996 -0.00102247 0.0282565 0.015831 0.00102864 0.999999 -0.000203982 0.0107627 -0.0282563 0.000232968 0.999601 -0.556549 
0.999517 -0.00107984 0.0310668 0.0212326 0.00110859 0.999999 -0.000908066 0.00897288 -0.0310658 0.000942067 0.999517 -0.541382 
0.999405 0.000521677 0.034487 0.0160141 -0.000471438 0.999999 -0.0014648 0.00843477 -0.0344877 0.00144767 0.999404 -0.547394 
0.999313 0.000230172 0.037056 0.0229187 -0.000175686 0.999999 -0.0014737 0.00986433 -0.0370564 0.00146617 0.999312 -0.539825 
0.999257 -0.000549051 0.0385362 0.0245132 0.000641976 0.999997 -0.00239903 0.0167165 -0.0385347 0.00242199 0.999254 -0.48819 
0.999155 -0.000501752 0.0410837 0.0237656 0.000587098 0.999998 -0.00206535 0.0125556 -0.0410825 0.00208772 0.999153 -0.502289 
0.999112 -7.08563e-05 0.0421453 0.0240784 0.000152809 0.999998 -0.00194125 0.0110183 -0.0421452 0.00194597 0.99911 -0.490631 
0.999025 0.00119222 0.0441262 0.0170593 -0.00112319 0.999998 -0.00158905 0.014359 -0.0441281 0.00153794 0.999025 -0.499054 
0.99895 0.000515935 0.0458155 0.0297546 -0.000472848 1 -0.000951266 0.00671864 -0.045816 0.000928606 0.99895 -0.449005 
0.998847 0.00108567 0.0480035 0.0228577 -0.00104941 0.999999 -0.000780575 0.0126982 -0.0480043 0.0007293 0.998847 -0.465515 
0.998742 0.0013708 0.0501302 0.0285645 -0.00131671 0.999999 -0.00111185 0.00637913 -0.0501316 0.00104444 0.998742 -0.480347 
0.998677 0.000519648 0.0514177 0.0286713 -0.000445881 0.999999 -0.00144612 0.0052557 -0.0514183 0.00142128 0.998676 -0.461563 
0.9986 -0.000917973 0.0528852 0.0382538 0.000953014 0.999999 -0.00063743 0.0109844 -0.0528847 0.000686939 0.9986 -0.460953 
0.998527 0.00112761 0.0542395 0.0427704 -0.00112732 0.999999 -3.60329e-05 0.00853539 -0.0542395 -2.51681e-05 0.998528 -0.453751 
0.998397 0.00340991 0.056498 0.0478821 -0.00327937 0.999992 -0.002403 0.010911 -0.0565058 0.00221388 0.9984 -0.423981 
0.998213 0.0050485 0.0595396 0.0421753 -0.00482291 0.999981 -0.00393218 0.00472069 -0.0595584 0.003638 0.998218 -0.447906 
0.998074 0.0027178 0.0619779 0.050415 -0.00253179 0.999992 -0.00307965 0.00166798 -0.0619856 0.0029168 0.998073 -0.427628 
0.998015 -0.00252221 0.062923 0.0565491 0.00270627 0.999992 -0.00284006 0.00392818 -0.0629154 0.0030047 0.998014 -0.428497 
0.998004 -0.00604256 0.0628676 0.0578918 0.00628502 0.999974 -0.00365961 0.015521 -0.0628439 0.00404744 0.998015 -0.417908 
0.997965 -0.00444438 0.063608 0.0397034 0.00458069 0.999987 -0.00199732 0.00890064 -0.0635984 0.00228462 0.997973 -0.400284 
0.997977 -0.00213644 0.0635469 0.0498962 0.00223213 0.999997 -0.00143486 0.00426197 -0.0635436 0.0015738 0.997978 -0.413811 
0.998014 -0.000357648 0.0629843 0.0342102 0.000478679 0.999998 -0.00190644 0.00206089 -0.0629835 0.0019328 0.998013 -0.379898 
0.998058 0.000721965 0.0622931 0.031189 -0.000494188 0.999993 -0.00367193 0.0108547 -0.0622953 0.00363402 0.998051 -0.39682 
0.998091 -8.1297e-05 0.0617658 0.0355225 0.000326274 0.999992 -0.00395623 0.00805378 -0.061765 0.00396883 0.998083 -0.399643 
0.998053 -0.00191341 0.0623468 0.0620728 0.00218161 0.999988 -0.00423398 0.0250235 -0.0623379 0.00436176 0.998045 -0.382084 
0.997899 -0.00205452 0.0647601 0.0450439 0.00232141 0.999989 -0.00404637 0.0141039 -0.0647511 0.00418819 0.997893 -0.406479 
0.997802 -0.000494977 0.0662615 0.0318909 0.000882626 0.999983 -0.00582111 0.00815964 -0.0662575 0.0058668 0.997785 -0.43103 
0.997768 -0.00109327 0.0667699 0.044342 0.00152161 0.999978 -0.00636451 0.00228786 -0.0667615 0.00645189 0.997748 -0.431728 
0.997669 -0.0016333 0.0682247 0.0283508 0.00212025 0.999973 -0.00706562 0.0108242 -0.0682114 0.00719381 0.997645 -0.440897 
0.997816 -0.00145303 0.0660439 0.0614929 0.00187575 0.999978 -0.00633912 0.00813103 -0.0660332 0.00644915 0.997797 -0.470459 
0.997579 -0.000282303 0.0695484 0.00497437 0.000684318 0.999983 -0.00575664 0.00421333 -0.0695456 0.00579029 0.997562 -0.47002 
0.997888 -0.00152611 0.0649461 0.0809326 0.00187078 0.999985 -0.00524653 0.00969696 -0.0649371 0.00535695 0.997875 -0.43737 
0.997854 -0.00101986 0.0654694 0.0391541 0.0011907 0.999996 -0.00257058 0.00290537 -0.0654666 0.00264301 0.997851 -0.50605 
0.997909 -0.000753097 0.0646345 0.0319214 0.000796973 0.999999 -0.000652998 -0.000703812 -0.0646339 0.000703169 0.997909 -0.521622 
0.998095 -0.00105122 0.0616942 0.0427856 0.00111196 0.999999 -0.00095025 0.00347424 -0.0616932 0.00101702 0.998095 -0.557373 
0.998235 -0.00152576 0.0593721 0.0309753 0.0015467 0.999999 -0.000306784 -0.00778389 -0.0593716 0.000398085 0.998236 -0.561829 
0.998455 -0.00229496 0.0555184 0.0307465 0.00239333 0.999996 -0.0017056 0.000895977 -0.0555142 0.00183582 0.998456 -0.579224 
0.998816 -0.00288459 0.0485541 0.0738983 0.00305317 0.99999 -0.00339792 0.0130849 -0.0485438 0.00354218 0.998815 -0.455048 
0.998824 0.00197586 0.0484484 0.0236816 -0.00180565 0.999992 -0.00355701 0.00300598 -0.0484549 0.00346532 0.998819 -0.62236 
0.998724 0.00560271 0.0501835 0.00880432 -0.00534448 0.999972 -0.00527828 0.0112991 -0.0502118 0.00500334 0.998726 -0.647293 
0.998755 0.00339208 0.0497746 0.02388 -0.00312942 0.999981 -0.00535432 0.0135188 -0.0497917 0.00519189 0.998746 -0.667191 
0.998861 -0.000799533 0.0477104 0.038147 0.000898783 0.999998 -0.00205871 0.00310755 -0.0477086 0.00209925 0.998859 -0.639313 
0.99888 -0.00353217 0.0471765 0.01828 0.00345712 0.999993 0.0016726 -2.21729e-05 -0.0471822 -0.00150762 0.998885 -0.724487 
0.999012 -0.0016537 0.0444175 0.0304565 0.00153588 0.999995 0.00268626 0.0019846 -0.0444217 -0.00261538 0.999009 -0.744141 
0.999006 -0.00341143 0.0444416 0.0110016 0.00326342 0.999989 0.00340254 -0.00273657 -0.0444527 -0.00325412 0.999006 -0.721527 
0.99912 -0.00139954 0.0419255 0.0263519 0.00132778 0.999998 0.00173947 0.00279975 -0.0419278 -0.00168228 0.999119 -0.782928 
0.999132 -0.00240227 0.0415768 0.0271149 0.00245129 0.999996 -0.00112793 -0.00018096 -0.041574 0.00122888 0.999135 -0.824203 
