1 0 0 0 0 1 0 0 0 0 1 0 
0.999979 -0.000413883 0.00646342 0.00775274 0.000416494 1 -0.000402624 0.00214881 -0.00646325 0.000405309 0.999979 -0.091703 
0.999975 -0.000538942 0.00711301 0.0068096 0.000537232 1 0.000242383 -0.000112685 -0.00711314 -0.000238556 0.999975 -0.0968762 
0.99997 -0.000440423 0.00771194 0.00751795 0.000434762 1 0.000735779 0.000189749 -0.00771226 -0.000732405 0.99997 -0.0970342 
0.99996 -0.000358825 0.00893785 0.0136553 0.000346105 0.999999 0.00142459 -0.000314676 -0.00893835 -0.00142143 0.999959 -0.10586 
0.999933 -0.000295935 0.0115504 0.0114459 0.000278787 0.999999 0.00148628 0.00247115 -0.0115508 -0.00148296 0.999932 -0.11109 
0.999911 0.000154386 0.0133404 0.01843 -0.000163083 1 0.000650829 0.00250488 -0.0133403 -0.000652948 0.999911 -0.12606 
0.999862 -0.000115452 0.0165914 0.014506 0.000108971 1 0.000391423 -0.00404457 -0.0165915 -0.000389561 0.999862 -0.136847 
0.999822 0.0016435 0.0188108 0.0118921 -0.00163923 0.999999 -0.000242115 0.00441159 -0.0188112 0.000211237 0.999823 -0.157377 
0.999803 0.000936332 0.0198541 0.0238551 -0.000940255 1 0.000188287 0.00270126 -0.019854 -0.000206918 0.999803 -0.161695 
0.999754 0.000348342 0.0221573 0.0265534 -0.000355449 1 0.000316777 0.00252728 -0.0221572 -0.000324575 0.999754 -0.166386 
0.999703 -0.0043843 0.0239849 0.0295278 0.00435475 0.99999 0.00128414 0.00216246 -0.0239903 -0.00117931 0.999711 -0.175271 
0.999661 -0.0045324 0.0256469 0.0343242 0.00448985 0.999989 0.00171653 0.00418434 -0.0256544 -0.0016008 0.99967 -0.183107 
0.99962 -0.00342653 0.0273611 0.0348558 0.00339127 0.999993 0.00133505 0.00240865 -0.0273655 -0.00124175 0.999625 -0.193647 
0.999548 -0.00062429 0.0300538 0.0318205 0.000603612 0.999999 0.000697188 -0.000142042 -0.0300542 -0.000678731 0.999548 -0.199021 
0.999494 -0.00206599 0.0317341 0.0324284 0.0020712 0.999998 -0.000131317 0.00318416 -0.0317338 0.000196978 0.999496 -0.208914 
0.999444 -0.00175432 0.0332787 0.0351776 0.00176475 0.999998 -0.00028422 0.000131877 -0.0332781 0.00034279 0.999446 -0.210763 
0.99937 -0.00198372 0.0354435 0.0239 0.00201207 0.999998 -0.000764442 0.00596358 -0.0354419 0.000835277 0.999372 -0.186281 
0.999365 -0.00240874 0.0355527 0.0344523 0.00240845 0.999997 5.10244e-05 0.00472441 -0.0355527 3.4634e-05 0.999368 -0.212546 
0.999343 -0.00315661 0.0361201 0.0353421 0.00314206 0.999995 0.000459343 -0.00134667 -0.0361213 -0.000345551 0.999347 -0.213797 
0.999263 -0.000590595 0.0383809 0.0294566 0.000580104 1 0.000284539 0.000245061 -0.038381 -0.000262066 0.999263 -0.211258 
0.999155 0.00434008 0.040863 0.0247891 -0.00441015 0.999989 0.00162468 -0.00168311 -0.0408554 -0.00180352 0.999163 -0.22101 
0.999045 0.00486621 0.0434248 0.0275027 -0.00492306 0.999987 0.00120242 0.00254597 -0.0434184 -0.00141505 0.999056 -0.222556 
0.998891 -0.00080771 0.0470673 0.035593 0.000939174 0.999996 -0.00277125 0.0102239 -0.047065 0.00281237 0.998888 -0.229379 
0.998688 -0.00462497 0.0509893 0.0460491 0.00477782 0.999985 -0.00287637 0.00775706 -0.0509752 0.00311621 0.998695 -0.247696 
0.998596 -0.00349363 0.0528598 0.047475 0.00351044 0.999994 -0.000224988 0.00167067 -0.0528588 0.000410231 0.998602 -0.255615 
0.99847 0.00057218 0.0552882 0.0410514 -0.00061581 1 0.000772175 0.0043648 -0.0552877 -0.000805042 0.99847 -0.266786 
0.998348 0.00543939 0.0571942 0.0320086 -0.00544561 0.999985 -4.71165e-05 0.00047376 -0.0571936 -0.000264418 0.998363 -0.280318 
0.998271 0.00505648 0.0585577 0.03317 -0.00507426 0.999987 0.000154986 0.0019545 -0.0585563 -0.000451853 0.998284 -0.28391 
0.998323 0.00223172 0.0578453 0.0416021 -0.00216108 0.999997 -0.00128385 0.00269404 -0.057848 0.00115669 0.998325 -0.29579 
0.998206 0.00178874 0.0598431 0.0386147 -0.00165089 0.999996 -0.00235277 0.003855 -0.0598471 0.00224976 0.998205 -0.312823 
0.998322 0.000888744 0.0578972 0.0708189 -0.000852289 0.999999 -0.000654262 -0.0064383 -0.0578977 0.000603816 0.998322 -0.296343 
0.998195 -0.000423971 0.0600511 0.0509727 0.000513875 0.999999 -0.00148168 -0.00172716 -0.0600504 0.00150986 0.998194 -0.332177 
0.998159 0.000141348 0.0606527 0.0449808 -6.13905e-06 0.999997 -0.00222946 -0.000298575 -0.0606529 0.00222498 0.998156 -0.346739 
0.998201 -0.000433783 0.0599536 0.0414476 0.000558907 0.999998 -0.00207024 0.00572763 -0.0599526 0.00210003 0.998199 -0.364156 
0.998264 0.00177848 0.0588637 0.0349841 -0.00156588 0.999992 -0.00365778 0.00423993 -0.0588696 0.00355926 0.998259 -0.335926 
0.998414 0.0034248 0.0561889 0.0329044 -0.00328178 0.999991 -0.00263731 0.00576089 -0.0561975 0.00244873 0.998417 -0.383994 
0.998649 0.00102648 0.0519599 0.0378013 -0.000961197 0.999999 -0.00128146 0.0126253 -0.0519612 0.00122979 0.998648 -0.380237 
0.998836 -0.00348341 0.0481156 0.0402403 0.00350095 0.999994 -0.000280314 0.00398967 -0.0481143 0.000448438 0.998842 -0.412198 
0.999081 -0.00455758 0.0426324 0.0411959 0.00453743 0.99999 0.00056941 -0.00338636 -0.0426345 -0.000375445 0.999091 -0.429636 
0.999284 -0.000480051 0.037836 0.0296197 0.000422501 0.999999 0.00152903 0.00604554 -0.0378367 -0.00151194 0.999283 -0.425329 
0.999404 4.15122e-05 0.0345113 0.02737 -0.000131447 0.999997 0.00260366 0.00365391 -0.0345111 -0.00260665 0.999401 -0.45684 
0.999516 -0.000971861 0.0310915 0.0305753 0.000887823 0.999996 0.00271664 0.00379822 -0.031094 -0.00268772 0.999513 -0.472964 
0.999648 -0.00112852 0.0264891 0.0210309 0.00108002 0.999998 0.00184551 0.00371741 -0.0264911 -0.00181626 0.999647 -0.496656 
0.999777 -0.000986671 0.0211027 0.0107794 0.000928876 0.999996 0.00274834 -0.00603308 -0.0211053 -0.00272812 0.999774 -0.505439 
0.999867 -0.00031087 0.0163266 0.0156908 0.000295551 1 0.000940743 -0.00421064 -0.0163268 -0.00093579 0.999866 -0.527546 
0.999912 0.00114708 0.0132076 0.00736237 -0.00114355 0.999999 -0.000274992 0.000518702 -0.0132079 0.000259862 0.999913 -0.537576 
0.999955 -0.000478774 0.00948972 0.0104904 0.000491915 0.999999 -0.00138231 0.00689832 -0.00948907 0.00138692 0.999954 -0.557262 
0.999974 -0.00225378 0.0068426 0.00762653 0.00226396 0.999996 -0.00147993 0.00948584 -0.00683926 0.00149538 0.999975 -0.570184 
0.999991 7.295e-05 0.00430749 0.00973892 -6.8306e-05 0.999999 -0.00107809 0.00662799 -0.00430757 0.00107778 0.99999 -0.596487 
0.999998 0.00181911 0.00127698 0.00642538 -0.00181859 0.999998 -0.000413191 0.00215882 -0.00127773 0.00041087 0.999999 -0.619617 
0.999997 0.00236052 -0.000730023 -0.00718355 -0.00236191 0.999995 -0.00190878 0.00174171 0.000725515 0.00191049 0.999998 -0.616342 
0.999999 -0.00047957 -0.00142934 0.000621319 0.000476055 0.999997 -0.00245893 0.0090448 0.00143052 0.00245825 0.999996 -0.640451 
0.999995 -0.0023959 -0.00196831 0.00706339 0.00239517 0.999997 -0.000372147 0.0125625 0.00196918 0.000367432 0.999998 -0.65158 
0.999998 -0.00130821 -0.00153081 0.00142527 0.00131191 0.999996 0.00241942 0.00384727 0.00152764 -0.00242142 0.999996 -0.660334 
0.999999 -0.0011552 -0.00127868 0.0055151 0.00115527 0.999999 5.76208e-05 0.00662397 0.00127862 -5.90946e-05 0.999999 -0.701571 
0.999999 0.00059886 -0.00162931 0.000146389 -0.000603193 0.999996 -0.00266023 0.00209817 0.00162771 0.00266121 0.999995 -0.706092 
0.999997 -0.001354 -0.00223714 0.00654125 0.00134579 0.999992 -0.00366359 0.0121182 0.00224209 0.00366057 0.999991 -0.722359 
0.999999 -0.000334022 -0.00174374 0.00483322 0.000330291 0.999998 -0.00214136 0.0141526 0.00174443 0.00214078 0.999996 -0.736364 
0.999997 -0.00169533 -0.00175077 0.00298834 0.00169603 0.999999 0.000399171 0.00925779 0.00175009 -0.000402139 0.999998 -0.732843 
0.999996 -0.00242101 -0.0017245 0.00797224 0.00242624 0.999992 0.00303878 0.00332016 0.00171712 -0.00304295 0.999994 -0.762512 
0.999998 -0.000844801 -0.00184005 0.00934792 0.000845954 1 0.000625646 0.00323796 0.00183953 -0.000627201 0.999998 -0.778475 
0.999996 0.00257724 -0.00125736 -0.00357056 -0.00257966 0.999995 -0.00193036 0.00721425 0.00125239 0.0019336 0.999997 -0.772518 
0.999997 0.00240361 -0.00110285 0.000608444 -0.00240604 0.999995 -0.00221105 0.0171684 0.00109752 0.0022137 0.999997 -0.79228 
0.999999 0.000970332 -0.00134486 0.00337076 -0.000972531 0.999998 -0.00163458 0.00913143 0.00134327 0.00163589 0.999998 -0.794592 
1 0.000105916 -0.000680171 0.00532675 -0.000102693 0.999989 0.00473421 0.00982872 0.00068067 -0.00473414 0.999988 -0.808178 
0.999999 0.00134217 -0.000227928 0.00102472 -0.00134052 0.999974 0.00711007 0.0091459 0.000237495 -0.00710976 0.999975 -0.806311 
0.999995 0.0031323 0.000253178 0.000179291 -0.00313349 0.999983 0.00481867 0.0026978 -0.000238098 -0.00481944 0.999988 -0.820606 
0.999999 0.00112917 0.000383355 0.00249243 -0.0011288 0.999999 -0.000963823 0.00800258 -0.000384465 0.000963387 0.999999 -0.825562 
1 -0.000497857 -0.000241078 0.0111699 0.000495967 0.99997 -0.00777666 0.0173026 0.000244945 0.00777654 0.99997 -0.845282 
0.999999 -0.00131488 0.000613935 -0.00340605 0.00131928 0.999973 -0.00722325 0.0152051 -0.000604406 0.00722406 0.999974 -0.841408 
0.999998 -0.0021765 8.98987e-05 0.00917196 0.00217696 0.999982 -0.00556455 0.0212566 -7.77841e-05 0.00556473 0.999985 -0.836113 
0.999999 -0.00160507 0.00056202 0.0077095 0.00160535 0.999999 -0.000508789 0.0224022 -0.000561222 0.000509687 1 -0.85862 
1 8.54521e-05 0.000429079 0.00381041 -8.70391e-05 0.999993 0.00370331 0.0108101 -0.000428766 -0.00370334 0.999993 -0.839823 
1 -0.000176012 0.00034029 0.00491142 0.000174999 0.999996 0.00296997 0.00867712 -0.000340827 -0.0029699 0.999995 -0.841181 
0.999999 -0.00122965 0.000224821 0.00498629 0.00123 0.999998 -0.00156584 0.015115 -0.000222862 0.00156611 0.999999 -0.842535 
0.999999 -0.00148297 -0.000530213 0.00931215 0.00148155 0.999995 -0.00266582 0.0224904 0.000534177 0.00266503 0.999996 -0.837883 
1 -0.000430583 -1.11461e-05 0.00382614 0.000430595 0.999999 0.00144964 0.0155022 1.05277e-05 -0.00144964 0.999999 -0.835308 
0.999999 -0.00096204 -0.000488624 0.0097065 0.000964615 0.999986 0.00529929 0.0105026 0.000483543 -0.00529976 0.999986 -0.836643 
0.999998 -0.00180485 -0.000266299 0.00357342 0.00180587 0.999991 0.00390844 0.0131977 0.000259228 -0.00390892 0.999992 -0.825447 
0.999999 0.000875992 -0.000445321 0.00571299 -0.000876241 0.999999 -0.000569507 0.00809991 0.000444837 0.000569888 1 -0.841206 
0.999999 0.000941943 -0.000675291 0.00558996 -0.000943509 0.999997 -0.0023216 0.0157935 0.000673093 0.00232224 0.999997 -0.831001 
1 0.000595749 -0.000452414 0.00231457 -0.000597945 0.999988 -0.00486277 0.0142166 0.000449471 0.00486303 0.999988 -0.843784 
1 -1.39419e-06 -0.000832506 0.00613403 -3.13018e-06 0.999985 -0.00543545 0.0158821 0.000832528 0.00543545 0.999985 -0.84446 
1 -0.000202982 2.87071e-05 0.0105782 0.000203078 0.999994 -0.00346084 0.0224559 -2.80142e-05 0.00346084 0.999994 -0.855709 
1 0.000664269 -0.000117972 -0.00504589 -0.000664283 1 -0.000106309 0.021203 0.00011792 0.000106384 1 -0.787376 
1 0.000366306 0.000265665 -0.00109816 -0.000367485 0.99999 0.00445641 0.00931245 -0.000264026 -0.0044565 0.99999 -0.824772 
0.999999 -0.00107742 -0.000541516 0.00684166 0.00107967 0.999991 0.00416823 0.0158203 0.000537015 -0.00416882 0.999991 -0.816769 
0.999991 -0.00414034 -0.000234075 0.0111794 0.00414085 0.999989 0.0022603 0.0153137 0.000224717 -0.00226125 0.999997 -0.816334 
0.999994 -0.00344937 0.000455007 0.0110545 0.00344873 0.999993 0.00139489 0.0119409 -0.00045982 -0.00139331 0.999999 -0.83643 
0.999997 0.00247283 0.000356972 0.00758171 -0.00247368 0.999994 0.00241542 0.0103023 -0.000351004 -0.0024163 0.999997 -0.825188 
0.999994 0.00333199 0.00113561 -3.14713e-05 -0.0033363 0.999987 0.0038212 0.0129147 -0.00112286 -0.00382496 0.999992 -0.831741 
0.99999 0.00452523 0.000744611 0.00620461 -0.00452671 0.999988 0.00199127 0.00772667 -0.000735596 -0.00199461 0.999998 -0.82716 
0.999997 0.0001248 0.00243881 -0.00542593 -0.00011617 0.999994 -0.0035371 0.0141687 -0.00243923 0.0035368 0.999991 -0.816383 
0.999997 0.00199834 0.00121032 0.01373 -0.00199069 0.999978 -0.00629326 0.022536 -0.00122287 0.00629084 0.999979 -0.825325 
0.999996 0.00212448 0.0020499 -0.00473976 -0.00211697 0.999991 -0.00365595 0.0186882 -0.00205766 0.00365158 0.999991 -0.800995 
0.999999 8.46107e-07 0.00142194 0.0054183 -2.48337e-06 0.999999 0.00115031 0.0139422 -0.00142194 -0.0011503 0.999998 -0.81432 
0.999994 -0.00331519 0.00122849 0.00596189 0.00331086 0.999988 0.00350724 0.0160198 -0.00124009 -0.00350314 0.999993 -0.799137 
0.999987 -0.00501515 0.000743248 0.0182877 0.0050128 0.999982 0.00312791 0.0157015 -0.000758953 -0.00312414 0.999995 -0.793304 
0.999991 -0.00394584 0.00142119 0.00431156 0.00394439 0.999992 0.00101867 0.0129738 -0.00142518 -0.00101306 0.999999 -0.792629 
0.999998 -0.00172705 0.000814714 0.0108991 0.00172793 0.999998 -0.00107591 0.0145034 -0.000812873 0.00107731 0.999999 -0.802818 
1 -0.000350069 0.000798404 0.00662804 0.0003516 0.999998 -0.00192096 0.0192889 -0.000797711 0.00192123 0.999998 -0.790104 
0.999998 -0.00140219 0.00115683 0.00274086 0.00140171 0.999999 0.000405648 0.0144926 -0.00115742 -0.000404026 0.999999 -0.791225 
1 -0.000729671 0.000661403 0.00665188 0.000729611 1 9.57581e-05 0.0147859 -0.000661455 -9.52744e-05 1 -0.784054 
0.999998 0.00168504 0.000535183 0.00177574 -0.00168414 0.999997 -0.00168088 0.0135975 -0.000537999 0.00167998 0.999998 -0.785515 
1 0.000677528 0.000266686 0.00133419 -0.000676781 0.999996 -0.00278314 0.0136628 -0.000268571 0.00278295 0.999996 -0.774525 
1 0.000241127 0.000270173 0.00565529 -0.000239957 0.999991 -0.00433711 0.021104 -0.000271209 0.00433705 0.999991 -0.788044 
1 -0.000227612 0.000497878 0.00286961 0.000228629 0.999998 -0.00205294 0.0164411 -0.000497401 0.00205305 0.999998 -0.764866 
1 0.0002755 0.00084848 0.00184917 -0.000275487 1 5.04078e-08 0.0189847 -0.00084848 -2.75671e-07 1 -0.761559 
1 0.00061368 0.000319079 0.0019927 -0.000614256 0.999998 0.00181024 0.0197182 -0.000317968 -0.00181044 0.999998 -0.744518 
1 0.000743404 6.79791e-05 0.00547171 -0.00074367 0.999992 0.00398537 0.0062052 -6.50138e-05 -0.00398542 0.999992 -0.734394 
0.999999 -0.00103026 -0.000344783 0.00919008 0.00103119 0.999996 0.00272031 0.0167836 0.000341989 -0.00272066 0.999996 -0.74432 
0.999999 -0.000553111 -0.00105335 0.000966072 0.000555526 0.999997 0.00229355 0.0108157 0.00105205 -0.00229413 0.999997 -0.710102 
0.999993 -0.00270437 -0.00258239 0.00947857 0.00270556 0.999996 0.000457243 0.0161934 0.00258117 -0.000464229 0.999997 -0.697857 
0.999989 0.000216516 -0.00460684 0.00960064 -0.000220448 1 -0.000853877 0.012499 0.00460666 0.000854876 0.999989 -0.696037 
0.999984 0.000275299 -0.00554592 -0.00688982 -0.000286208 0.999998 -0.00196528 0.0208473 0.00554539 0.00196684 0.999983 -0.650589 
0.999975 0.00170214 -0.0068661 -0.00488615 -0.00170909 0.999998 -0.00100715 0.00859737 0.00686437 0.00101886 0.999976 -0.661285 
0.999958 -0.0010244 -0.00906171 0.00227737 0.00101197 0.999999 -0.00137606 0.0159559 0.00906313 0.00136683 0.999958 -0.63929 
0.999929 -0.00150861 -0.0118661 0.00466371 0.00148604 0.999997 -0.00191017 0.0142742 0.0118689 0.0018924 0.999928 -0.626358 
0.999883 -0.00271881 -0.0150578 0.00224304 0.00269333 0.999995 -0.00171234 0.0143303 0.0150623 0.00167158 0.999885 -0.603333 
0.999834 -0.000449067 -0.0182351 -0.00845218 0.000428012 0.999999 -0.00115835 0.0116326 0.0182356 0.00115034 0.999833 -0.597115 
0.999755 -0.000342663 -0.0221222 -0.0116784 0.00032671 1 -0.000724494 0.00754762 0.0221224 0.000717085 0.999755 -0.570366 
0.999668 0.00115523 -0.025731 -0.0122403 -0.00116779 0.999999 -0.00047316 0.0161586 0.0257305 0.000503048 0.999669 -0.521187 
0.999565 0.00248814 -0.0293963 -0.017458 -0.00246956 0.999997 0.000668238 0.00804102 0.0293979 -0.000595341 0.999568 -0.524658 
0.999409 0.00239275 -0.0342762 -0.0202293 -0.00239072 0.999997 0.000100185 0.00795519 0.0342764 -1.81892e-05 0.999412 -0.509659 
0.999295 0.00172853 -0.0375069 -0.0285711 -0.00173596 0.999998 -0.000165811 0.00549674 0.0375066 0.000230803 0.999296 -0.481598 
0.999127 0.00143315 -0.0417561 -0.0137615 -0.00146223 0.999999 -0.000665983 0.0214648 0.0417551 0.000726456 0.999128 -0.456398 
0.998933 0.00189532 -0.0461437 -0.0161629 -0.00195301 0.999997 -0.00120518 0.00492156 0.0461413 0.00129401 0.998934 -0.435448 
0.998773 0.00565241 -0.0492023 -0.0407524 -0.00565194 0.999984 0.000148674 0.0197031 0.0492024 0.000129604 0.998789 -0.447937 
0.998642 0.00923777 -0.0512638 -0.0485992 -0.00911072 0.999955 0.00271153 0.0116296 0.0512865 -0.0022408 0.998681 -0.447899 
0.998477 0.00605894 -0.0548411 -0.030344 -0.00591518 0.999979 0.00278335 0.017365 0.0548568 -0.00245472 0.998491 -0.399117 
0.998381 0.00637935 -0.056522 -0.0388947 -0.00623657 0.999977 0.00270211 0.00234354 0.0565379 -0.00234524 0.998398 -0.438118 
0.998373 0.00112328 -0.0570168 -0.032753 -0.00109709 0.999999 0.000490632 -0.00287539 0.0570173 -0.000427287 0.998373 -0.449387 
0.998464 0.0028993 -0.0553297 -0.0298958 -0.00292815 0.999996 -0.000440474 0.00883007 0.0553282 0.000601816 0.998468 -0.448448 
0.99858 0.00937812 -0.052442 -0.0514565 -0.0093887 0.999956 4.46904e-05 0.00018394 0.05244 0.000447732 0.998624 -0.455494 
0.998485 0.0116804 -0.0537768 -0.048439 -0.0117058 0.999932 -0.000156306 0.0142876 0.0537715 0.000785572 0.998553 -0.438759 
0.998471 0.0019968 -0.0552495 -0.0287132 -0.00179046 0.999991 0.00378412 0.0171686 0.0552564 -0.00367941 0.998466 -0.40736 
0.998478 -0.00143109 -0.0551298 -0.0267906 0.00186374 0.999968 0.00779731 0.0050199 0.0551169 -0.00788819 0.998449 -0.441025 
0.998333 -0.00260215 -0.0576582 -0.0247879 0.00332579 0.999917 0.0124581 -0.00321949 0.0576211 -0.0126291 0.998259 -0.441063 
0.998276 -0.00408085 -0.0585503 -0.0302086 0.00463295 0.999946 0.00929678 -0.00885475 0.0585092 -0.00955202 0.998241 -0.454327 
0.99821 -0.00304508 -0.0597224 -0.0278702 0.00321168 0.999991 0.0026938 0.00986838 0.0597135 -0.00288078 0.998211 -0.441475 
0.998253 0.000216061 -0.0590826 -0.0384827 -8.37229e-05 0.999998 0.00224238 0.000273824 0.059083 -0.00223352 0.99825 -0.483452 
0.99832 -0.00313 -0.0578592 -0.0310287 0.00328651 0.999991 0.0026101 -0.000559926 0.0578505 -0.00279587 0.998321 -0.49649 
0.998549 -0.00118417 -0.0538419 -0.0363312 0.00113438 0.999999 -0.000955307 0.00879705 0.0538429 0.000892842 0.998549 -0.514549 
0.998708 -0.00701813 -0.0503289 0.00458527 0.00698202 0.999975 -0.000893253 0.00174522 0.0503339 0.000540704 0.998732 -0.541233 
0.998968 -0.00521775 -0.0451162 -0.017067 0.00529181 0.999985 0.00152236 -0.000389099 0.0451076 -0.00175953 0.998981 -0.545719 
0.999236 -0.00471422 -0.0388055 -0.0102692 0.00464304 0.999988 -0.00192433 0.00365552 0.0388141 0.00174268 0.999245 -0.569225 
0.999495 0.000109615 -0.0317736 -0.0166016 -0.000181199 0.999997 -0.00224997 0.00816876 0.0317734 0.00225459 0.999492 -0.569193 
0.999668 0.00082425 -0.0257698 0.00428772 -0.000869252 0.999998 -0.00173523 0.00734349 0.0257683 0.00175705 0.999667 -0.599623 
0.999757 0.000228142 -0.0220473 -0.00943756 -0.000276555 0.999997 -0.00219288 0.00384334 0.0220467 0.00219844 0.999755 -0.614601 
0.999822 -0.00146886 -0.0188265 -0.00679779 0.00141439 0.999995 -0.00290642 0.00853012 0.0188307 0.00287927 0.999819 -0.631828 
0.99986 -0.00494168 -0.0159683 0.00843811 0.00492067 0.999987 -0.0013547 0.00312045 0.0159748 0.00127593 0.999872 -0.662125 
0.999903 -0.00376832 -0.0133796 0.0065155 0.00374417 0.999991 -0.00182955 0.01296 0.0133864 0.00177927 0.999909 -0.653343 
0.999912 0.00158071 -0.0131832 -0.0071106 -0.0015819 0.999999 -8.05359e-05 0.00847596 0.0131831 0.000101384 0.999913 -0.675755 
0.9999 -0.00026344 -0.0141692 -0.00203705 0.000264817 1 9.53132e-05 0.00875634 0.0141691 -9.90559e-05 0.9999 -0.687765 
0.999895 -0.00011819 -0.0145138 -0.00907135 0.000104773 1 -0.000924899 0.00724924 0.0145139 0.000923282 0.999894 -0.70776 
0.999889 -0.00198605 -0.0147721 0.0146179 0.00197951 0.999998 -0.000457468 0.00627154 0.014773 0.000428175 0.999891 -0.734106 
0.999915 -0.000552859 -0.013052 -0.000984192 0.000587008 0.999996 0.00261271 0.00947928 0.0130504 -0.00262015 0.999911 -0.727051 
0.999942 -0.00128194 -0.0107325 -0.0115051 0.00133239 0.999988 0.00469559 0.0158295 0.0107264 -0.00470962 0.999931 -0.731153 
0.999953 0.00134114 -0.00963177 -0.00152588 -0.00128334 0.999981 0.00600434 -0.000794113 0.00963964 -0.0059917 0.999936 -0.750528 
0.999963 -0.000352986 -0.0086189 0.00318146 0.000350895 1 -0.000243867 0.00687313 0.00861894 0.000240831 0.999963 -0.762625 
0.999972 -0.0020558 -0.00726146 0.0280228 0.0020117 0.99998 -0.00607727 0.0084542 0.00727382 0.00606249 0.999955 -0.800858 
0.999981 -0.00393062 -0.00475931 0.0051651 0.00389246 0.99996 -0.008 0.0160658 0.0047906 0.00798132 0.999957 -0.775801 
0.999989 -0.000449604 -0.00467671 0.0121613 0.000431602 0.999993 -0.00384913 0.0170768 0.00467841 0.00384707 0.999982 -0.771469 
0.999994 0.00110749 -0.0032342 -0.00675201 -0.00110533 0.999999 0.000666516 0.0206083 0.00323492 -0.000662938 0.999995 -0.76022 
0.999994 0.00125329 -0.00317561 0.0188217 -0.00124945 0.999998 0.00121093 0.001616 0.00317711 -0.00120695 0.999994 -0.794897 
0.999994 -0.000129813 -0.0033494 0.00840759 0.000120643 0.999996 -0.0027374 0.0242099 0.00334974 0.00273698 0.999991 -0.793962 
0.999994 0.00247544 -0.00237793 -0.00390625 -0.00248131 0.999994 -0.00247078 0.0142145 0.0023718 0.00247666 0.999994 -0.774029 
0.999993 0.00234674 -0.00291855 -0.00239563 -0.0023522 0.999995 -0.00186693 0.0190037 0.00291413 0.00187378 0.999994 -0.768681 
0.999996 0.000477759 -0.00290371 0.000801086 -0.000468399 0.999995 0.00322243 0.0155866 0.00290523 -0.00322106 0.999991 -0.760155 
0.999992 -0.00347869 -0.00187335 0.00977325 0.00349132 0.999971 0.00678475 0.0180209 0.00184969 -0.00679124 0.999975 -0.756287 
0.999997 -0.00134888 -0.00184913 0.0119095 0.00136386 0.999966 0.00811957 0.00259686 0.00183812 -0.00812207 0.999965 -0.748405 
0.999998 -0.0013057 -0.0015021 0.00658417 0.00131214 0.99999 0.00429254 0.00422597 0.00149649 -0.0042945 0.99999 -0.761732 
0.999996 -0.00178795 -0.00236318 0.00912476 0.00178394 0.999997 -0.00169689 0.0120275 0.00236619 0.00169266 0.999996 -0.76659 
0.999993 -0.00305716 -0.00230208 0.0107956 0.00304729 0.999986 -0.00427817 0.0171921 0.00231513 0.00427113 0.999988 -0.754189 
0.999993 -0.00314335 -0.00193937 0.00991058 0.00313342 0.999982 -0.00509993 0.0129278 0.00195536 0.00509382 0.999985 -0.764633 
0.999993 0.00233744 -0.00298207 0.0076828 -0.00234152 0.999996 -0.00136672 0.00947475 0.00297886 0.00137369 0.999995 -0.762554 
0.999996 0.00266388 -0.00116861 0.00157166 -0.00266448 0.999996 -0.000508596 0.0193218 0.00116725 0.000511707 0.999999 -0.764317 
0.999997 0.00222642 -0.00129642 0.00336456 -0.00222647 0.999998 -4.1356e-05 0.0159562 0.00129632 4.42434e-05 0.999999 -0.753475 
1 -0.00011284 -0.000864469 0.00395203 0.000114445 0.999998 0.00185951 0.00942993 0.000864264 -0.0018596 0.999998 -0.746372 
0.999998 0.00192993 -0.000762597 0.000144958 -0.00192909 0.999998 0.00109895 0.0109267 0.000764694 -0.00109748 0.999999 -0.75919 
0.999999 0.00152193 -0.000564363 -0.000892639 -0.00152193 0.999999 1.47263e-05 0.00989699 0.000564404 -1.38667e-05 1 -0.7579 
0.99999 -0.00419838 -0.00118429 0.0161209 0.00419731 0.999991 -0.00089597 0.0115744 0.00118804 0.00089099 0.999999 -0.781422 
1 -1.13169e-05 -0.000213154 0.0100632 1.149e-05 1 0.000818627 0.00916195 0.000213154 -0.000818628 1 -0.77084 
0.999998 0.000551324 0.00196119 -0.00212097 -0.00055138 1 2.99849e-05 0.0127881 -0.00196118 -3.10675e-05 0.999998 -0.775013 
0.999997 0.00203312 0.00151464 0.00919342 -0.00203238 0.999998 -0.000494155 0.0115526 -0.00151563 0.000491076 0.999999 -0.790291 
0.999994 -0.00132031 0.00314995 0.0100555 0.00131931 0.999999 0.000320111 0.00974226 -0.00315036 -0.000315954 0.999995 -0.80529 
0.999985 -0.00488093 0.00246635 0.0175018 0.00488094 0.999988 3.31318e-07 0.0157952 -0.00246633 1.17077e-05 0.999997 -0.77467 
0.999997 -0.000644706 0.00230531 0.0125122 0.000633079 0.999987 0.0050383 0.00829816 -0.00230853 -0.00503683 0.999985 -0.799458 
0.999997 -0.000634271 0.00239053 0.0117188 0.000626109 0.999994 0.00341803 0.00539482 -0.00239268 -0.00341653 0.999991 -0.793411 
0.999999 -0.000307234 0.00132235 0.0166092 0.000304822 0.999998 0.00181493 0.00295699 -0.00132291 -0.00181453 0.999998 -0.797234 
0.999998 -0.000275226 0.00190081 0.0172806 0.000277727 0.999999 -0.00131126 0.00852883 -0.00190043 0.00131178 0.999997 -0.827808 
0.999995 0.00159075 0.00281812 -0.0063858 -0.00158907 0.999999 -0.000604557 0.0104398 -0.00281908 0.000600077 0.999996 -0.827293 
0.999999 0.000479949 0.00143645 0.0052948 -0.000477848 0.999999 -0.0014636 0.00802827 -0.00143713 0.00146291 0.999998 -0.827137 
0.999999 0.000949154 0.00097426 0.00978088 -0.000945123 0.999991 -0.00412918 0.0147458 -0.000978172 0.00412825 0.999991 -0.826366 
1 0.000312715 0.000851259 0.0110703 -0.000308862 0.99999 -0.00451594 0.0118616 -0.000852682 0.00451567 0.999989 -0.880768 
1 0.000476784 -0.00059811 0.00154114 -0.000478071 0.999997 -0.00215158 0.0157447 0.000597097 0.00215186 0.999998 -0.8559 
0.999993 -0.00324751 -0.00201235 0.00657654 0.00324738 0.999995 -6.84614e-05 0.0146775 0.00201256 6.19263e-05 0.999998 -0.855343 
0.999998 0.000385806 -0.00198787 0.010231 -0.000383813 1 0.00100554 0.0100322 0.00198827 -0.00100478 0.999998 -0.8685 
0.999997 0.00206766 -0.00169691 0.00050354 -0.00206344 0.999995 0.00248406 0.00984168 0.001702 -0.00248055 0.999996 -0.861084 
0.999991 0.00412347 -0.0012394 -0.00779724 -0.00412183 0.999991 0.00132015 0.0144182 0.00124482 -0.00131503 0.999998 -0.873352 
0.999996 0.000996117 -0.00265554 0.016983 -0.000995008 0.999999 0.000418842 0.00622427 0.00265598 -0.000416199 0.999996 -0.876087 
0.999996 0.00247967 -0.000855327 0.000297546 -0.00248196 0.999993 -0.00268071 0.016317 0.000848681 0.00268282 0.999996 -0.877213 
0.999996 0.00249685 -0.00130663 0.00655365 -0.00249979 0.999994 -0.00225647 0.0123125 0.00130097 0.00225972 0.999997 -0.87804 
1 0.000487435 -0.000337552 -0.00479126 -0.000487644 1 -0.000617937 0.0221455 0.000337262 0.000618101 1 -0.878189 
0.999995 -0.00246327 -0.00212628 0.0217056 0.00247056 0.999991 0.00342487 0.012426 0.00211781 -0.0034301 0.999992 -0.877563 
0.999996 -0.00277412 -0.00104385 0.0123138 0.00277967 0.999982 0.00535696 0.0174631 0.00102898 -0.00535984 0.999985 -0.859493 
0.999997 -0.00211208 -0.000960272 0.00382233 0.00211743 0.999982 0.00560951 0.00724483 0.000948403 -0.00561153 0.999984 -0.860813 
0.999986 -0.00525874 -0.00103613 0.0139923 0.00526479 0.999969 0.00592548 0.00727499 0.00100495 -0.00593085 0.999982 -0.854225 
0.999999 -9.63244e-05 -0.0011805 0.00811768 9.75977e-05 0.999999 0.00107001 0.00889993 0.0011804 -0.00107013 0.999999 -0.856052 
0.999995 0.00312594 0.000417106 -0.00553131 -0.00312347 0.999978 -0.00581596 0.00976408 -0.000435263 0.00581463 0.999983 -0.862217 
1 0.00106767 0.000226773 0.021759 -0.0010656 0.99996 -0.00889615 0.0188777 -0.000236306 0.0088959 0.99996 -0.874634 
0.999997 0.00223621 0.00135076 0.001297 -0.00222471 0.999962 -0.00845905 0.0300038 -0.0013696 0.00845601 0.999963 -0.856228 
0.999997 0.00142173 0.00216812 0.00485992 -0.00142731 0.999996 0.00257448 0.0138786 -0.00216444 -0.00257757 0.999994 -0.83939 
0.999988 0.00456249 0.00157742 0.00746155 -0.00456768 0.999984 0.00330129 0.0165117 -0.00156233 -0.00330846 0.999993 -0.842094 
0.999996 0.00113627 0.00250552 0.00476837 -0.00114074 0.999998 0.00178868 0.0171376 -0.00250349 -0.00179154 0.999995 -0.837555 
0.999995 -0.00157018 0.00263032 0.0142441 0.0015638 0.999996 0.0024238 0.00717008 -0.00263412 -0.00241968 0.999994 -0.80957 
0.999994 -0.00174873 0.00318214 0.00807953 0.00173744 0.999992 0.00354724 0.0110973 -0.0031883 -0.00354169 0.999989 -0.823555 
0.999991 -0.00110007 0.00420593 0.00383759 0.00108626 0.999994 0.00328379 0.0129715 -0.00420952 -0.00327919 0.999986 -0.817429 
0.999993 -0.00249594 0.00277926 0.0115967 0.00248439 0.999988 0.00415013 0.0108891 -0.00278957 -0.0041432 0.999988 -0.816414 
0.999985 -0.00490624 0.00259844 0.0283661 0.00490661 0.999988 -0.000132196 0.0132734 -0.0025978 0.000144951 0.999996 -0.802635 
0.999988 -0.00341702 0.00357573 0.0101547 0.00342305 0.999993 -0.00168688 0.0104238 -0.00356992 0.0016991 0.999992 -0.809044 
0.999989 -0.00231875 0.00412824 0.0102463 0.00234301 0.99998 -0.00588044 0.0171983 -0.00411451 0.00589005 0.999974 -0.803543 
0.999992 -0.000101722 0.00404599 0.00694275 0.000123585 0.999985 -0.00540425 0.0177631 -0.0040454 0.0054047 0.999977 -0.818977 
0.999987 0.000759346 0.00508039 0.00576782 -0.000741459 0.999994 -0.0035215 0.0176256 -0.00508304 0.00351769 0.999981 -0.800262 
0.999979 0.00077226 0.006405 0.00679779 -0.000765847 0.999999 -0.0010041 0.016921 -0.00640576 0.000999169 0.999979 -0.799103 
0.999979 0.00264279 0.00583351 0.0027771 -0.00262214 0.99999 -0.00354369 0.0144646 -0.00584279 0.00352832 0.999977 -0.78875 
0.999978 -0.000805601 0.00657334 0.0059967 0.000801789 1 0.000582549 0.0159588 -0.0065738 -0.000577264 0.999978 -0.785042 
0.999972 -0.00472152 0.00571544 0.0219955 0.0047169 0.999989 0.000821527 0.0175302 -0.00571922 -0.000794545 0.999983 -0.781136 
0.999981 -0.00204673 0.00591937 0.00965881 0.00202348 0.99999 0.00393172 0.00913477 -0.00592739 -0.00391966 0.999975 -0.783653 
0.999983 0.000616048 0.00587136 0.00600433 -0.00063293 0.999996 0.0028722 0.0106888 -0.00586953 -0.00287586 0.999979 -0.774216 
0.999984 -0.00173072 0.00541088 0.00678253 0.00172192 0.999997 0.00163238 0.0100186 -0.0054137 -0.00162303 0.999984 -0.777718 
0.999987 -0.00110779 0.00489599 0.00621796 0.00113138 0.999988 -0.00481808 0.010077 -0.00489061 0.00482356 0.999976 -0.770592 
0.99998 -0.000427945 0.00625619 0.0102005 0.000451743 0.999992 -0.00380164 0.0154524 -0.00625448 0.00380439 0.999973 -0.772263 
0.999976 0.00188371 0.00665329 0.00125885 -0.00186887 0.999996 -0.0022391 0.0224786 -0.00665747 0.00222662 0.999976 -0.767174 
0.999971 0.00152533 0.00740197 0.00312805 -0.00155725 0.99999 0.00430947 0.00994205 -0.00739533 -0.00432088 0.999963 -0.757469 
0.99997 0.000859661 0.00767927 0.0127792 -0.000916851 0.999972 0.00744856 0.00331903 -0.0076727 -0.00745538 0.999943 -0.742699 
0.999958 0.00226607 0.00893138 0.0110931 -0.00227985 0.999996 0.00153301 0.0129666 -0.00892787 -0.0015533 0.999959 -0.758934 
0.999937 0.000988617 0.0111918 0.00124359 -0.000963934 0.999997 -0.00221213 0.00997758 -0.0111939 0.0022012 0.999935 -0.751106 
0.999933 0.0010884 0.0115142 0.00966644 -0.00102226 0.999983 -0.00574783 0.0112255 -0.0115203 0.00573567 0.999917 -0.760765 
0.999933 0.000784799 0.0115568 0.0195541 -0.000698123 0.999972 -0.00750238 0.0189974 -0.0115623 0.00749381 0.999905 -0.736641 
0.999933 0.000142774 0.0115429 0.0109634 -0.000107865 0.999995 -0.00302498 0.0193319 -0.0115432 0.00302353 0.999929 -0.747757 
0.999922 -0.00451789 0.0116521 0.0159798 0.00446978 0.999981 0.00415254 0.0232148 -0.0116707 -0.00410013 0.999924 -0.739471 
0.999927 -0.00233363 0.0118902 0.0200424 0.00222058 0.999952 0.00951145 0.0101452 -0.0119118 -0.00948435 0.999884 -0.727287 
0.999919 0.00133537 0.01263 0.00796509 -0.00140445 0.999984 0.00546345 -0.000265837 -0.0126224 -0.00548075 0.999905 -0.740814 
0.999915 0.00268046 0.0127095 -0.0033989 -0.00262263 0.999986 -0.00456556 0.00585985 -0.0127216 0.00453185 0.999909 -0.762344 
0.999926 0.000868538 0.0121543 0.00590515 -0.000783686 0.999975 -0.00698429 0.0148177 -0.0121601 0.00697425 0.999902 -0.757645 
0.999921 0.00166188 0.0124949 0.0121117 -0.00160012 0.999986 -0.00495103 0.0162482 -0.0125028 0.00493065 0.99991 -0.748016 
0.999911 0.00162496 0.0132331 0.00852966 -0.00165354 0.999996 0.00214901 0.0139663 -0.0132296 -0.0021707 0.99991 -0.750702 
0.999937 0.000259168 0.0111901 0.0188637 -0.000307709 0.999991 0.00433625 0.0151925 -0.0111889 -0.00433942 0.999928 -0.745361 
0.999952 0.0025084 0.00948319 0.00852585 -0.00257723 0.99997 0.00725368 0.00781727 -0.00946477 -0.00727777 0.999929 -0.734718 
0.999962 0.00202769 0.00850087 0.00038147 -0.00207993 0.999979 0.00614088 0.0039773 -0.00848815 -0.00615832 0.999945 -0.749695 
0.999973 -0.000203057 0.00731367 0.0111847 0.000186056 0.999997 0.00232439 0.00390565 -0.00731412 -0.00232297 0.999971 -0.753952 
0.999945 -0.00615242 0.00852269 0.0155144 0.00615352 0.999981 -0.000101761 0.0159165 -0.00852194 0.000154198 0.999964 -0.766632 
0.999966 0.000429168 0.00817388 0.0140762 -0.000411039 0.999997 -0.00221898 0.014887 -0.00817478 0.00221555 0.999964 -0.744057 
0.99996 0.00263984 0.00859928 -0.00139236 -0.0025839 0.999975 -0.00651073 0.00936341 -0.00861624 0.00648824 0.999942 -0.765999 
0.99997 0.00151492 0.00762767 -0.000934601 -0.00145291 0.999966 -0.00812809 0.0155029 -0.00763974 0.00811677 0.999938 -0.767738 
0.999947 -0.00821603 0.00611258 0.02491 0.00825582 0.999945 -0.00651415 0.024972 -0.00605872 0.00656427 0.99996 -0.77153 
0.999946 -0.00860184 0.00582656 0.0226631 0.00858348 0.999958 0.00316812 0.0157928 -0.00585362 -0.00311794 0.999978 -0.756088 
0.99998 0.00069023 0.00630704 6.48499e-05 -0.00073758 0.999972 0.00750739 0.0114014 -0.00630167 -0.00751188 0.999952 -0.722878 
0.999969 0.00572961 0.005523 -0.0118904 -0.00577369 0.999951 0.00799884 -0.0027597 -0.00547698 -0.00803048 0.999953 -0.776718 
0.999992 -0.000779576 0.00394306 0.00996017 0.00077708 0.999999 0.000636018 0.00614309 -0.00394347 -0.000632951 0.999992 -0.763168 
0.999978 -0.00436082 0.0050548 0.0197487 0.00438545 0.999979 -0.00487438 0.0132933 -0.00503352 0.00489644 0.999975 -0.773743 
0.999982 -0.00107766 0.00584939 0.0083313 0.0011037 0.99999 -0.00445081 0.0180476 -0.0058445 0.00445719 0.999973 -0.765945 
0.999978 0.00306021 0.00592273 -0.00204849 -0.00307275 0.999993 0.00210927 0.0197921 -0.0059163 -0.00212742 0.99998 -0.748459 
0.999989 -0.0010683 0.00452068 0.0174866 0.00103925 0.999979 0.00642559 0.0126469 -0.00452748 -0.00642082 0.999969 -0.801102 
0.999987 -0.000323487 0.00501612 0.00868988 0.000289892 0.999978 0.00669306 0.00557983 -0.00501823 -0.00669152 0.999965 -0.769279 
0.999985 -0.00171603 0.00522482 0.0110626 0.00170926 0.999998 0.0013023 0.00948715 -0.00522703 -0.00129335 0.999986 -0.77298 
0.99999 -0.000712104 0.00431752 0.0100861 0.000727821 0.999993 -0.00363792 0.00812554 -0.00431493 0.00364103 0.999984 -0.778061 
0.999989 -0.00165903 0.00444129 0.014019 0.00166965 0.999996 -0.00239021 0.0181098 -0.00443727 0.0023976 0.999987 -0.775879 
0.999985 0.000442995 0.00551954 -0.00453186 -0.000441239 1 -0.000317951 0.0145423 -0.00551963 0.00031551 0.999985 -0.761154 
0.999988 0.00147941 0.0047403 0.00764465 -0.00148337 0.999999 0.000831635 0.0131385 -0.00473908 -0.000838657 0.999988 -0.766403 
0.999987 0.00211765 0.00472662 0.00439072 -0.00211998 0.999998 0.000485658 0.0167217 -0.00472561 -0.000495666 0.999989 -0.762161 
0.999988 0.000679952 0.00490984 0.0016861 -0.000678796 1 -0.000236554 0.0106189 -0.00490993 0.000233217 0.999988 -0.757431 
0.999989 -0.00135791 0.00454286 0.0191803 0.0013583 0.999999 -8.03191e-05 0.00888634 -0.00454274 8.64901e-05 0.99999 -0.762421 
0.999989 -0.000323738 0.00464112 0.00874329 0.000324787 1 -0.00022709 0.0241773 -0.00464112 0.000228592 0.999989 -0.747116 
0.999988 0.000819327 0.00479096 0.00756073 -0.000839272 0.999991 0.00416387 0.012923 -0.0047875 -0.00416784 0.99998 -0.751846 
0.999986 0.00139061 0.00501177 0.000537872 -0.00141297 0.999989 0.00446022 0.0127797 -0.00500554 -0.00446725 0.999977 -0.734787 
0.999993 0.00022301 0.00369105 0.0108032 -0.000232312 0.999997 0.00251964 0.0124096 -0.00369048 -0.00252048 0.99999 -0.734207 
0.99999 0.000611354 0.00442463 0.0008564 -0.00059752 0.999995 -0.00312878 0.00319457 -0.00442645 0.00312611 0.999985 -0.73764 
0.999993 0.00048101 0.00377268 0.00349045 -0.000447764 0.999961 -0.00880666 0.0167816 -0.00377679 0.0088049 0.999954 -0.732132 
0.99999 0.00303622 0.00318 -0.00117683 -0.0030061 0.999951 -0.00943695 0.0207872 -0.00320849 0.0094273 0.99995 -0.715866 
0.999991 0.00278285 0.00330505 0.000371933 -0.00276722 0.999985 -0.00472197 0.0223107 -0.00331819 0.00471278 0.999983 -0.715622 
0.999989 0.00332893 0.00323948 0.00218582 -0.00333413 0.999993 0.00159933 0.000429153 -0.00323418 -0.00161011 0.999993 -0.703323 
0.999995 1.13692e-05 0.00311422 0.00983238 -2.25828e-05 0.999994 0.00360072 0.0125294 -0.00311416 -0.00360077 0.999989 -0.669052 
0.999994 0.000497902 0.00343594 -0.000360489 -0.000508672 0.999995 0.00313455 0.00837946 -0.00343427 -0.00313628 0.999989 -0.671036 
0.999995 0.00103223 0.00303113 0.00365067 -0.00103512 0.999999 0.000951611 0.0141649 -0.00303018 -0.000954746 0.999995 -0.639114 
0.999994 0.00240093 0.00250545 0.00265884 -0.00240255 0.999997 0.00064244 0.0109813 -0.00250396 -0.000648454 0.999997 -0.631378 
0.999996 4.34881e-06 0.00278118 0.00318527 -1.03295e-06 0.999999 -0.00119155 0.0190899 -0.00278109 0.00119155 0.999996 -0.614731 
0.999997 0.00103165 0.00210306 0.00614548 -0.00102888 0.999999 -0.00131922 0.00993943 -0.0021044 0.00131706 0.999997 -0.590683 
0.999994 0.00225697 0.00275245 0.00169754 -0.0022557 0.999997 -0.000462201 0.0131266 -0.00275347 0.000455987 0.999996 -0.558975 
0.999995 0.00200823 0.00267375 0.00234795 -0.00200752 0.999998 -0.000268203 0.0144129 -0.00267437 0.000262832 0.999996 -0.547409 
0.999998 8.62223e-05 0.0020234 0.00946236 -8.8215e-05 1 0.0009849 0.0145948 -0.00202331 -0.000985077 0.999998 -0.501648 
0.999996 -0.002173 0.00209191 0.0132637 0.00216527 0.999991 0.00369127 0.00943255 -0.00210011 -0.00368672 0.999991 -0.500671 
0.999997 0.000801842 0.00236848 0.00933266 -0.00081221 0.99999 0.00437718 0.000917196 -0.00236481 -0.00437909 0.999987 -0.474487 
0.999987 0.00306869 0.00415722 0.00236702 -0.0030804 0.999991 0.00281321 -0.00589347 -0.00414845 -0.00282598 0.999988 -0.449005 
0.999977 0.00479662 0.00486714 -0.00184631 -0.00479564 0.999989 -0.000214442 0.00545955 -0.00486815 0.000191097 0.999988 -0.444412 
0.99998 -0.000421603 0.0062798 0.00431824 0.000431859 0.999999 -0.00163188 0.00925374 -0.00627911 0.00163456 0.999979 -0.413544 
0.999971 -0.00338703 0.00679263 0.0110779 0.00340059 0.999992 -0.00198586 0.0115457 -0.00678587 0.00200889 0.999975 -0.392426 
0.999965 -0.00407993 0.00730139 -0.000638962 0.00410779 0.999984 -0.00380446 0.00179291 -0.00728568 0.00383432 0.999966 -0.377548 
0.999978 -0.00157542 0.00648481 0.0230465 0.0016274 0.999967 -0.00801935 0.0252047 -0.00647202 0.00802973 0.999947 -0.34906 
0.999966 0.000304311 0.00818837 0.00282288 -0.000267376 0.99999 -0.00451156 0.019084 -0.00818962 0.00450922 0.999956 -0.337616 
0.999949 0.00376957 0.00933048 0.00515366 -0.0037676 0.999993 -0.000228351 -0.00069809 -0.00933126 0.000193193 0.999956 -0.325256 
0.999938 0.00358267 0.0105185 0.021986 -0.00357367 0.999993 -0.000874432 0.00786638 -0.0105217 0.000836776 0.999944 -0.290649 
0.999887 0.00265661 0.0147959 0.0051918 -0.00264532 0.999996 -0.000782412 0.00236225 -0.0147979 0.000743187 0.99989 -0.283783 
0.999851 0.000200608 0.0172416 0.00801277 -0.000186651 1 -0.000810954 0.00913572 -0.0172417 0.000807622 0.999851 -0.267441 
0.999809 -0.0026398 0.0193792 0.018919 0.00263434 0.999996 0.000306955 0.00887156 -0.01938 -0.000255844 0.999812 -0.25238 
0.999759 -0.000361558 0.021964 0.0158801 0.000294551 0.999995 0.003054 0.00387144 -0.021965 -0.0030468 0.999754 -0.233124 
0.999747 -0.00129268 0.0224579 0.0194869 0.00118886 0.999989 0.00463536 0.0112395 -0.0224637 -0.00460748 0.999737 -0.220322 
0.999748 -0.000174002 0.0224628 0.0141199 4.47739e-05 0.999983 0.00575332 0.000639677 -0.0224634 -0.00575087 0.999731 -0.213821 
0.99974 -0.00439791 0.0223642 0.0222955 0.00431327 0.999983 0.00383127 0.00428462 -0.0223806 -0.00373381 0.999743 -0.2052 
0.99972 -0.00739346 0.0224941 0.0250092 0.00735723 0.999972 0.0016933 0.00793195 -0.022506 -0.00152734 0.999745 -0.204407 
0.9997 -0.00294631 0.0242941 0.0146027 0.00291797 0.999995 0.00120212 -0.0132767 -0.0242975 -0.00113086 0.999704 -0.221909 
0.999666 0.00298594 0.0256809 0.0118961 -0.00297685 0.999995 -0.000391949 -0.00447392 -0.0256819 0.00031536 0.99967 -0.215408 
0.999677 0.00307994 0.0252105 0.0310268 -0.00302344 0.999993 -0.00227925 0.0104098 -0.0252172 0.0022023 0.99968 -0.181671 
0.999584 -0.000215237 0.0288536 0.0205288 0.000280492 0.999997 -0.0022575 0.00204563 -0.0288531 0.00226465 0.999581 -0.210678 
