1 0 0 0 0 1 0 0 0 0 1 0 
0.999979 0.000416494 -0.00646325 -0.00834617 -0.000413883 1 0.000405308 -0.00210843 0.00646342 -0.000402625 0.999979 0.0916519 
0.999975 0.000537232 -0.00711314 -0.00749846 -0.000538943 1 -0.000238556 9.32445e-05 0.00711301 0.000242384 0.999975 0.0968253 
0.99997 0.000434762 -0.00771226 -0.00826616 -0.000440423 1 -0.000732404 -0.000257505 0.00771194 0.000735779 0.99997 0.0969731 
0.99996 0.000346106 -0.00893836 -0.0146009 -0.000358825 0.999999 -0.00142143 0.000169102 0.00893786 0.00142459 0.999959 0.105734 
0.999933 0.000278786 -0.0115508 -0.012729 -0.000295936 0.999999 -0.00148296 -0.0026325 0.0115504 0.00148628 0.999932 0.110946 
0.999911 -0.000163083 -0.0133403 -0.0201096 0.000154386 1 -0.000652947 -0.00259003 0.0133404 0.000650831 0.999911 0.125801 
0.999862 0.000108972 -0.0165915 -0.0167741 -0.00011545 1 -0.000389562 0.00399293 0.0165914 0.000391423 0.999862 0.136589 
0.999822 -0.00163923 -0.0188112 -0.0148431 0.0016435 0.999999 0.000211237 -0.00439788 0.0188108 -0.000242115 0.999823 0.157127 
0.999802 -0.000940256 -0.0198539 -0.0270581 0.000936332 1 -0.000206918 -0.00275705 0.0198541 0.000188287 0.999803 0.161189 
0.999755 -0.000355448 -0.0221572 -0.0302326 0.000348342 1 -0.000324575 -0.00259054 0.0221573 0.000316778 0.999755 0.165756 
0.999703 0.00435475 -0.0239903 -0.0337333 -0.0043843 0.99999 -0.00117931 -0.00223968 0.0239849 0.00128414 0.999712 0.17451 
0.999661 0.00448985 -0.0256544 -0.0390288 -0.0045324 0.999988 -0.0016008 -0.00432184 0.0256469 0.00171653 0.999669 0.182159 
0.99962 0.00339127 -0.0273655 -0.0401499 -0.00342653 0.999993 -0.00124175 -0.00252966 0.0273611 0.00133505 0.999625 0.192617 
0.999548 0.000603611 -0.0300542 -0.0377875 -0.000624292 1 -0.000678732 2.68258e-05 0.0300538 0.000697186 0.999548 0.197975 
0.999494 0.0020712 -0.0317338 -0.0390483 -0.00206599 0.999998 0.00019698 -0.00307601 0.0317341 -0.000131316 0.999496 0.20778 
0.999445 0.00176475 -0.0332781 -0.0421722 -0.00175432 0.999998 0.000342792 2.08244e-06 0.0332787 -0.000284219 0.999446 0.209475 
0.99937 0.00201207 -0.0354418 -0.030499 -0.00198372 0.999998 0.000835274 -0.00576057 0.0354435 -0.000764444 0.999371 0.185321 
0.999365 0.00240845 -0.0355527 -0.0419983 -0.00240874 0.999997 3.4634e-05 -0.00463405 0.0355527 5.10244e-05 0.999368 0.211186 
0.999343 0.00314207 -0.0361213 -0.0430372 -0.0031566 0.999995 -0.00034555 0.00138435 0.03612 0.000459342 0.999347 0.212381 
0.999263 0.0005801 -0.038381 -0.0375432 -0.000590599 1 -0.000262064 -0.000283027 0.0383809 0.00028454 0.999263 0.209972 
0.999155 -0.00441014 -0.0408555 -0.0338048 0.00434008 0.999989 -0.00180352 0.00117691 0.040863 0.00162468 0.999163 0.219815 
0.999045 -0.00492306 -0.0434183 -0.0371269 0.00486621 0.999987 -0.00141506 -0.0029947 0.0434248 0.00120242 0.999056 0.221148 
0.998892 0.000939182 -0.0470649 -0.046359 -0.000807701 0.999996 0.00281238 -0.00954997 0.0470674 -0.00277124 0.998888 0.227477 
0.998689 0.00477782 -0.0509753 -0.0586522 -0.00462496 0.999984 0.00311621 -0.0067721 0.0509893 -0.00287637 0.998695 0.245047 
0.998596 0.00351043 -0.0528587 -0.060926 -0.00349364 0.999994 0.000410232 -0.00139995 0.05286 -0.000224985 0.998602 0.252748 
0.99847 -0.000615814 -0.0552878 -0.0557359 0.000572177 1 -0.000805043 -0.00460306 0.0552881 0.000772176 0.99847 0.264104 
0.998348 -0.0054456 -0.0571937 -0.0479854 0.00543939 0.999985 -0.000264418 -0.000721972 0.0571942 -4.71165e-05 0.998363 0.278028 
0.998271 -0.00507426 -0.0585563 -0.0497277 0.00505648 0.999987 -0.000451855 -0.00225049 0.0585579 0.000154985 0.998284 0.28148 
0.998323 -0.00216108 -0.057848 -0.0586376 0.00223172 0.999997 0.00115669 -0.00244474 0.0578453 -0.00128385 0.998325 0.292892 
0.998206 -0.00165089 -0.059847 -0.0572606 0.00178874 0.999996 0.00224976 -0.00322028 0.0598431 -0.00235277 0.998205 0.30996 
0.998322 -0.000852294 -0.0578978 -0.0878632 0.00088874 1 0.000603819 0.0065543 0.0578972 -0.000654258 0.998322 0.291741 
0.998195 0.000513874 -0.0600505 -0.0708275 -0.000423972 0.999999 0.00150986 0.00225031 0.0600511 -0.00148168 0.998194 0.328513 
0.998159 -6.13742e-06 -0.0606529 -0.0659289 0.000141351 0.999998 0.00222498 0.00106368 0.0606527 -0.00222945 0.998156 0.343371 
0.998201 0.000558906 -0.0599525 -0.0632083 -0.000433785 0.999998 0.00210002 -0.00494491 0.0599536 -0.00207024 0.998199 0.361027 
0.998265 -0.00156588 -0.0588697 -0.054692 0.00177849 0.999992 0.00355926 -0.00310646 0.0588635 -0.00365778 0.998259 0.333297 
0.998414 -0.00328178 -0.0561974 -0.0544121 0.0034248 0.999991 0.00244873 -0.00493324 0.0561889 -0.00263731 0.998417 0.381552 
0.998649 -0.000961197 -0.0519611 -0.0574961 0.00102648 0.999999 0.00122979 -0.0121964 0.0519599 -0.00128147 0.998648 0.377776 
0.998836 0.00350095 -0.0481143 -0.06004 -0.00348341 0.999994 0.000448436 -0.0036646 0.0481156 -0.000280316 0.998842 0.409785 
0.99908 0.00453743 -0.0426346 -0.0594597 -0.00455758 0.999989 -0.000375444 0.00341274 0.0426324 0.000569408 0.999091 0.427492 
0.999284 0.0004225 -0.0378367 -0.0456944 -0.000480051 0.999999 -0.00151194 -0.00667438 0.037836 0.00152902 0.999283 0.423894 
0.999404 -0.000131446 -0.0345111 -0.043119 4.15127e-05 0.999996 -0.00260665 -0.00484584 0.0345113 0.00260366 0.999401 0.455613 
0.999516 0.000887822 -0.031094 -0.04527 -0.000971862 0.999996 -0.00268772 -0.00503968 0.0310915 0.00271664 0.999513 0.471773 
0.999649 0.00108002 -0.0264911 -0.0341849 -0.00112853 0.999998 -0.00181626 -0.00459574 0.0264891 0.00184552 0.999647 0.495917 
0.999777 0.000928877 -0.0211053 -0.02144 -0.000986669 0.999996 -0.00272813 0.00466478 0.0211026 0.00274834 0.999773 0.505113 
0.999867 0.000295551 -0.0163268 -0.0243006 -0.000310871 1 -0.000935794 0.00372184 0.0163266 0.00094074 0.999866 0.527225 
0.999912 -0.00114355 -0.0132079 -0.0144606 0.00114709 0.999999 0.000259867 -0.00038746 0.0132076 -0.000274989 0.999913 0.537433 
0.999955 0.000491913 -0.00948904 -0.0157809 -0.000478775 0.999999 0.00138692 -0.00612041 0.00948973 -0.00138232 0.999954 0.557146 
0.999974 0.00226396 -0.00683925 -0.0115471 -0.00225378 0.999996 0.00149538 -0.00861599 0.00684261 -0.00147993 0.999976 0.570129 
0.999991 -6.83069e-05 -0.00430758 -0.0123076 7.29491e-05 1 0.00107779 -0.00598584 0.00430749 -0.00107808 0.99999 0.596446 
0.999998 -0.00181858 -0.00127774 -0.00721312 0.00181911 0.999998 0.000410864 -0.00191598 0.00127697 -0.000413189 0.999999 0.619608 
0.999997 -0.00236191 0.000725515 0.00763416 0.00236052 0.999995 0.00191049 -0.000547275 -0.000730038 -0.00190877 0.999998 0.616339 
0.999999 0.000476054 0.00143053 0.000290394 -0.000479571 0.999997 0.00245825 -0.00747007 -0.00142936 -0.00245892 0.999996 0.640472 
0.999995 0.00239517 0.0019692 -0.00581026 -0.0023959 0.999997 0.00036743 -0.0123061 -0.00196831 -0.000372145 0.999998 0.651597 
0.999998 0.00131191 0.00152764 -0.000421047 -0.00130821 0.999996 -0.00242143 -0.0054443 -0.0015308 0.00241942 0.999996 0.660323 
0.999998 0.00115527 0.00127862 -0.00462484 -0.00115519 0.999999 -5.90947e-05 -0.006659 -0.00127868 5.76209e-05 0.999999 0.701577 
0.999999 -0.000603192 0.00162769 0.00100517 0.00059886 0.999996 0.00266121 -0.000219181 -0.00162931 -0.00266023 0.999995 0.706095 
0.999997 0.00134579 0.00224209 -0.00493813 -0.00135399 0.999992 0.00366057 -0.00946498 -0.00223714 -0.00366359 0.999991 0.722412 
0.999998 0.000330288 0.00174446 -0.00355291 -0.000334024 0.999998 0.00214078 -0.0125745 -0.00174373 -0.00214136 0.999996 0.736399 
0.999997 0.00169603 0.00175009 -0.00172138 -0.00169533 0.999998 -0.000402138 -0.00954747 -0.00175077 0.000399172 0.999998 0.732843 
0.999996 0.00242624 0.00171713 -0.00667048 -0.00242101 0.999993 -0.00304294 -0.00562117 -0.0017245 0.00303878 0.999994 0.76251 
0.999998 0.000845953 0.00183953 -0.00791836 -0.000844801 1 -0.000627201 -0.00371838 -0.00184005 0.000625646 0.999998 0.778488 
0.999996 -0.00257966 0.00125239 0.00455618 0.00257724 0.999995 0.0019336 -0.0057112 -0.00125737 -0.00193037 0.999997 0.772524 
0.999996 -0.00240604 0.00109753 0.000302315 0.0024036 0.999995 0.0022137 -0.0154159 -0.00110284 -0.00221105 0.999997 0.792316 
0.999999 -0.00097253 0.00134327 -0.00229454 0.000970333 0.999998 0.00163589 -0.00783482 -0.00134485 -0.00163459 0.999998 0.794611 
1 -0.000102694 0.00068067 -0.00477552 0.000105915 0.999989 -0.00473414 -0.0136552 -0.000680164 0.00473421 0.999989 0.808128 
0.999999 -0.00134052 0.000237472 -0.000821114 0.00134217 0.999974 -0.00710976 -0.0148797 -0.000227951 0.00711007 0.999975 0.806227 
0.999995 -0.00313349 -0.000238068 -0.000367165 0.0031323 0.999983 -0.00481944 -0.00665323 0.000253201 0.00481867 0.999988 0.820587 
0.999999 -0.0011288 -0.000384443 -0.00280046 0.00112917 0.999999 0.00096339 -0.00721008 0.00038337 -0.000963819 0.999999 0.825571 
1 0.000495967 0.000244938 -0.0109706 -0.000497857 0.99997 0.00777654 -0.0107231 -0.000241093 -0.00777666 0.99997 0.845396 
0.999999 0.00131928 -0.000604421 0.00287724 -0.00131488 0.999973 0.00722406 -0.00913066 0.00061392 -0.00722326 0.999974 0.841497 
0.999997 0.00217696 -7.77841e-05 -0.00928354 -0.0021765 0.999982 0.00556473 -0.0165835 8.98987e-05 -0.00556454 0.999985 0.836214 
0.999999 0.00160535 -0.000561193 -0.00822783 -0.00160507 0.999999 0.000509687 -0.0219524 0.000562057 -0.000508785 1 0.858625 
1 -8.704e-05 -0.000428766 -0.00416946 8.54512e-05 0.999993 -0.00370334 -0.0139205 0.000429079 0.00370331 0.999993 0.839775 
1 0.000175 -0.000340812 -0.00519991 -0.000176011 0.999995 -0.00296991 -0.0111743 0.000340298 0.00296997 0.999996 0.84115 
0.999999 0.00123 -0.000222892 -0.00519371 -0.00122965 0.999998 0.00156612 -0.0137892 0.000224799 -0.00156584 0.999999 0.842558 
0.999999 0.00148155 0.000534177 -0.00889826 -0.00148297 0.999995 0.00266503 -0.0202435 -0.000530221 -0.00266581 0.999996 0.837946 
1 0.000430598 1.05277e-05 -0.00382328 -0.000430581 0.999999 -0.00144964 -0.0167113 -1.11461e-05 0.00144963 0.999999 0.835285 
1 0.000964616 0.00048352 -0.00931263 -0.000962039 0.999986 -0.00529976 -0.0149271 -0.000488639 0.00529929 0.999986 0.836582 
0.999998 0.00180587 0.000259236 -0.00338364 -0.00180485 0.999991 -0.00390892 -0.0164179 -0.000266284 0.00390845 0.999992 0.825386 
1 -0.000876246 0.000444822 -0.00533199 0.000875989 1 0.000569897 -0.00762552 -0.000445336 -0.000569501 1 0.841213 
0.999999 -0.000943509 0.000673108 -0.0050149 0.000941943 0.999997 0.00232224 -0.0138689 -0.000675291 -0.00232161 0.999997 0.831036 
1 -0.000597942 0.000449516 -0.00192595 0.000595752 0.999988 0.00486303 -0.0101146 -0.000452392 -0.00486277 0.999988 0.843842 
1 -3.13111e-06 0.000832506 -0.0054307 -1.39605e-06 0.999985 0.00543545 -0.0112918 -0.000832528 -0.00543546 0.999985 0.84454 
1 0.000203079 -2.79918e-05 -0.0106068 -0.000202982 0.999994 0.00346085 -0.0194923 2.87145e-05 -0.00346084 0.999994 0.855782 
1 -0.000664284 0.000117913 0.0051527 0.00066427 1 0.000106385 -0.0211161 -0.00011798 -0.000106302 1 0.787373 
1 -0.000367487 -0.000264034 0.000884056 0.000366304 0.99999 -0.00445651 -0.0129879 0.000265658 0.00445641 0.99999 0.824726 
0.999999 0.00107967 0.000537023 -0.00641966 -0.00107742 0.999991 -0.00416881 -0.0192177 -0.000541516 0.00416824 0.999991 0.816715 
0.999992 0.00414086 0.000224717 -0.0110593 -0.00414034 0.999989 -0.00226125 -0.0171133 -0.00023409 0.00226031 0.999997 0.816296 
0.999994 0.00344873 -0.000459813 -0.0114808 -0.00344937 0.999993 -0.00139331 -0.0130682 0.000455007 0.00139489 0.999999 0.836411 
0.999997 -0.00247368 -0.000350997 -0.00784636 0.00247283 0.999994 -0.0024163 -0.012315 0.000356987 0.00241542 0.999997 0.825153 
0.999994 -0.00333631 -0.00112285 -0.000859261 0.00333198 0.999987 -0.00382496 -0.0160958 0.00113561 0.0038212 0.999992 0.831688 
0.999989 -0.00452671 -0.000735596 -0.00677872 0.00452523 0.999988 -0.00199462 -0.00940436 0.000744618 0.00199126 0.999998 0.827141 
0.999997 -0.000116173 -0.00243925 0.00343561 0.000124797 0.999994 0.00353681 -0.0112805 0.00243881 -0.0035371 0.999991 0.816441 
0.999997 -0.00199069 -0.00122288 -0.0146956 0.00199834 0.999978 0.00629084 -0.0173708 0.00121032 -0.00629326 0.999979 0.825439 
0.999995 -0.00211697 -0.00205765 0.00312948 0.00212447 0.999991 0.00365159 -0.015753 0.00204991 -0.00365594 0.999991 0.801071 
0.999999 -2.48221e-06 -0.00142194 -0.00657749 8.47038e-07 0.999999 -0.00115031 -0.0148792 0.00142195 0.0011503 0.999998 0.814293 
0.999994 0.00331086 -0.00124008 -0.00700569 -0.00331519 0.999988 -0.00350315 -0.0187995 0.00122848 0.00350723 0.999993 0.799068 
0.999987 0.0050128 -0.000758931 -0.0189676 -0.00501515 0.999983 -0.00312414 -0.018088 0.000743277 0.00312791 0.999995 0.79324 
0.999991 0.00394439 -0.0014252 -0.00549316 -0.00394584 0.999992 -0.00101306 -0.01376 0.00142116 0.00101867 0.999998 0.79261 
0.999998 0.00172793 -0.000812851 -0.0115767 -0.00172705 0.999998 0.00107731 -0.0136198 0.000814728 -0.0010759 0.999999 0.802822 
1 0.000351604 -0.000797741 -0.00726604 -0.000350069 0.999998 0.00192123 -0.0177687 0.000798374 -0.00192095 0.999998 0.790131 
0.999998 0.00140172 -0.0011574 -0.00367785 -0.00140218 0.999999 -0.00040403 -0.0148087 0.00115686 0.000405649 0.999999 0.79121 
1 0.000729609 -0.000661455 -0.00718164 -0.000729674 1 -9.52757e-05 -0.0148559 0.000661395 9.57578e-05 1 0.784046 
0.999998 -0.00168414 -0.000538006 -0.00217581 0.00168504 0.999997 0.00167998 -0.0122806 0.000535175 -0.00168088 0.999998 0.785538 
1 -0.000676783 -0.000268586 -0.00153351 0.000677528 0.999996 0.00278296 -0.0115081 0.000266686 -0.00278313 0.999996 0.774567 
1 -0.000239953 -0.000271223 -0.00586462 0.000241131 0.99999 0.00433704 -0.017687 0.000270188 -0.00433711 0.999991 0.788124 
1 0.000228632 -0.000497401 -0.00325441 -0.000227606 0.999998 0.00205305 -0.01487 0.000497878 -0.00205294 0.999998 0.764896 
0.999999 -0.0002755 -0.000848457 -0.00248909 0.000275485 1 -2.82074e-07 -0.0189854 0.00084848 4.35393e-08 1 0.761559 
1 -0.000614254 -0.000317961 -0.00221729 0.000613678 0.999998 -0.00181043 -0.0210673 0.000319079 0.00181024 0.999998 0.74448 
1 -0.000743669 -6.50287e-05 -0.00551462 0.000743406 0.999992 -0.00398542 -0.0091362 6.79716e-05 0.00398537 0.999992 0.734364 
1 0.00103119 0.000341997 -0.00895214 -0.00103025 0.999996 -0.00272066 -0.0187991 -0.000344798 0.0027203 0.999996 0.744274 
0.999999 0.000555526 0.00105208 -0.000223637 -0.000553111 0.999997 -0.00229413 -0.0124443 -0.00105333 0.00229355 0.999997 0.710075 
0.999993 0.00270556 0.00258115 -0.00772047 -0.00270437 0.999996 -0.000464231 -0.0164918 -0.00258242 0.000457242 0.999996 0.697868 
0.999989 -0.00022045 0.00460666 -0.00639105 0.00021651 1 0.00085488 -0.0119064 -0.00460684 -0.00085387 0.999989 0.696091 
0.999985 -0.000286205 0.00554537 0.0105042 0.000275305 0.999998 0.00196683 -0.0195661 -0.00554593 -0.00196528 0.999983 0.650581 
0.999975 -0.0017091 0.00686438 0.00944042 0.00170214 0.999998 0.00101886 -0.00791538 -0.00686609 -0.00100715 0.999976 0.661247 
0.999958 0.00101198 0.00906311 0.00350046 -0.0010244 0.999999 0.00136683 -0.0150799 -0.00906173 -0.00137605 0.999958 0.639309 
0.999929 0.00148605 0.011869 0.00274992 -0.00150861 0.999997 0.0018924 -0.013082 -0.0118661 -0.00191017 0.999928 0.626404 
0.999883 0.00269333 0.0150623 0.00680637 -0.00271882 0.999995 0.00167159 -0.0133153 -0.0150578 -0.00171234 0.999885 0.603325 
0.999834 0.000428014 0.0182356 0.0193343 -0.000449065 0.999999 0.00115034 -0.0109493 -0.0182351 -0.00115834 0.999833 0.59687 
0.999755 0.000326712 0.0221224 0.0242912 -0.00034266 1 0.000717085 -0.0071429 -0.0221222 -0.000724493 0.999755 0.569977 
0.999668 -0.0011678 0.0257305 0.0256656 0.00115523 0.999999 0.000503052 -0.0158825 -0.025731 -0.000473156 0.999669 0.520706 
0.999565 -0.00246957 0.0293979 0.0328945 0.00248814 0.999997 -0.000595349 -0.0083096 -0.0293963 0.000668227 0.999568 0.523911 
0.99941 -0.00239072 0.0342764 0.0377059 0.00239275 0.999997 -1.81738e-05 -0.00791574 -0.0342762 0.000100192 0.999412 0.508675 
0.999295 -0.00173597 0.0375066 0.0466251 0.00172852 0.999999 0.000230807 -0.00533569 -0.0375069 -0.000165811 0.999296 0.480202 
0.999127 -0.00146223 0.0417551 0.0328398 0.00143315 0.999999 0.000726456 -0.0211134 -0.0417562 -0.000665983 0.999128 0.455437 
0.998933 -0.00195301 0.0461413 0.0362473 0.00189533 0.999997 0.00129401 -0.00432765 -0.0461436 -0.00120518 0.998934 0.43425 
0.998773 -0.00565194 0.0492024 0.062849 0.00565241 0.999984 0.000129595 -0.0194144 -0.0492023 0.000148662 0.998789 0.445389 
0.998643 -0.00911072 0.0512866 0.0716095 0.00923777 0.999955 -0.0022408 -0.0121838 -0.0512638 0.00271153 0.998682 0.444786 
0.998477 -0.00591518 0.0548568 0.0522957 0.00605894 0.999979 -0.00245472 -0.0181605 -0.0548412 0.00278335 0.998491 0.39679 
0.998381 -0.00623657 0.056538 0.0636177 0.00637935 0.999977 -0.00234523 -0.00312269 -0.056522 0.00270211 0.998398 0.435204 
0.998373 -0.0010971 0.0570173 0.0583172 0.00112328 0.999999 -0.000427284 0.00272018 -0.0570168 0.000490638 0.998373 0.446785 
0.998464 -0.00292816 0.0553282 0.0546799 0.0028993 0.999996 0.000601813 -0.00847352 -0.0553297 -0.000440479 0.998468 0.446114 
0.99858 -0.0093887 0.0524401 0.0752678 0.00937812 0.999956 0.000447736 0.000502527 -0.0524419 4.46923e-05 0.998624 0.452164 
0.998485 -0.0117058 0.0537713 0.0721245 0.0116804 0.999931 0.000785571 -0.0133761 -0.0537769 -0.000156308 0.998553 0.435524 
0.998471 -0.00179045 0.0552565 0.0512085 0.00199681 0.999991 -0.0036794 -0.0186098 -0.0552494 0.00378411 0.998465 0.405083 
0.998478 0.00186374 0.0551169 0.0510521 -0.00143109 0.999968 -0.00788819 -0.00853696 -0.0551298 0.00779731 0.998449 0.438824 
0.998333 0.00332579 0.057621 0.0501823 -0.00260215 0.999917 -0.0126291 -0.00241566 -0.0576583 0.0124581 0.998259 0.438908 
0.998276 0.00463295 0.0585091 0.0567818 -0.00408085 0.999946 -0.00955201 0.00439131 -0.0585503 0.00929678 0.998241 0.451836 
0.99821 0.00321168 0.0597136 0.0541573 -0.00304508 0.999991 -0.00288078 -0.0112247 -0.0597223 0.0026938 0.998211 0.438995 
0.998253 -8.37223e-05 0.059083 0.0669823 0.000216061 0.999997 -0.00223352 -0.00134504 -0.0590827 0.00224238 0.998251 0.480331 
0.99832 0.00328651 0.0578505 0.0597038 -0.00313 0.999991 -0.00279587 -0.000925303 -0.0578592 0.0026101 0.998321 0.493862 
0.998549 0.00113438 0.0538429 0.0639687 -0.00118417 0.999999 0.000892844 -0.00838053 -0.0538418 -0.000955306 0.998549 0.511852 
0.998708 0.00698201 0.0503338 0.0226364 -0.00701813 0.999975 0.000540702 -0.00142014 -0.0503288 -0.000893254 0.998732 0.540783 
0.998968 0.00529181 0.0451076 0.0416641 -0.00521775 0.999985 -0.00175954 -0.000660181 -0.0451162 0.00152236 0.998981 0.544395 
0.999236 0.00464304 0.0388141 0.0323334 -0.00471422 0.999987 0.00174268 -0.00271183 -0.0388055 -0.00192433 0.999245 0.568405 
0.999495 -0.000181196 0.0317733 0.0346832 0.000109617 0.999997 0.00225459 -0.00688356 -0.0317737 -0.00224997 0.999493 0.568394 
0.999667 -0.000869254 0.0257683 0.0111694 0.000824249 0.999998 0.00175706 -0.00629342 -0.0257697 -0.00173523 0.999666 0.599545 
0.999757 -0.000276555 0.0220467 0.0229645 0.000228141 0.999998 0.00219844 -0.00249001 -0.0220473 -0.00219288 0.999755 0.614254 
0.999822 0.00141439 0.0188307 0.0186615 -0.00146886 0.999995 0.00287927 -0.0067208 -0.0188265 -0.00290642 0.999819 0.631607 
0.99986 0.00492067 0.0159748 0.00210571 -0.00494168 0.999987 0.00127593 -0.00223405 -0.0159683 -0.0013547 0.999872 0.662176 
0.999903 0.00374417 0.0133865 0.00218201 -0.00376833 0.999991 0.00177927 -0.0117728 -0.0133796 -0.00182955 0.999909 0.653393 
0.999912 -0.0015819 0.0131831 0.0160294 0.00158071 0.999999 0.000101383 -0.00839639 -0.0131832 -8.05361e-05 0.999913 0.6756 
0.9999 0.000264817 0.0141692 0.0117874 -0.00026344 1 -9.90557e-05 -0.00882506 -0.0141691 9.53133e-05 0.9999 0.687668 
0.999895 0.000104777 0.0145139 0.0193558 -0.000118188 1 0.000923281 -0.00659668 -0.0145138 -0.000924899 0.999894 0.707556 
0.999889 0.00197951 0.014773 -0.00379944 -0.00198605 0.999998 0.000428175 -0.00592822 -0.0147721 -0.000457467 0.999891 0.734245 
0.999915 0.000587005 0.0130505 0.0104446 -0.000552857 0.999996 -0.00262015 -0.0113849 -0.0130519 0.00261271 0.999911 0.72695 
0.999942 0.0013324 0.0107263 0.0193329 -0.00128193 0.999988 -0.00470962 -0.0192876 -0.0107326 0.00469559 0.999931 0.730904 
0.999953 -0.00128334 0.00963964 0.00876617 0.00134114 0.999981 -0.0059917 -0.00370079 -0.00963178 0.00600434 0.999936 0.750467 
0.999963 0.000350896 0.00861897 0.00340271 -0.000352982 1 0.000240832 -0.00668836 -0.00861885 -0.000243865 0.999963 0.762625 
0.999972 0.00201169 0.0072738 -0.0222092 -0.00205581 0.99998 0.00606249 -0.00354111 -0.00726148 -0.00607728 0.999955 0.801075 
0.999981 0.00389247 0.00479058 -0.00148773 -0.00393062 0.999961 0.00798133 -0.00985289 -0.00475933 -0.008 0.999957 0.775917 
0.999989 0.000431604 0.0046784 -0.00854492 -0.000449603 0.999992 0.00384707 -0.0141033 -0.0046767 -0.00384913 0.999982 0.771576 
0.999994 -0.00110533 0.00323492 0.0092392 0.00110748 0.999999 -0.000662937 -0.0211045 -0.00323417 0.000666518 0.999995 0.760178 
0.999994 -0.00124945 0.00317711 -0.0162888 0.00125329 0.999998 -0.00120696 -0.002599 -0.00317559 0.00121093 0.999994 0.79495 
0.999995 0.000120645 0.00334974 -0.00576019 -0.00012981 0.999996 0.00273698 -0.0220358 -0.0033494 -0.0027374 0.999991 0.794046 
0.999994 -0.00248132 0.0023718 0.00578308 0.00247544 0.999994 0.00247666 -0.0122877 -0.00237793 -0.00247078 0.999994 0.77405 
0.999993 -0.00235219 0.00291415 0.00468445 0.00234674 0.999995 0.00187378 -0.0175576 -0.00291853 -0.00186693 0.999994 0.768703 
0.999996 -0.000468397 0.00290523 0.00140381 0.000477753 0.999995 -0.00322106 -0.0180355 -0.00290371 0.00322243 0.999991 0.760099 
0.999992 0.00349133 0.0018497 -0.00843811 -0.00347869 0.999971 -0.00679124 -0.0231227 -0.00187335 0.00678475 0.999975 0.756165 
0.999997 0.00136386 0.00183812 -0.0105438 -0.00134888 0.999966 -0.00812207 -0.00865936 -0.00184913 0.00811956 0.999965 0.748379 
0.999998 0.00131214 0.00149648 -0.00546265 -0.0013057 0.99999 -0.0042945 -0.00748849 -0.0015021 0.00429253 0.99999 0.761715 
0.999996 0.00178395 0.0023662 -0.00734711 -0.00178795 0.999997 0.00169266 -0.0107136 -0.00236317 -0.00169689 0.999996 0.766628 
0.999993 0.00304729 0.00231513 -0.00911713 -0.00305716 0.999986 0.00427113 -0.0139377 -0.0023021 -0.00427817 0.999988 0.754278 
0.999993 0.00313342 0.00195536 -0.008461 -0.00314335 0.999982 0.00509381 -0.00900149 -0.00193937 -0.00509993 0.999985 0.764709 
0.999993 -0.00234153 0.00297886 -0.00539398 0.00233744 0.999996 0.00137369 -0.00844574 -0.00298206 -0.00136671 0.999995 0.762589 
0.999996 -0.00266447 0.00116725 -0.000640869 0.00266388 0.999996 0.000511708 -0.0189354 -0.00116862 -0.000508596 0.999999 0.764328 
0.999997 -0.00222647 0.00129633 -0.00236511 0.00222641 0.999998 4.42422e-05 -0.0159307 -0.00129643 -4.13573e-05 0.999999 0.753475 
1 0.000114449 0.00086426 -0.00330353 -0.000112836 0.999998 -0.0018596 -0.0108173 -0.00086448 0.00185951 0.999998 0.746353 
0.999998 -0.0019291 0.000764716 0.000465393 0.00192993 0.999998 -0.00109748 -0.01176 -0.000762582 0.00109895 0.999999 0.759178 
0.999999 -0.00152192 0.000564393 0.0013504 0.00152194 0.999999 -1.38672e-05 -0.00990593 -0.000564378 1.47258e-05 1 0.757896 
0.99999 0.00419731 0.00118805 -0.0152359 -0.00419838 0.999991 0.000890991 -0.0108104 -0.00118429 -0.000895969 0.999999 0.781452 
1 1.14862e-05 0.00021315 -0.00989532 -1.1317e-05 1 -0.00081863 -0.0097928 -0.000213165 0.000818626 1 0.770836 
0.999998 -0.000551387 -0.00196117 0.000617981 0.000551321 1 -3.10661e-05 -0.0128111 0.00196119 2.9986e-05 0.999998 0.775017 
0.999997 -0.00203238 -0.00151564 -0.0103683 0.00203313 0.999998 0.000491075 -0.0111833 0.00151464 -0.000494156 0.999999 0.790283 
0.999994 0.00131931 -0.00315037 -0.0126114 -0.00132031 0.999999 -0.000315953 -0.00998354 0.00314995 0.000320111 0.999995 0.805256 
0.999985 0.00488095 -0.00246632 -0.0194931 -0.00488092 0.999988 1.1707e-05 -0.0157007 0.00246636 3.30852e-07 0.999997 0.774624 
0.999997 0.000633087 -0.00230853 -0.0143585 -0.000644704 0.999987 -0.00503683 -0.0123167 0.00230531 0.0050383 0.999985 0.799377 
0.999997 0.000626101 -0.00239269 -0.0136185 -0.000634286 0.999994 -0.00341653 -0.00809801 0.00239053 0.00341803 0.999991 0.793354 
0.999999 0.000304837 -0.00132291 -0.0176773 -0.000307223 0.999998 -0.00181452 -0.00439847 0.00132237 0.00181493 0.999997 0.797195 
0.999998 0.000277716 -0.00190046 -0.0188522 -0.000275237 0.999999 0.00131178 -0.00743806 0.00190079 -0.00131126 0.999997 0.827785 
0.999995 -0.00158906 -0.00281908 0.0040741 0.00159076 0.999999 0.000600077 -0.00993335 0.00281814 -0.000604559 0.999996 0.827316 
0.999999 -0.000477845 -0.00143716 -0.00648499 0.000479949 0.999999 0.00146291 -0.00682104 0.00143643 -0.0014636 0.999998 0.827141 
0.999999 -0.000945125 -0.000978164 -0.010582 0.000949152 0.999991 0.00412825 -0.0113438 0.000974268 -0.00412918 0.999991 0.826412 
1 -0.000308867 -0.000852659 -0.0118179 0.000312711 0.99999 0.00451567 -0.00788748 0.000851274 -0.00451594 0.99999 0.880798 
1 -0.000478071 0.00059709 -0.00102997 0.000476788 0.999998 0.00215186 -0.0139041 -0.000598133 -0.00215158 0.999997 0.855934 
0.999993 0.00324738 0.00201256 -0.00489807 -0.00324751 0.999995 6.19258e-05 -0.0146031 -0.00201234 -6.84612e-05 0.999998 0.855362 
0.999998 -0.000383809 0.00198826 -0.00849152 0.000385813 0.999999 -0.00100478 -0.0109086 -0.00198787 0.00100554 0.999997 0.868507 
0.999996 -0.00206344 0.00170203 0.000976562 0.00206766 0.999995 -0.00248055 -0.0119786 -0.00169688 0.00248406 0.999996 0.861057 
0.999991 -0.00412183 0.00124483 0.00893402 0.00412347 0.999991 -0.00131503 -0.0155346 -0.00123939 0.00132015 0.999998 0.873325 
0.999996 -0.000995008 0.00265596 -0.0146484 0.000996117 1 -0.000416199 -0.00660586 -0.00265557 0.000418844 0.999996 0.876125 
0.999997 -0.00248196 0.000848673 0.000488281 0.00247967 0.999993 0.00268282 -0.0139642 -0.000855334 -0.00268071 0.999996 0.877247 
0.999996 -0.00249979 0.00130098 -0.00538635 0.00249685 0.999994 0.00225972 -0.0103449 -0.00130662 -0.00225646 0.999997 0.878071 
1 -0.000487644 0.000337247 0.00509644 0.000487437 1 0.000618101 -0.0216006 -0.000337567 -0.000617936 1 0.878208 
0.999995 0.00247054 0.00211782 -0.0198746 -0.00246328 0.999991 -0.0034301 -0.0153823 -0.00212626 0.00342487 0.999992 0.87756 
0.999996 0.00277967 0.00102898 -0.0114746 -0.00277412 0.999982 -0.00535984 -0.0220352 -0.00104387 0.00535696 0.999985 0.859394 
0.999997 0.00211743 0.00094841 -0.00302887 -0.00211208 0.999982 -0.00561153 -0.0120673 -0.000960264 0.00560952 0.999984 0.86076 
0.999986 0.00526479 0.00100494 -0.0131531 -0.00525873 0.999969 -0.00593085 -0.0122675 -0.00103614 0.00592548 0.999982 0.854179 
0.999999 9.75885e-05 0.0011804 -0.00709534 -9.63319e-05 1 -0.00107013 -0.00981534 -0.0011805 0.00107002 0.999999 0.856049 
0.999995 -0.00312346 -0.000435274 0.00518799 0.00312595 0.999978 0.00581463 -0.00473297 0.000417084 -0.00581597 0.999983 0.862263 
0.999999 -0.00106561 -0.000236258 -0.0219421 0.00106766 0.99996 0.0088959 -0.0111197 0.000226811 -0.00889615 0.99996 0.87476 
0.999997 -0.0022247 -0.00136962 -0.00241089 0.00223621 0.999962 0.00845601 -0.0227656 0.00135073 -0.00845905 0.999963 0.856453 
0.999997 -0.00142731 -0.00216444 -0.00665283 0.00142173 0.999996 -0.00257757 -0.0160491 0.00216811 0.00257448 0.999994 0.83934 
0.999988 -0.00456767 -0.00156233 -0.00870514 0.00456249 0.999984 -0.00330846 -0.0193315 0.00157742 0.00330129 0.999993 0.84203 
0.999996 -0.00114075 -0.00250348 -0.00684357 0.00113626 0.999998 -0.00179154 -0.0186434 0.00250553 0.00178868 0.999995 0.837517 
0.999995 0.0015638 -0.00263412 -0.0163803 -0.00157018 0.999996 -0.00241968 -0.00910652 0.00263033 0.0024238 0.999994 0.809517 
0.999993 0.00173744 -0.00318831 -0.0107346 -0.00174873 0.999992 -0.00354169 -0.0140001 0.00318212 0.00354724 0.999989 0.823486 
0.999991 0.00108627 -0.00420952 -0.00730896 -0.00110007 0.999994 -0.00327919 -0.015648 0.00420593 0.00328379 0.999986 0.817368 
0.999993 0.00248439 -0.00278958 -0.0138855 -0.00249594 0.999988 -0.0041432 -0.0142424 0.00277925 0.00415013 0.999987 0.81633 
0.999985 0.0049066 -0.00259776 -0.0304947 -0.00490625 0.999988 0.000144947 -0.0130172 0.00259848 -0.000132203 0.999997 0.802567 
0.999988 0.00342306 -0.00356995 -0.0130615 -0.00341701 0.999993 0.0016991 -0.00901413 0.00357571 -0.00168688 0.999992 0.809021 
0.999989 0.00234301 -0.00411452 -0.0135956 -0.00231876 0.99998 0.00589005 -0.0124415 0.00412823 -0.00588044 0.999974 0.803589 
0.999992 0.000123585 -0.00404538 -0.0102768 -0.000101719 0.999985 0.0054047 -0.0133364 0.00404602 -0.00540425 0.999977 0.819023 
0.999987 -0.000741459 -0.00508304 -0.00983429 0.000759346 0.999994 0.00351769 -0.0148146 0.00508039 -0.0035215 0.999981 0.800278 
0.999979 -0.000765844 -0.00640576 -0.0119171 0.000772264 0.999999 0.00099917 -0.0161273 0.006405 -0.0010041 0.999979 0.799065 
0.999979 -0.00262215 -0.00584281 -0.00736237 0.00264279 0.99999 0.00352832 -0.0116894 0.00583348 -0.00354369 0.999977 0.788757 
0.999978 0.000801785 -0.0065738 -0.0111771 -0.000805601 0.999999 -0.000577265 -0.0164075 0.00657336 0.000582548 0.999978 0.784966 
0.999973 0.0047169 -0.00571926 -0.026535 -0.00472152 0.999989 -0.000794545 -0.0180471 0.00571541 0.000821527 0.999983 0.780991 
0.99998 0.00202348 -0.00592735 -0.0143127 -0.00204673 0.99999 -0.00391966 -0.0121868 0.0059194 0.00393172 0.999975 0.783554 
0.999983 -0.000632922 -0.00586957 -0.0105438 0.000616055 0.999996 -0.00287586 -0.0129187 0.00587134 0.0028722 0.999979 0.774132 
0.999984 0.00172191 -0.0054137 -0.0110168 -0.00173073 0.999997 -0.00162303 -0.0112686 0.00541089 0.00163238 0.999984 0.777641 
0.999987 0.00113138 -0.00489059 -0.00998688 -0.00110779 0.999988 0.00482356 -0.0063529 0.00489603 -0.00481808 0.999977 0.770576 
0.99998 0.000451732 -0.00625451 -0.0150528 -0.000427948 0.999993 0.0038044 -0.0125098 0.00625618 -0.00380164 0.999973 0.772232 
0.999976 -0.00186885 -0.00665748 -0.00634003 0.00188373 0.999996 0.00222661 -0.0207729 0.00665331 -0.0022391 0.999975 0.767204 
0.999971 -0.00155726 -0.00739533 -0.00871277 0.00152533 0.999989 -0.00432088 -0.0132194 0.00740194 0.00430947 0.999963 0.757378 
0.99997 -0.000916866 -0.00767265 -0.0184784 0.000859654 0.999972 -0.00745538 -0.00886703 0.0076793 0.00744856 0.999943 0.742538 
0.999958 -0.00227985 -0.0089279 -0.0178375 0.00226607 0.999996 -0.0015533 -0.0141709 0.00893138 0.00153301 0.999959 0.758789 
0.999937 -0.000963919 -0.0111939 -0.0096283 0.000988629 0.999997 0.0022012 -0.00832534 0.0111918 -0.00221213 0.999935 0.751076 
0.999933 -0.00102227 -0.0115203 -0.0184097 0.0010884 0.999983 0.00573567 -0.0068717 0.0115142 -0.00574783 0.999917 0.760658 
0.999933 -0.000698116 -0.0115624 -0.0280685 0.000784799 0.999972 0.00749381 -0.0134914 0.0115568 -0.00750238 0.999905 0.736496 
0.999933 -0.000107865 -0.0115433 -0.0195961 0.000142777 0.999995 0.00302353 -0.0170727 0.0115429 -0.00302498 0.999929 0.747643 
0.999922 0.00446977 -0.0116707 -0.0247078 -0.00451789 0.999981 -0.00410013 -0.0261745 0.0116522 0.00415254 0.999923 0.739128 
0.999927 0.00222059 -0.0119119 -0.0287323 -0.00233363 0.999952 -0.00948435 -0.0169954 0.0118902 0.00951145 0.999884 0.726868 
0.999919 -0.00140446 -0.0126225 -0.0173225 0.00133536 0.999984 -0.00548074 -0.00380492 0.0126299 0.00546345 0.999905 0.740639 
0.999916 -0.00262262 -0.0127216 -0.00627899 0.00268047 0.999986 0.00453184 -0.00239539 0.0127095 -0.00456556 0.999909 0.762352 
0.999926 -0.000783686 -0.0121601 -0.0151024 0.000868535 0.999975 0.00697425 -0.00953817 0.0121543 -0.00698429 0.999902 0.757607 
0.999921 -0.00160012 -0.0125029 -0.021431 0.00166188 0.999987 0.00493064 -0.0125802 0.0124948 -0.00495103 0.99991 0.747879 
0.999911 -0.00165354 -0.0132295 -0.0184364 0.00162496 0.999996 -0.0021707 -0.0156107 0.0132331 0.00214901 0.99991 0.750496 
0.999937 -0.000307711 -0.0111888 -0.0271988 0.00025917 0.99999 -0.00433942 -0.0184321 0.0111901 0.00433625 0.999928 0.745033 
0.999952 -0.00257723 -0.00946468 -0.0154686 0.0025084 0.99997 -0.00727777 -0.0131855 0.00948325 0.00725368 0.999929 0.734528 
0.999962 -0.00207993 -0.00848824 -0.00674438 0.00202769 0.999979 -0.00615832 -0.00859499 0.00850078 0.00614088 0.999945 0.749619 
0.999973 0.000186061 -0.00731415 -0.0167007 -0.000203051 0.999997 -0.00232297 -0.00565493 0.00731367 0.00232439 0.999971 0.753822 
0.999945 0.00615352 -0.00852194 -0.0221481 -0.00615243 0.999981 0.000154199 -0.0157025 0.00852269 -0.000101759 0.999964 0.766464 
0.999967 -0.000411041 -0.00817481 -0.0201454 0.000429167 0.999997 0.00221554 -0.0132443 0.00817388 -0.00221898 0.999964 0.74395 
0.999959 -0.0025839 -0.00861624 -0.00517654 0.00263985 0.999976 0.00648825 -0.00438941 0.00859931 -0.00651073 0.999942 0.766022 
0.99997 -0.00145292 -0.00763974 -0.00489807 0.00151492 0.999966 0.00811677 -0.00926924 0.0076277 -0.00812809 0.999938 0.767822 
0.999948 0.00825582 -0.00605881 -0.0297813 -0.00821602 0.999945 0.00656427 -0.0197012 0.00611258 -0.00651415 0.99996 0.771515 
0.999946 0.00858348 -0.00585362 -0.0272255 -0.00860183 0.999958 -0.00311794 -0.0179548 0.00582659 0.00316812 0.999978 0.75589 
0.99998 -0.000737579 -0.00630173 -0.00461578 0.000690237 0.999972 -0.00751189 -0.0168314 0.00630695 0.00750738 0.999952 0.722763 
0.999968 -0.00577369 -0.00547686 0.00762939 0.00572961 0.999951 -0.00803048 -0.00340986 0.00552309 0.00799884 0.999953 0.776764 
0.999992 0.000777073 -0.00394356 -0.0129776 -0.000779579 1 -0.00063295 -0.00661898 0.00394294 0.000636019 0.999992 0.763123 
0.999978 0.00438546 -0.00503346 -0.0237045 -0.0043608 0.999978 0.00489643 -0.00941801 0.00505486 -0.00487438 0.999975 0.773682 
0.999982 0.0011037 -0.00584453 -0.0128288 -0.00107765 0.99999 0.00445719 -0.0146246 0.00584933 -0.00445081 0.999973 0.765961 
0.999978 -0.00307275 -0.00591624 -0.00231552 0.0030602 0.999993 -0.00212742 -0.0213778 0.00592273 0.00210926 0.99998 0.748428 
0.999989 0.00103925 -0.00452745 -0.0211258 -0.00106832 0.999979 -0.00642082 -0.017771 0.00452071 0.00642559 0.999969 0.800919 
0.999987 0.000289908 -0.00501817 -0.0125504 -0.000323474 0.999977 -0.00669152 -0.0107236 0.00501618 0.00669306 0.999965 0.76918 
0.999985 0.00170925 -0.00522712 -0.0151253 -0.00171604 0.999998 -0.00129335 -0.0104676 0.00522482 0.0013023 0.999985 0.772911 
0.999991 0.000727817 -0.00431496 -0.0134621 -0.000712113 0.999993 0.00364103 -0.00528502 0.00431755 -0.00363792 0.999984 0.778046 
0.999989 0.00166966 -0.0044373 -0.0175056 -0.00165903 0.999996 0.0023976 -0.0162265 0.00444123 -0.00239021 0.999987 0.775864 
0.999985 -0.000441243 -0.00551969 0.000324249 0.000442987 1 0.000315508 -0.0143006 0.00551951 -0.000317953 0.999985 0.761169 
0.999988 -0.00148336 -0.00473908 -0.0112762 0.00147941 0.999999 -0.000838656 -0.0137925 0.00474036 0.000831636 0.999988 0.766342 
0.999987 -0.00211997 -0.00472558 -0.00796127 0.00211765 0.999998 -0.000495669 -0.0171084 0.00472662 0.00048565 0.999989 0.762131 
0.999988 -0.000678799 -0.00490999 -0.00539017 0.000679945 1 0.000233221 -0.0104425 0.00490972 -0.000236555 0.999988 0.757416 
0.999989 0.0013583 -0.0045428 -0.0226593 -0.00135793 0.999999 8.6491e-05 -0.00879407 0.00454289 -8.03191e-05 0.99999 0.762329 
0.999989 0.000324799 -0.00464112 -0.0122261 -0.000323735 1 0.000228594 -0.024004 0.00464118 -0.000227086 0.999989 0.74707 
0.999988 -0.000839275 -0.00478753 -0.0111465 0.000819318 0.999991 -0.00416784 -0.0160632 0.00479099 0.00416387 0.99998 0.751755 
0.999987 -0.00141297 -0.00500551 -0.00419617 0.00139062 0.999989 -0.00446725 -0.0160632 0.00501177 0.00446022 0.999978 0.734726 
0.999993 -0.000232312 -0.00369048 -0.0135078 0.000223015 0.999997 -0.00252048 -0.0142629 0.00369108 0.00251964 0.99999 0.734146 
0.99999 -0.000597514 -0.00442651 -0.00411606 0.000611358 0.999995 0.00312611 -0.000889182 0.00442457 -0.00312878 0.999985 0.73764 
0.999993 -0.000447768 -0.00377679 -0.00624275 0.000480999 0.999961 0.00880491 -0.0103359 0.00377274 -0.00880665 0.999954 0.732254 
0.99999 -0.00300609 -0.00320852 -0.00106812 0.00303623 0.999951 0.0094273 -0.0140333 0.00318 -0.00943696 0.99995 0.716049 
0.999991 -0.00276722 -0.00331816 -0.00268364 0.00278284 0.999985 0.00471279 -0.0189385 0.00330508 -0.00472197 0.999983 0.715729 
0.999989 -0.00333413 -0.00323409 -0.00446129 0.00332894 0.999993 -0.00161011 -0.00156832 0.00323954 0.00159933 0.999994 0.703308 
0.999995 -2.25808e-05 -0.00311413 -0.0119133 1.1366e-05 0.999994 -0.00360077 -0.0149379 0.00311422 0.00360072 0.999989 0.668976 
0.999994 -0.000508671 -0.00343436 -0.00193596 0.0004979 0.999995 -0.00313628 -0.0104835 0.00343582 0.00313455 0.999989 0.671005 
0.999995 -0.00103513 -0.00303009 -0.00558281 0.00103223 0.999999 -0.000954741 -0.0147789 0.00303116 0.000951613 0.999995 0.639084 
0.999994 -0.00240255 -0.0025039 -0.00421524 0.00240093 0.999997 -0.000648454 -0.0113971 0.00250548 0.000642439 0.999997 0.631348 
0.999996 -1.03365e-06 -0.00278118 -0.00489807 4.34997e-06 0.999999 0.00119154 -0.0183573 0.00278112 -0.00119155 0.999995 0.614716 
0.999997 -0.00102888 -0.00210443 -0.00737381 0.00103165 0.999999 0.00131705 -0.00916767 0.00210306 -0.00131922 0.999997 0.590683 
0.999994 -0.0022557 -0.00275353 -0.00321198 0.00225697 0.999997 0.000455989 -0.0128758 0.00275242 -0.000462199 0.999996 0.55899 
0.999994 -0.00200752 -0.00267422 -0.00378418 0.00200823 0.999998 0.000262834 -0.0142736 0.00267383 -0.000268203 0.999996 0.54744 
0.999998 -8.82132e-05 -0.00202331 -0.0104694 8.62207e-05 1 -0.000985077 -0.0150898 0.0020234 0.0009849 0.999997 0.501617 
0.999995 0.00216527 -0.00209996 -0.0143452 -0.002173 0.999991 -0.00368672 -0.0112495 0.00209209 0.00369127 0.999991 0.50061 
0.999997 -0.000812205 -0.00236493 -0.0104561 0.000801851 0.99999 -0.00437909 -0.00300288 0.00236827 0.00437718 0.999988 0.474442 
0.999987 -0.0030804 -0.00414851 -0.00424385 0.00306869 0.999991 -0.00282598 0.00461698 0.00415713 0.00281321 0.999987 0.44899 
0.999977 -0.00479564 -0.00486809 -0.000295639 0.00479662 0.999988 0.000191096 -0.00536573 0.00486726 -0.000214443 0.999988 0.444412 
0.99998 0.000431859 -0.00627914 -0.00692749 -0.000421603 0.999999 0.00163456 -0.00857604 0.00627977 -0.00163188 0.999979 0.413513 
0.999971 0.00340059 -0.00678584 -0.0137939 -0.00338703 0.999992 0.0020089 -0.0107199 0.00679263 -0.00198585 0.999975 0.392365 
0.999965 0.00410778 -0.00728574 -0.00212479 -0.00407993 0.999984 0.00383432 -0.000348091 0.00730133 -0.00380446 0.999966 0.377548 
0.999978 0.0016274 -0.00647193 -0.0253429 -0.00157542 0.999966 0.00802973 -0.0223644 0.00648484 -0.00801935 0.999947 0.349075 
0.999966 -0.000267376 -0.00818965 -0.00558281 0.00030431 0.99999 0.00450922 -0.0175614 0.00818831 -0.00451156 0.999956 0.337646 
0.999949 -0.0037676 -0.00933129 -0.00818634 0.00376957 0.999993 0.000193187 0.000741959 0.00933048 -0.000228359 0.999956 0.32518 
0.999938 -0.00357367 -0.0105215 -0.0249977 0.00358267 0.999993 0.000836787 -0.00770187 0.0105186 -0.000874422 0.999944 0.29039 
0.999887 -0.00264533 -0.014798 -0.00937843 0.00265661 0.999996 0.000743184 -0.00216484 0.0147959 -0.000782414 0.99989 0.283691 
0.999851 -0.000186653 -0.0172418 -0.0126076 0.000200605 1 0.000807615 -0.00892162 0.0172416 -0.000810957 0.999851 0.267273 
0.999809 0.00263435 -0.0193801 -0.0238476 -0.00263979 0.999996 -0.000255845 -0.00888586 0.0193793 0.000306956 0.999812 0.251968 
0.999759 0.00029455 -0.021965 -0.020998 -0.000361559 0.999995 -0.00304679 -0.00457621 0.0219641 0.003054 0.999754 0.232727 
0.999747 0.00118886 -0.0224636 -0.0244412 -0.00129268 0.999988 -0.00460748 -0.0122294 0.022458 0.00463535 0.999737 0.219788 
0.999748 4.47735e-05 -0.0224635 -0.0189271 -0.000174002 0.999984 -0.00575086 -0.00186682 0.0224628 0.00575332 0.999731 0.213486 
0.99974 0.00431327 -0.0223807 -0.0269034 -0.00439791 0.999983 -0.00373381 -0.00495267 0.0223642 0.00383127 0.999743 0.204666 
0.99972 0.00735722 -0.022506 -0.0296683 -0.00739346 0.999972 -0.00152733 -0.00805926 0.0224942 0.00169331 0.999746 0.203766 
0.999701 0.00291797 -0.0242974 -0.0199585 -0.00294631 0.999995 -0.00113087 0.0130684 0.0242941 0.00120211 0.999704 0.221497 
0.999666 -0.00297686 -0.0256819 -0.0174332 0.00298594 0.999995 0.000315368 0.00450599 0.0256809 -0.000391939 0.99967 0.215042 
0.999677 -0.00302343 -0.0252173 -0.0355587 0.00307994 0.999993 0.00220229 -0.0101054 0.0252104 -0.00227925 0.999679 0.180862 
