1 0 0 0 0 1 0 0 0 0 1 0 
0.999996 0.00296751 0.00015723 -0.00608623 -0.00296772 0.999995 0.00137958 -0.0128303 -0.000153135 -0.00138004 0.999999 0.772352 
0.999997 0.00255784 0.000466391 -0.00752151 -0.00255808 0.999997 0.000517824 -0.0178243 -0.000465065 -0.000519018 1 0.76579 
0.999999 0.00124784 0.00049869 -0.00771705 -0.00124777 0.999999 -0.0001546 -0.0192397 -0.000498883 0.000153979 1 0.736385 
0.999998 0.00189049 -0.000173393 -0.00354042 -0.00189054 0.999998 -0.000334074 -0.0147011 0.000172761 0.0003344 1 0.727141 
1 0.000313511 0.000754093 -0.00990766 -0.00031333 1 -0.000241829 -0.0145874 -0.000754169 0.000241593 1 0.715144 
1 9.61748e-05 0.000119377 -0.000189297 -9.62815e-05 1 0.000903402 -0.0144332 -0.00011929 -0.000903413 1 0.688532 
0.999999 0.000943883 0.00101193 -0.0136653 -0.000946873 0.999995 0.00295734 -0.0159483 -0.00100913 -0.0029583 0.999995 0.68087 
0.999999 -0.00016394 0.00116308 0.00680624 0.000159671 0.999993 0.00367117 -0.00643171 -0.00116367 -0.00367098 0.999993 0.664225 
0.999999 -0.000676446 0.00122254 -0.000472415 0.00067205 0.999993 0.00359206 -0.0168144 -0.00122496 -0.00359123 0.999993 0.627533 
0.999999 -0.000807182 0.00134702 -0.0048404 0.000804198 0.999997 0.00221655 -0.0151464 -0.0013488 -0.00221546 0.999997 0.609397 
1 0.000601632 0.000683891 0.00922895 -0.000601709 1 0.000114361 -0.0212354 -0.00068382 -0.000114772 1 0.573127 
0.999999 0.000577287 0.000876443 0.000814319 -0.000575049 0.999997 -0.00255426 -0.0171517 -0.000877917 0.00255376 0.999996 0.553924 
1 -0.000139061 0.00109646 -0.00688849 0.000142209 0.999996 -0.00286951 -0.0110156 -0.00109605 0.00286966 0.999995 0.523219 
0.999998 -0.0015808 0.00140066 0.00946926 0.00158262 0.999998 -0.00129798 -0.0142848 -0.00139861 0.00130019 0.999998 0.494119 
0.99999 -0.00387344 0.00216289 -0.00336724 0.00387874 0.999989 -0.00245289 -0.007414 -0.00215337 0.00246126 0.999995 0.473626 
0.999996 -0.00207927 0.00170802 0.0098269 0.00208112 0.999997 -0.00108195 -0.00792934 -0.00170577 0.0010855 0.999998 0.445283 
0.999989 0.00437773 0.00175725 0.000542492 -0.0043741 0.999988 -0.00206574 -0.0114006 -0.00176627 0.00205803 0.999996 0.417166 
0.999986 0.00432452 0.00315015 -0.00650002 -0.00432215 0.99999 -0.000758482 -0.00819564 -0.0031534 0.000744855 0.999995 0.38694 
0.999995 0.000369921 0.00319533 0.00181019 -0.000374208 0.999999 0.0013421 -0.0125069 -0.00319483 -0.00134329 0.999994 0.342662 
0.999987 -0.00415133 0.00316734 0.00683472 0.00414951 0.999991 0.000579447 -0.00669731 -0.00316971 -0.000566298 0.999995 0.317435 
0.999987 -0.00426852 0.00278766 0.00645527 0.00426975 0.999991 -0.000436349 -0.000706494 -0.00278578 0.000448245 0.999996 0.28503 
0.999992 -0.00339328 0.00232846 0.00852826 0.00338998 0.999993 0.0014212 -0.0065511 -0.00233326 -0.00141329 0.999996 0.257171 
0.999997 -0.000379128 0.0024429 0.00232908 0.000376563 0.999999 0.00105012 -0.00704616 -0.00244329 -0.0010492 0.999996 0.23243 
0.999997 0.000619251 0.00227207 -0.00267461 -0.000616755 0.999999 -0.00109924 -0.00428331 -0.00227276 0.00109784 0.999997 0.206116 
0.999998 0.000706433 0.00155651 0.0133152 -0.000704689 0.999999 -0.00112109 -0.0102178 -0.0015573 0.00111999 0.999998 0.196572 
0.999992 0.00260805 0.00316767 -0.0102921 -0.00260506 0.999996 -0.000945698 -0.00366312 -0.00317013 0.000937439 0.999995 0.156262 
0.999995 0.00276985 0.0016433 -0.0025574 -0.00276882 0.999996 -0.00063233 -0.00671691 -0.00164505 0.000627777 0.999998 0.169591 
0.999998 0.00124972 0.00131717 -0.000246793 -0.00124797 0.999998 -0.00133069 -0.00861296 -0.00131882 0.00132904 0.999998 0.156368 
0.999998 -0.00104116 0.00179629 0.00481769 0.00104405 0.999998 -0.00161055 -0.00744247 -0.00179461 0.00161242 0.999997 0.14966 
0.999998 -0.00129426 0.00175683 -0.00234497 0.00129661 0.999998 -0.00133722 -0.00303642 -0.00175509 0.0013395 0.999997 0.141553 
0.999999 -0.000952767 0.00130618 0.00100362 0.000954014 0.999999 -0.000953481 -0.00256342 -0.00130528 0.000954727 0.999999 0.139504 
0.999999 0.000879742 0.00139312 0.00215471 -0.000877561 0.999998 -0.00156516 -0.00125366 -0.00139448 0.00156393 0.999998 0.134178 
0.999999 0.000333189 0.00131558 -0.00117874 -0.000330984 0.999999 -0.00167727 -0.00667188 -0.00131614 0.00167684 0.999998 0.119916 
1 4.48068e-05 0.000908699 0.00216955 -4.24728e-05 0.999997 -0.00256694 0.00178976 -0.000908814 0.0025669 0.999996 0.127955 
1 -0.000645064 0.00066844 0.00259775 0.000646571 0.999997 -0.00225628 -0.0026902 -0.000666972 0.00225671 0.999997 0.125181 
0.999999 -0.000977029 -0.000399776 -0.00225383 0.000976375 0.999998 -0.00163062 -0.00583052 0.000401355 0.00163023 0.999999 0.127681 
0.999998 -0.000681358 -0.00203758 -0.00152725 0.000678819 0.999999 -0.00124704 -0.00254972 0.00203843 0.00124566 0.999997 0.12341 
0.999995 0.000364647 -0.00307565 -0.00200802 -0.000367364 1 -0.000883122 -0.00125695 0.00307534 0.000884242 0.999995 0.127604 
0.999993 0.000332466 -0.003838 -0.00966436 -0.000337849 0.999999 -0.00140177 0.00345268 0.00383752 0.00140306 0.999992 0.125907 
0.999984 -0.00027518 -0.00560633 -0.00794268 0.000269184 0.999999 -0.00107043 -0.00319825 0.00560662 0.0010689 0.999984 0.122267 
0.999976 3.44044e-05 -0.00693482 -0.0031662 -3.79121e-05 1 -0.00050539 -0.00345452 0.00693481 0.000505639 0.999976 0.114869 
0.999973 0.000285338 -0.00728093 -0.00695699 -0.000292644 0.999999 -0.00100261 0.00239894 0.00728065 0.00100471 0.999973 0.124914 
0.999966 -0.000533339 -0.00820477 -0.00777796 0.000526846 1 -0.000793645 -0.00238052 0.00820519 0.0007893 0.999966 0.134966 
0.999951 -0.00108743 -0.00988312 -0.013901 0.00107483 0.999999 -0.00128012 0.000709674 0.00988451 0.00126944 0.99995 0.129652 
0.999911 -0.00134093 -0.0132674 -0.0057423 0.00132031 0.999998 -0.00156329 -0.000498969 0.0132694 0.00154564 0.999911 0.150714 
0.999872 -0.000948153 -0.0159903 -0.0224192 0.000914305 0.999997 -0.00212391 0.00236692 0.0159922 0.00210902 0.99987 0.153609 
0.999816 0.000680551 -0.0192034 -0.0236524 -0.000700178 0.999999 -0.00101537 0.00164938 0.0192027 0.00102863 0.999815 0.180082 
0.999767 0.00136675 -0.0215466 -0.0330515 -0.0013604 0.999999 0.000309428 -0.000587486 0.021547 -0.000280043 0.999768 0.174679 
0.999718 8.32911e-05 -0.0237679 -0.0218551 -4.85862e-05 0.999999 0.00146069 -0.00324445 0.023768 -0.00145912 0.999716 0.208238 
0.999638 0.000668918 -0.0269119 -0.0245055 -0.000632815 0.999999 0.00135011 -0.00227749 0.0269128 -0.00133259 0.999637 0.214582 
0.999544 0.000773131 -0.0301752 -0.0422194 -0.000710628 0.999998 0.00208197 -0.00321681 0.0301768 -0.00205958 0.999542 0.229267 
0.999433 -0.000366455 -0.0336751 -0.0347033 0.000469965 0.999995 0.00306592 0.00181645 0.0336738 -0.00308 0.999428 0.264536 
0.999296 0.000564532 -0.0375194 -0.04246 -0.000422395 0.999993 0.00379613 -0.00394014 0.0375213 -0.0037776 0.999289 0.253736 
0.999155 0.000349295 -0.041099 -0.0406725 -0.000152469 0.999988 0.0047921 0.00107595 0.0411002 -0.00478179 0.999144 0.26984 
0.999091 0.00276877 -0.0425344 -0.0617971 -0.00257603 0.999986 0.00458564 -0.00292306 0.0425465 -0.00447191 0.999084 0.306034 
0.999006 0.00262968 -0.0444967 -0.0535913 -0.00247128 0.999991 0.00361431 -0.00105375 0.0445058 -0.00350075 0.999003 0.303633 
0.998917 0.000735583 -0.0465336 -0.0451074 -0.000495713 0.999987 0.00516608 -0.00560483 0.0465367 -0.00513742 0.998904 0.306332 
0.998853 0.000868292 -0.0478753 -0.0442481 -0.000527325 0.999974 0.00713414 -0.0108946 0.0478803 -0.00710071 0.998828 0.317221 
0.998819 0.0019806 -0.0485322 -0.0501242 -0.00170742 0.999982 0.00566966 -0.0025115 0.0485426 -0.0055801 0.998805 0.31172 
0.99873 0.00452943 -0.0501878 -0.0575924 -0.00433419 0.999983 0.00399843 -0.0117056 0.0502048 -0.00377582 0.998732 0.346359 
0.998622 0.00223018 -0.0524267 -0.0530615 -0.00212 0.999995 0.00215732 -0.00417608 0.0524313 -0.0020432 0.998622 0.35428 
0.998576 0.00425088 -0.0531715 -0.0586157 -0.00419587 0.999991 0.00114612 -0.0115942 0.053176 -0.000921388 0.998585 0.349955 
0.998496 0.00251986 -0.054767 -0.0516024 -0.002414 0.999995 0.00199903 -0.00820637 0.0547717 -0.00186382 0.998497 0.385077 
0.998472 0.00339613 -0.0551529 -0.0628157 -0.00326338 0.999992 0.0024968 0.000175893 0.0551608 -0.002313 0.998475 0.423189 
0.998487 -0.00140425 -0.0549604 -0.0645905 0.00144093 0.999999 0.000627871 0.00801694 0.0549594 -0.000706101 0.998488 0.408737 
0.998451 -0.000204601 -0.0556357 -0.0522537 0.000206693 1 3.17702e-05 -0.00447154 0.0556358 -4.32245e-05 0.998451 0.432802 
0.998518 -0.00326224 -0.0543225 -0.0638771 0.00334585 0.999993 0.00144841 -0.0112818 0.0543174 -0.00162801 0.998522 0.451862 
0.998407 -0.00222358 -0.0563799 -0.0428267 0.00229503 0.999997 0.00120263 -0.00280845 0.056377 -0.00133012 0.998409 0.480305 
0.998544 0.000695636 -0.0539474 -0.074544 -0.000602608 0.999998 0.00174066 -0.00365317 0.0539486 -0.00170562 0.998542 0.462024 
0.998362 0.00146765 -0.0572007 -0.0674086 -0.00155032 0.999998 -0.00140093 -0.000832081 0.0571985 0.00148732 0.998362 0.494033 
0.998314 -0.00263959 -0.0579932 -0.0636196 0.00266552 0.999996 0.000369735 -0.00654167 0.057992 -0.000523694 0.998317 0.516161 
0.998227 -0.00228097 -0.0594839 -0.0429535 0.00227301 0.999997 -0.000201496 -0.0024488 0.0594843 6.59274e-05 0.998229 0.539698 
0.998385 -0.00038846 -0.0568056 -0.0628109 0.000320094 0.999999 -0.00121246 -0.000166059 0.056806 0.00119233 0.998384 0.525043 
0.998451 0.00183077 -0.0556196 -0.0667629 -0.001533 0.999984 0.00539577 0.00590998 0.0556286 -0.00530214 0.998438 0.56656 
0.998595 0.000705641 -0.052977 -0.0614052 -0.000423145 0.999985 0.00534333 -0.00347596 0.05298 -0.00531341 0.998581 0.596304 
0.998814 -0.00302293 -0.0486035 -0.0558338 0.00310257 0.999994 0.00156305 -0.00456756 0.0485985 -0.00171199 0.998817 0.585793 
0.998992 0.000343207 -0.0448883 -0.0519848 -0.000277672 0.999999 0.00146632 -0.0118207 0.0448887 -0.00145238 0.998991 0.615986 
0.999197 0.00228721 -0.0399881 -0.0593414 -0.00237206 0.999995 -0.00207471 -0.00515413 0.0399831 0.0021679 0.999198 0.634397 
0.999357 0.00383568 -0.0356381 -0.0431576 -0.00399694 0.999982 -0.00445495 -0.0013963 0.0356203 0.00459455 0.999355 0.638334 
0.999597 0.00390638 -0.0281036 -0.0463333 -0.00391275 0.999992 -0.00017142 0.00461477 0.0281027 0.000281306 0.999605 0.674588 
0.999771 0.00180969 -0.0213402 -0.0234261 -0.00171419 0.999988 0.00449287 -0.00602722 0.021348 -0.00445526 0.999762 0.700371 
0.999918 -0.000618044 -0.0128319 -0.0221004 0.000692817 0.999983 0.00582347 -0.00121975 0.0128281 -0.00583189 0.999901 0.727914 
0.999966 0.000742543 -0.00817614 -0.00776672 -0.000719873 0.999996 0.00277474 -0.0122709 0.00817816 -0.00276874 0.999963 0.744886 
0.999994 -0.000733063 -0.00348983 -0.0116901 0.000723136 0.999996 -0.00284384 -0.0110987 0.00349189 0.00284129 0.99999 0.759214 
0.999972 -0.00740836 0.00026888 0.00552177 0.00740942 0.999964 -0.004223 -0.00794727 -0.000237588 0.00422488 0.999991 0.784781 
0.999921 -0.0121366 0.00338952 0.0236835 0.012144 0.999924 -0.00217616 0.00228965 -0.00336286 0.00221714 0.999992 0.813461 
0.999985 -0.000843726 0.00553132 0.0107651 0.000843294 1 8.19104e-05 -0.00511134 -0.00553138 -7.72489e-05 0.999985 0.828194 
0.999984 0.00170566 0.00535707 -0.00392532 -0.00169996 0.999998 -0.00106573 -0.0161595 -0.00535887 0.00105661 0.999985 0.850069 
0.999989 -0.0037387 0.00278348 0.0162582 0.00375721 0.999971 -0.00667887 -0.00406814 -0.00275843 0.00668925 0.999974 0.872417 
0.999995 0.00226841 0.00227132 -0.000370026 -0.00224394 0.99994 -0.0107216 -0.0042727 -0.00229551 0.0107165 0.99994 0.875591 
0.99997 0.00763361 0.000748523 -0.0150528 -0.00762722 0.999937 -0.00819174 -0.00402188 -0.000811009 0.00818579 0.999966 0.898922 
0.999984 0.00558904 -0.00102171 -0.0156193 -0.00559199 0.99998 -0.00290802 0.00432134 0.00100544 0.00291369 0.999995 0.922201 
0.999952 0.00924386 -0.00337011 -0.0170631 -0.00922148 0.999936 0.00659352 -0.00702253 0.00343085 -0.00656212 0.999973 0.956055 
0.999977 0.00471314 -0.00479521 -0.0233727 -0.00467296 0.999954 0.00835668 -0.00298986 0.00483438 -0.00833408 0.999954 0.966448 
0.999989 0.0017754 -0.00431697 -0.0204144 -0.00173401 0.999953 0.00957193 -0.00170815 0.00433376 -0.00956435 0.999945 0.978619 
0.999997 0.00166686 -0.00174057 0.00053215 -0.00164937 0.999949 0.00999787 -0.00652981 0.00175715 -0.00999497 0.999948 1.03144 
0.999997 -0.00193512 -0.0011947 -0.00104141 0.00194445 0.999967 0.00785257 -0.0130066 0.00117948 -0.00785486 0.999968 1.02066 
0.999998 -0.000856142 -0.00159374 -0.00367165 0.000857387 0.999999 0.000780571 -0.0126415 0.00159306 -0.000781955 0.999998 1.03185 
0.999998 0.00136206 -0.00147706 -0.00889206 -0.00136628 0.999995 -0.00286349 -0.0143799 0.00147315 0.00286549 0.999995 0.991308 
0.999996 0.000491864 -0.00275826 -0.0085144 -0.000505721 0.999987 -0.00502529 -0.0146991 0.00275576 0.00502664 0.999983 1.023 
0.99999 0.000220942 -0.00441441 -0.0135574 -0.000243327 0.999987 -0.00507104 -0.0156323 0.00441325 0.00507207 0.999977 1.03486 
0.999984 -1.00443e-06 -0.00570283 -0.0085125 -2.45343e-05 0.99999 -0.00447841 -0.014335 0.00570277 0.0044785 0.999974 1.01899 
0.999978 0.00119045 -0.00650281 -0.0243149 -0.00120256 0.999998 -0.00185873 -0.00899535 0.00650058 0.00186651 0.999977 1.02536 
0.999976 0.000127857 -0.00689736 -0.00686264 -0.000111432 0.999997 0.00238194 -0.00765783 0.00689763 -0.00238112 0.999973 1.05317 
0.999979 0.00190067 -0.00621486 -0.0149345 -0.00187019 0.999986 0.00490622 -0.00942433 0.00622408 -0.0048945 0.999969 1.07322 
0.999976 0.00368786 -0.00582348 -0.0228901 -0.00366856 0.999988 0.00332053 -0.0174038 0.00583566 -0.00329909 0.999978 1.05708 
0.999985 0.00264184 -0.00474461 -0.00832367 -0.00263014 0.999993 0.00247174 -0.0122364 0.00475112 -0.00245923 0.999986 1.06964 
0.999985 0.00492836 -0.00240458 -0.0157547 -0.00492446 0.999987 0.00162738 -0.012481 0.00241257 -0.00161552 0.999996 1.08171 
0.99999 0.00438246 -0.00109819 -0.016468 -0.00438058 0.999989 0.00171167 -0.0140015 0.00110569 -0.00170684 0.999998 1.07775 
0.999999 0.000820255 -0.00142762 -0.016695 -0.000820911 1 -0.000456827 -0.0160719 0.00142725 0.000457993 0.999999 1.09024 
0.999999 0.000437111 -0.00144638 -0.0108452 -0.000437872 1 -0.000527061 -0.0183759 0.00144615 0.000527704 0.999999 1.08825 
0.999999 0.00133096 -0.000827022 -0.00610924 -0.00133179 0.999999 -0.000999846 -0.0100843 0.000825681 0.00100095 0.999999 1.09636 
0.999997 0.00238577 -0.000680923 -0.0124321 -0.00238627 0.999997 -0.000731709 -0.0135808 0.000679165 0.000733327 1 1.09747 
0.999989 0.0046077 -0.000370905 -0.0169449 -0.00460846 0.999987 -0.00206743 -0.0170152 0.000361383 0.00206913 0.999998 1.08791 
0.999988 0.00486006 -7.59438e-05 -0.00908279 -0.00486035 0.999978 -0.00450759 -0.0164306 5.4054e-05 0.0045079 0.99999 1.09082 
0.999998 0.00164572 0.000983626 -0.0122337 -0.00164545 0.999999 -0.000269137 -0.0192237 -0.000984065 0.000267513 0.999999 1.11533 
0.999998 0.000824433 0.00156704 -0.00211334 -0.000830863 0.999991 0.00410389 -0.0120917 -0.00156362 -0.00410518 0.99999 1.11735 
0.999998 -0.000221755 0.00209898 -0.00699043 0.000214491 0.999994 0.00346413 -0.0218446 -0.00209974 -0.00346367 0.999992 1.10218 
0.999997 -0.00187447 0.00125232 -0.00316238 0.0018752 0.999998 -0.00057581 -0.0127796 -0.00125125 0.000578151 0.999999 1.12259 
0.999996 -0.000213351 0.00264994 -0.00381088 0.000215704 1 -0.000890496 -0.0149669 -0.00264974 0.000891069 0.999996 1.11315 
0.999982 0.00423285 0.00424087 -0.00737381 -0.00423496 0.999991 0.000488759 -0.00696111 -0.00423876 -0.000506701 0.999991 1.14209 
0.99997 0.00462776 0.00619269 -0.0104923 -0.00463491 0.999989 0.00114013 -0.0140663 -0.00618737 -0.0011688 0.99998 1.12894 
0.999973 0.00369535 0.00640769 -0.0130253 -0.00369283 0.999993 -0.000405457 -0.0128738 -0.00640915 0.000381781 0.999979 1.12926 
0.999984 0.00110793 0.00557714 -9.15527e-05 -0.00110466 0.999999 -0.000588956 -0.014027 -0.00557779 0.000582802 0.999984 1.1596 
0.999983 -0.000567839 0.00572035 0.00131035 0.00057409 0.999999 -0.00108884 -0.0103835 -0.00571974 0.0010921 0.999983 1.13971 
0.999984 -0.00176365 0.00536889 -0.00457191 0.00176607 0.999998 -0.000449596 -0.0135917 -0.00536808 0.000459078 0.999986 1.14878 
0.999984 -0.00154798 0.00554407 0.000307083 0.001544 0.999999 0.000723785 -0.0169239 -0.0055452 -0.00071522 0.999984 1.14006 
0.999984 -0.00107659 0.00566405 0.00345802 0.00106762 0.999998 0.00158506 -0.0174555 -0.00566575 -0.00157898 0.999983 1.16531 
0.999985 0.000297185 0.00547125 0.00396538 -0.000304017 0.999999 0.0012468 -0.0148829 -0.00547087 -0.00124845 0.999984 1.1557 
0.999986 -0.000727471 0.00519731 0.00328827 0.000732429 0.999999 -0.000951184 -0.0175043 -0.00519662 0.000954984 0.999986 1.16549 
0.99999 -0.000461828 0.00454727 -0.00209618 0.000481371 0.999991 -0.00429881 -0.0235197 -0.00454525 0.00430095 0.999981 1.15257 
0.999991 -0.000189375 0.00421621 0.00444603 0.000212699 0.999985 -0.00553142 -0.0163104 -0.0042151 0.00553229 0.999976 1.154 
0.999992 -0.000501651 0.00398498 -0.00884056 0.000501301 1 8.73825e-05 -0.0240667 -0.00398502 -8.53917e-05 0.999992 1.17561 
0.999993 -0.000624921 0.00373353 -0.00701523 0.000616282 0.999997 0.00231419 -0.0133851 -0.00373497 -0.00231187 0.99999 1.17246 
0.999998 -5.42253e-05 0.00214555 -0.00761414 5.49257e-05 1 -0.000323985 -0.0159081 -0.00214553 0.000324098 0.999998 1.16625 
0.999999 0.00157538 0.00069134 -0.000225067 -0.00157542 0.999999 6.76537e-05 -0.0203995 -0.000691233 -6.87474e-05 1 1.17246 
0.999999 0.00076158 0.000780954 -0.00575638 -0.000762098 0.999999 0.000674323 -0.0144341 -0.000780438 -0.00067491 0.999999 1.17659 
0.999999 0.00072905 0.00128403 -0.0115185 -0.00072901 1 -4.11989e-05 -0.0237119 -0.00128406 4.02649e-05 0.999999 1.16547 
1 0.000216343 0.000783992 0.00358772 -0.000214737 0.999998 -0.00202839 -0.0189143 -0.000784428 0.00202822 0.999998 1.19409 
0.999999 -0.0014723 0.000446277 -0.00170517 0.00147281 0.999998 -0.00112855 -0.0163811 -0.000444616 0.00112921 0.999999 1.17986 
0.999994 -0.00341622 0.000826651 -0.013752 0.00341597 0.999994 0.000291358 -0.0236864 -0.00082764 -0.00028853 0.999999 1.18659 
0.999996 -0.00255862 -0.000852459 0.0131512 0.00255878 0.999997 0.000191235 -0.0137523 0.000851966 -0.000193416 1 1.18713 
1 -0.000443328 8.09208e-05 -0.00543594 0.000443101 0.999996 0.00271352 -0.0165744 -8.21254e-05 -0.00271348 0.999996 1.18573 
0.999998 0.00194977 0.000145917 -0.00218964 -0.00195028 0.999992 0.00350435 -0.0169207 -0.000139083 -0.00350463 0.999994 1.17951 
0.999997 0.00230514 0.00092319 -0.0171738 -0.00230527 0.999997 0.000143042 -0.0216094 -0.000922859 -0.000145172 1 1.20219 
0.999999 0.00148835 0.00061872 -0.00980949 -0.00148683 0.999996 -0.00242582 -0.0168551 -0.000622326 0.0024249 0.999997 1.17663 
1 -0.000400566 0.000664859 -0.0177364 0.000402 0.999997 -0.00216897 -0.02349 -0.000663991 0.00216925 0.999998 1.18233 
0.999996 -0.00260275 -0.00112852 0.0111141 0.00260251 0.999997 -0.000212498 -0.0235847 0.00112907 0.000209542 0.999999 1.19745 
0.999999 -0.00116575 0.000141415 -0.00385857 0.0011656 0.999999 0.00113557 -0.0143163 -0.000142739 -0.0011354 0.999999 1.175 
0.999999 -0.00104067 0.000813097 -0.0153732 0.00103835 0.999995 0.00283907 -0.0187006 -0.000816048 -0.00283823 0.999996 1.18452 
1 0.00053367 -0.000230148 0.00642395 -0.000533029 0.999996 0.00274408 -0.0271795 0.000231611 -0.00274396 0.999996 1.16165 
0.999999 0.00148537 0.000614658 -0.0128307 -0.00148545 0.999999 0.000136019 -0.0204133 -0.000614454 -0.000136936 1 1.16262 
1 -0.000395685 4.017e-05 -0.00635338 0.000395775 0.999998 -0.00214206 -0.0224764 -3.93225e-05 0.00214209 0.999998 1.17462 
0.999999 -0.00136948 0.000141 0.00109482 0.00136966 0.999998 -0.00141988 -0.0193363 -0.000139056 0.00142007 0.999999 1.17425 
0.999999 -0.00162724 -0.000163598 -0.00388908 0.00162743 0.999998 0.00114302 -0.0203194 0.000161738 -0.00114329 0.999999 1.16293 
0.999997 -0.00217094 0.000728851 -0.0142841 0.00216904 0.999994 0.0025838 -0.0126673 -0.000734455 -0.00258222 0.999997 1.17182 
0.999999 -0.00137314 -0.00049683 0.00892258 0.00137449 0.999995 0.00273006 -0.025136 0.000493078 -0.00273073 0.999996 1.15555 
1 0.000541897 0.000320982 -0.00559044 -0.000542428 0.999999 0.00166907 -0.0187614 -0.000320078 -0.00166926 0.999998 1.16848 
0.999996 0.00288455 0.000737827 -0.01511 -0.00288599 0.999994 0.00195192 -0.0193207 -0.000732194 -0.00195403 0.999998 1.16648 
0.999999 0.00174009 0.000551754 -0.00683212 -0.00173976 0.999998 -0.000597294 -0.0286678 -0.000552791 0.000596345 1 1.14956 
0.999997 0.00239326 0.000296506 -0.0157051 -0.00239191 0.999987 -0.00452682 -0.0157725 -0.000307336 0.0045261 0.99999 1.15444 
0.999999 0.0012902 0.000627903 -0.0127506 -0.00128917 0.999998 -0.00163502 -0.0177808 -0.000630011 0.00163421 0.999999 1.15789 
1 -0.000709619 -0.000375976 0.00324631 0.000709116 0.999999 -0.00133343 -0.029705 0.000376922 0.00133316 0.999999 1.15538 
0.999999 -0.00113345 0.000179879 -0.00107574 0.00113335 0.999999 0.000562568 -0.0185926 -0.000180516 -0.000562365 1 1.16862 
1 9.07071e-05 0.000224572 -0.0127659 -9.11281e-05 0.999998 0.00189838 -0.0180315 -0.000224399 -0.00189841 0.999998 1.1409 
0.999999 -0.00153108 -0.00028611 -0.003479 0.0015317 0.999996 0.0022175 -0.0194527 0.000282713 -0.00221794 0.999998 1.18143 
0.999993 0.00378774 -0.000460189 -0.0120525 -0.00378849 0.999992 -0.00160909 -0.0094558 0.000454091 0.00161083 0.999999 1.16503 
0.999994 0.0034573 0.000267332 -0.0115471 -0.00345779 0.999992 0.00184518 -0.0246583 -0.000260951 -0.00184609 0.999998 1.15833 
0.999994 0.00358773 3.58779e-05 -0.0163898 -0.00358769 0.999993 -0.000814628 -0.0168747 -3.88001e-05 0.000814493 1 1.17912 
0.999999 0.00156647 -2.56659e-05 -0.0143909 -0.00156656 0.999991 -0.00398731 -0.0157795 1.94198e-05 0.00398736 0.999992 1.15559 
0.999999 -0.00073446 -0.000853324 -0.000713348 0.000731226 0.999993 -0.00378028 -0.0234025 0.000856093 0.00377963 0.999992 1.20341 
0.999995 -0.003146 -0.000935886 -0.00874519 0.00314523 0.999995 -0.000833926 -0.0161238 0.000938506 0.000830988 0.999999 1.19324 
0.999991 -0.00410666 -0.000895659 0.0085392 0.00410615 0.999991 -0.000575138 -0.018783 0.000898013 0.000571455 1 1.1794 
1 -0.000778906 -0.000330048 -0.00897026 0.000779361 0.999999 0.00136864 -0.00573999 0.000328982 -0.00136889 0.999999 1.21858 
0.999999 -0.00079719 -0.000893875 -0.00667381 0.000801045 0.99999 0.00432204 -0.0289595 0.000890421 -0.00432274 0.99999 1.24569 
0.999998 -0.00178445 -0.000794191 0.00175095 0.00178445 0.999998 -3.4336e-06 -0.00524163 0.000794196 2.02116e-06 1 1.21729 
0.999999 0.00018242 -0.000870423 -0.00479317 -0.000186335 0.99999 -0.00450198 -0.0136775 0.000869592 0.00450213 0.999989 1.22902 
1 0.000254121 -0.000906735 -0.00845718 -0.000257239 0.999994 -0.00343744 -0.0250615 0.000905856 0.00343768 0.999994 1.2331 
1 -0.000866793 -0.000400028 -0.00412369 0.000866205 0.999999 -0.00147251 -0.0127529 0.000401305 0.00147216 0.999999 1.25625 
0.999998 0.00199179 -0.000643459 -0.0105629 -0.00199108 0.999997 0.00108884 -0.0106078 0.000645626 -0.00108755 0.999999 1.24389 
0.999988 0.00480281 -0.000369976 -0.0119724 -0.00480067 0.999973 0.00556927 -0.024376 0.000396713 -0.00556742 0.999984 1.2681 
0.999985 0.00546975 0.000370059 -0.0257874 -0.00547082 0.999981 0.00289987 -0.015763 -0.000354189 -0.00290184 0.999996 1.26055 
0.999974 0.00722256 0.000512352 -0.0213203 -0.00722245 0.999974 -0.000241177 -0.0156674 -0.00051408 0.000237482 1 1.26254 
0.999994 0.00341016 0.000701854 -0.0233212 -0.0034086 0.999992 -0.00220721 -0.0176772 -0.000709375 0.00220481 0.999997 1.26147 
0.999997 0.00241968 -0.000887165 -0.00516129 -0.00242073 0.999996 -0.00118641 -0.0194741 0.000884293 0.00118855 0.999999 1.26908 
0.999999 -0.000307057 -0.000952463 -0.00592422 0.000306237 1 -0.000857156 -0.0221293 0.000952725 0.000856866 0.999999 1.2636 
0.999998 -0.00191846 -2.62652e-05 -0.00992203 0.00191845 0.999998 -0.000247167 -0.025125 2.67383e-05 0.000247125 1 1.28673 
1 7.54185e-05 -0.00042857 -0.00703621 -7.50944e-05 1 0.00071736 -0.0206864 0.000428624 -0.000717332 1 1.25388 
1 0.000105251 -0.000699383 -0.0077877 -0.000101775 0.999988 0.0049738 -0.0176851 0.000699901 -0.00497373 0.999988 1.26938 
0.999999 -0.000730943 -0.000755267 -0.00659561 0.000734124 0.999991 0.00422457 -0.0225374 0.000752172 -0.00422512 0.999991 1.27271 
1 -0.000101537 0.000281598 -0.017601 0.000101857 0.999999 -0.00114369 -0.0257535 -0.000281481 0.00114373 0.999999 1.26703 
1 -0.000195183 0.00077589 -0.00184441 0.000196576 0.999999 -0.00179937 -0.0178292 -0.000775541 0.00179952 0.999998 1.25731 
0.999999 -0.0010491 0.00113784 -0.00835609 0.00104976 0.999999 -0.000574309 -0.0198672 -0.00113723 0.000575508 0.999999 1.24928 
1 0.000251554 0.000814009 -0.00203514 -0.00025066 0.999999 -0.00109805 -0.0219531 -0.000814287 0.00109785 0.999999 1.24608 
1 0.000157714 0.000822922 -0.00564194 -0.000159819 0.999997 0.00257192 -0.0232674 -0.000822515 -0.00257205 0.999996 1.25797 
1 0.000747994 0.000747312 -0.00946808 -0.000750776 0.999993 0.00373131 -0.0208118 -0.000744515 -0.00373186 0.999993 1.24872 
0.999998 0.00185712 0.00117927 -0.00905228 -0.00185798 0.999998 0.000726276 -0.0178025 -0.00117792 -0.000728463 0.999999 1.24947 
0.999996 0.00190812 0.0018182 -0.0150852 -0.0019035 0.999995 -0.00254206 -0.0287659 -0.00182304 0.0025386 0.999995 1.26103 
0.999999 -0.00137131 -0.000191879 -0.0048275 0.0013707 0.999994 -0.00309916 -0.020498 0.000196128 0.00309889 0.999995 1.24319 
0.999996 -0.00297679 6.22624e-05 -0.00139809 0.00297688 0.999995 -0.00150024 -0.0265203 -5.77946e-05 0.00150043 0.999999 1.2451 
0.999998 -0.00186041 -0.000783389 -0.000804901 0.00185993 0.999998 -0.000613921 -0.0231509 0.000784531 0.000612452 1 1.22948 
0.999998 -0.0019739 -8.1223e-05 -0.00491524 0.00197396 0.999998 0.000800301 -0.0283321 7.96434e-05 -0.000800464 1 1.23267 
0.999998 -0.0017921 -0.00017214 -0.0044136 0.0017918 0.999997 -0.00180052 -0.00828207 0.000175366 0.00180021 0.999998 1.24168 
1 -0.000989381 5.83217e-05 -0.0064888 0.000989381 1 -0.000242383 -0.0149603 -5.80829e-05 0.00024244 1 1.23938 
0.999998 -0.00185063 -0.000340118 -0.00351906 0.00185159 0.999994 0.00281818 -0.0179515 0.0003349 -0.00281881 0.999996 1.2337 
0.999997 -0.00235571 -0.000254175 -0.00517464 0.00235602 0.999997 0.00127245 -0.0177701 0.000251178 -0.00127305 0.999999 1.22571 
0.999998 -0.00210696 -4.77256e-06 -0.00913811 0.00210695 0.999997 -0.00143352 -0.0216551 7.79098e-06 0.00143351 0.999999 1.22736 
0.999999 0.0005388 -0.00103941 0.000127792 -0.000538353 1 0.000425122 -0.0232916 0.00103964 -0.000424558 0.999999 1.2314 
1 0.000911236 9.18549e-05 -0.00616837 -0.000911646 0.999989 0.00455228 -0.0142241 -8.77068e-05 -0.00455235 0.99999 1.23135 
0.999988 0.00486556 0.000863622 -0.00985527 -0.00487147 0.999964 0.00695435 -0.0265784 -0.000829755 -0.00695847 0.999976 1.23293 
0.99999 0.00434415 0.00139746 -0.0138035 -0.00434445 0.99999 0.000216081 -0.0279117 -0.00139651 -0.000222176 0.999999 1.25134 
0.999992 0.00376867 0.00147446 -0.0167255 -0.00376278 0.999985 -0.00397666 -0.0214663 -0.00148943 0.00397108 0.999991 1.23163 
0.999997 0.00150603 0.00207808 -0.0132179 -0.00149561 0.999986 -0.00500285 -0.0324287 -0.00208559 0.00499973 0.999985 1.22263 
0.999997 0.00247801 0.000571315 -0.00860023 -0.00247722 0.999996 -0.00138775 -0.0212271 -0.000574751 0.00138633 0.999999 1.22133 
0.999987 -0.00498149 0.00114877 0.00689316 0.00498512 0.999983 -0.00319213 -0.025861 -0.00113284 0.00319781 0.999994 1.20401 
0.999995 -0.00302895 0.00018656 -0.00808334 0.00302983 0.999984 -0.00484965 -0.0137541 -0.000171868 0.00485019 0.999988 1.21458 
0.99998 -0.0062199 -0.00059114 -0.00204086 0.00621786 0.999975 -0.00336741 -0.0201699 0.000612071 0.00336367 0.999994 1.23706 
0.999997 -0.00224289 -0.00115507 -0.003582 0.00224632 0.999993 0.00298063 -0.0127239 0.00114837 -0.00298322 0.999995 1.22935 
1 0.000937894 0.000496025 -0.00649261 -0.000940941 0.99998 0.0061894 -0.0137644 -0.000490211 -0.00618985 0.999981 1.23051 
0.999998 0.00109442 0.00175488 -0.00525284 -0.00110082 0.999993 0.00365172 -0.0242686 -0.00175087 -0.00365365 0.999992 1.20628 
0.999999 0.000607252 0.00157627 -0.00592804 -0.000601582 0.999993 -0.00360023 -0.0188107 -0.00157845 0.00359927 0.999992 1.21542 
0.999997 0.00237255 0.000706316 -0.00438881 -0.00237292 0.999997 0.000530795 -0.0195498 -0.000705055 -0.000532468 1 1.22389 
0.999998 -0.00140251 0.001343 -0.00957298 0.00140138 0.999999 0.000837124 -0.0180597 -0.00134417 -0.000835247 0.999999 1.21094 
1 -0.000418302 0.000209169 -0.000219345 0.000418827 0.999997 -0.0025091 -0.0159888 -0.000208119 0.00250919 0.999997 1.20279 
0.999997 0.000650596 0.00241996 -0.0157185 -0.000647448 0.999999 -0.00129681 -0.022898 -0.0024208 0.00129524 0.999996 1.20587 
0.999999 0.000834484 0.00103412 0.00626373 -0.000836372 0.999998 0.00181621 -0.0193557 -0.00103261 -0.00181707 0.999998 1.16273 
0.999998 0.000260103 0.00185653 -0.018198 -0.000264022 0.999998 0.00210767 -0.0319252 -0.00185598 -0.00210815 0.999996 1.11823 
1 0.000919819 0.000327171 -0.00512218 -0.000920255 0.999999 0.00135328 -0.0260983 -0.000325922 -0.00135357 0.999999 1.08965 
1 0.000261318 0.000577541 -0.0145884 -0.000262242 0.999999 0.00158381 -0.0341554 -0.000577131 -0.00158396 0.999999 1.08218 
1 -0.000630453 -0.000475893 -0.000400543 0.000630803 1 0.000742241 -0.0217514 0.000475427 -0.000742532 1 1.05299 
0.999999 0.000404552 0.000906769 -0.0118361 -0.000403907 1 -0.000702494 -0.027343 -0.000907051 0.000702115 0.999999 1.02324 
0.999999 0.000692781 0.00130489 -0.00155926 -0.000693042 1 0.000202225 -0.026773 -0.00130475 -0.000203121 0.999999 0.974609 
0.999999 0.000611268 0.0014273 -0.00231075 -0.000612248 1 0.000690559 -0.0242393 -0.00142688 -0.000691435 0.999999 0.965057 
0.999999 -0.00128488 -0.000287125 -0.0101366 0.00128442 0.999998 -0.00159135 -0.0252261 0.000289169 0.00159098 0.999999 0.936356 
0.999991 -0.00229305 -0.00365793 -0.00287342 0.00228241 0.999993 -0.00291065 -0.0258865 0.00366458 0.00290228 0.999989 0.937027 
0.999987 2.64123e-06 -0.0051159 -0.00829983 -2.10889e-05 0.999994 -0.00360389 -0.0204523 0.00511586 0.00360394 0.99998 0.926804 
0.999987 0.00199124 -0.00471735 -0.0135746 -0.0020051 0.999994 -0.00293358 -0.0186124 0.00471148 0.002943 0.999985 0.925827 
0.999991 0.00237376 -0.00364967 -0.0134449 -0.00237724 0.999997 -0.000950437 -0.0105588 0.0036474 0.000959105 0.999993 0.932373 
0.999995 0.00197911 -0.00258383 -0.0143909 -0.00197762 0.999998 0.00057751 -0.01475 0.00258497 -0.0005724 0.999996 0.915543 
0.999996 -0.00137931 -0.00237314 -0.00247192 0.00138435 0.999997 0.00212316 -0.0219618 0.00237021 -0.00212645 0.999995 0.923996 
0.999994 -0.00280986 -0.00170023 -0.00352478 0.00281186 0.999995 0.00117476 -0.0106969 0.00169692 -0.00117953 0.999998 0.924484 
0.999998 -0.00159714 -0.00126406 -0.00919151 0.00159768 0.999999 0.00043964 -0.019655 0.00126336 -0.000441657 0.999999 0.909821 
1 0.000534337 -0.00081449 -0.00951195 -0.000535201 0.999999 -0.00108009 -0.0203853 0.00081391 0.00108052 0.999999 0.913666 
0.999998 0.00179058 -0.000878002 0.00056076 -0.00179116 0.999998 -0.000653363 -0.0207498 0.000876832 0.000654938 0.999999 0.903687 
0.999993 0.00363635 -0.000123476 -0.00814438 -0.0036365 0.999993 -0.00126103 -0.00618219 0.000118892 0.00126147 0.999999 0.904755 
0.999996 0.00283968 0.000758378 -0.00754738 -0.00283862 0.999995 -0.00139836 -0.0215874 -0.000762348 0.00139619 0.999999 0.920364 
0.999999 -0.000236634 0.00110311 -0.00791168 0.000239436 0.999997 -0.00253711 -0.0165236 -0.0011025 0.00253738 0.999996 0.916351 
0.999999 -0.000527199 0.00106826 -0.0108128 0.000529133 0.999998 -0.00180968 -0.0243813 -0.00106731 0.00181025 0.999998 0.918518 
1 -4.91478e-05 0.00064424 -0.00666809 4.96171e-05 1 -0.000724546 -0.0082233 -0.000644201 0.000724579 1 0.92012 
0.999997 -0.00232265 0.000632152 -0.0066967 0.00232085 0.999993 0.00281716 -0.0148409 -0.000638695 -0.00281568 0.999996 0.934372 
1 -0.000974704 -0.000208525 -0.00710297 0.000974964 0.999999 0.00125309 -0.0148998 0.000207304 -0.0012533 0.999999 0.943512 
0.999989 -0.00450826 0.000867196 0.00552559 0.00451149 0.999983 -0.00376157 -0.0141091 -0.000850219 0.00376544 0.999993 0.930084 
0.999999 -0.00147758 7.95117e-06 0.0001297 0.00147759 0.999993 -0.0035369 -0.0083583 -2.72598e-06 0.00353691 0.999994 0.943787 
0.99999 0.00444452 0.00052677 -0.0102978 -0.00444478 0.99999 0.000493542 -0.00888199 -0.000524573 -0.000495872 1 0.961273 
0.999998 0.00136783 0.00132739 -0.00409508 -0.00137327 0.999991 0.00411183 -0.0112216 -0.00132175 -0.00411363 0.999991 0.959396 
0.999995 -0.00225416 0.00211391 0.00127983 0.00225437 0.999997 -9.68679e-05 -0.0183792 -0.00211368 0.000101607 0.999998 0.94725 
0.999997 -0.00131559 0.00226893 -0.00293732 0.00131323 0.999999 0.00103603 -0.00371295 -0.00227029 -0.00103305 0.999997 0.962799 
0.999998 0.000991374 0.00155648 -0.00400543 -0.000998661 0.999988 0.0046948 -0.00921118 -0.00155181 -0.00469633 0.999988 0.989914 
0.999994 -0.0031347 0.00125552 0.00490379 0.00312972 0.999987 0.00395261 -0.0117524 -0.00126789 -0.00394866 0.999991 1.00023 
0.999998 -0.000174847 0.0017128 -0.00932693 0.000174318 1 0.000307529 -0.0101106 -0.00171286 -0.000307233 0.999998 0.99939 
0.999992 0.00329188 0.00228948 -0.00453949 -0.00329359 0.999994 0.000745238 -0.0130529 -0.00228701 -0.000752776 0.999997 1.01901 
0.999993 0.00252916 0.00280062 -0.00425148 -0.00253372 0.999995 0.00161991 -0.00958872 -0.00279651 -0.00162699 0.999995 1.02092 
0.999995 0.00111705 0.0029747 0.00365257 -0.00111947 0.999999 0.00081363 -0.0200851 -0.00297378 -0.000816959 0.999995 1.01169 
0.999987 0.00345042 0.00378822 -0.016614 -0.0034388 0.999989 -0.00306822 -0.0106907 -0.00379877 0.00305516 0.999988 1.03407 
0.999996 -0.000108138 0.00281104 -0.000178337 0.000116952 0.999995 -0.0031317 -0.0141222 -0.00281069 0.00313201 0.999991 1.03044 
0.999998 -0.00122864 0.00130918 0.00146103 0.00122975 0.999999 -0.000852505 -0.0158262 -0.00130812 0.000854118 0.999999 1.0304 
0.999999 0.000430901 0.00127157 -0.0037632 -0.000433501 0.999998 0.00204623 -0.0097034 -0.00127069 -0.00204677 0.999997 1.0518 
0.999996 0.00179901 0.00220288 -0.0154829 -0.00180649 0.999993 0.00339252 -0.0161524 -0.00219676 -0.00339649 0.999992 1.07115 
0.999999 -5.0921e-05 0.00127553 -0.00438023 5.12749e-05 1 -0.000266764 -0.0169563 -0.00127551 0.00026683 0.999999 1.0641 
0.999999 -0.00115973 0.00103855 -0.00749588 0.00116235 0.999996 -0.0025282 -0.0196483 -0.00103562 0.0025294 0.999996 1.06451 
0.999996 -0.0028371 -0.000203185 -0.000426292 0.00283647 0.999991 -0.00304654 -0.0118158 0.000211829 0.00304594 0.999995 1.07234 
0.999998 -0.00178512 -5.78351e-05 -0.00235081 0.00178506 0.999998 -0.00104092 -0.0170889 5.96903e-05 0.00104082 1 1.10452 
1 0.000334144 0.000174757 -0.00858498 -0.000333991 0.999999 -0.000844937 -0.0144569 -0.000175033 0.000844884 1 1.08708 
1 -0.000384908 0.000356499 0.00419235 0.000384931 1 -0.000109637 -0.0121033 -0.000356462 0.000109767 1 1.09384 
0.999997 0.00237357 0.000172654 -0.0142269 -0.0023737 0.999997 0.000742059 -0.0103145 -0.000170896 -0.000742452 1 1.10428 
1 0.000815492 -4.40739e-05 -0.0173512 -0.000815403 0.999997 0.00212004 -0.0113229 4.58024e-05 -0.00212001 0.999998 1.12106 
0.999999 0.000854656 -0.000931701 0.000659943 -0.000852648 0.999997 0.00213936 -0.0209265 0.000933519 -0.00213858 0.999997 1.13652 
0.999999 0.00106959 -0.000743477 -0.00588226 -0.00106822 0.999998 0.00184465 -0.0137398 0.000745455 -0.00184384 0.999998 1.13522 
0.999997 0.00236107 -0.000814486 -0.00993729 -0.0023599 0.999996 0.00144504 -0.0189426 0.000817895 -0.00144311 0.999999 1.15454 
0.999996 0.00261032 -0.000674095 -0.0167961 -0.0026113 0.999996 -0.00146116 -0.0182767 0.000670277 0.00146291 0.999999 1.14218 
0.999998 -0.00160223 -0.00108426 -0.010294 0.0015972 0.999988 -0.00461281 -0.0175796 0.00109164 0.00461106 0.999989 1.14621 
0.999994 -0.00318467 -0.00114398 -0.00851536 0.0031773 0.999975 -0.00638698 -0.0140085 0.00116429 0.00638331 0.999979 1.1474 
0.999987 -0.00461348 -0.0021439 -0.00390053 0.00460388 0.999979 -0.00446424 -0.0131152 0.00216444 0.00445432 0.999988 1.17751 
0.999979 -0.00598984 -0.00254598 -0.00101185 0.00598975 0.999982 -5.04052e-05 -0.00921267 0.00254623 3.51556e-05 0.999997 1.18823 
0.999985 -0.00455505 -0.00301548 0.0032692 0.00456637 0.999983 0.00375622 -0.012207 0.00299832 -0.00376993 0.999988 1.19827 
0.999997 -0.00213953 -0.00155527 -0.00345516 0.00214371 0.999994 0.00269488 -0.018985 0.0015495 -0.00269821 0.999995 1.18214 
0.999996 -0.00123996 -0.00250668 4.29153e-05 0.00123913 0.999999 -0.000331261 -0.0166765 0.00250709 0.00032816 0.999997 1.2021 
0.999999 -0.000124637 -0.00170396 -0.0198421 0.000125661 1 0.000601334 -0.0143627 0.00170388 -0.000601551 0.999998 1.21339 
0.999997 -0.00141666 -0.00207133 -0.00502396 0.00142037 0.999998 0.00179203 -0.0221449 0.00206878 -0.00179496 0.999996 1.2025 
0.999997 -0.00102697 -0.00215702 -0.0115585 0.00102534 0.999999 -0.000747527 -0.0127687 0.00215778 0.000745322 0.999997 1.21896 
0.999997 -0.000261314 -0.00248263 -0.00792885 0.000258535 0.999999 -0.00112223 -0.0221652 0.00248292 0.00112158 0.999996 1.24081 
0.999999 0.000408851 -0.00148638 -0.0227261 -0.000409804 1 -0.00064516 -0.0126927 0.00148612 0.000645762 0.999999 1.2365 
0.999996 0.000702545 -0.002646 -0.00862694 -0.000698473 0.999999 0.00154034 -0.020696 0.00264707 -0.00153848 0.999995 1.25571 
0.999996 -0.00037903 -0.00264267 -0.000806808 0.000379343 1 0.000115816 -0.0191739 0.00264262 -0.000116819 0.999997 1.24574 
0.999997 0.00139112 -0.00222036 -0.0140858 -0.00138758 0.999998 0.00159919 -0.0225408 0.00222258 -0.00159611 0.999996 1.25171 
0.999995 0.00232242 -0.0019826 -0.0223465 -0.00232001 0.999997 0.00121807 -0.0123868 0.00198543 -0.00121346 0.999997 1.25848 
0.999998 0.00144202 -0.00149451 -0.00310516 -0.0014403 0.999998 0.0011517 -0.0219233 0.00149617 -0.00114954 0.999998 1.27504 
0.999996 0.00263761 -0.00104785 -0.00900459 -0.00263727 0.999996 0.000327358 -0.0177202 0.00104871 -0.000324596 0.999999 1.25528 
1 0.000641167 0.000324351 -0.012289 -0.000641227 1 0.000163403 -0.0233021 -0.000324246 -0.000163617 1 1.25552 
0.999999 -0.00105293 -3.14787e-07 -0.000541687 0.00105293 0.999999 -0.00110527 -0.0228264 1.47615e-06 0.00110525 1 1.26099 
0.999997 -0.00262812 -4.07333e-05 -0.00188065 0.00262808 0.999996 -0.00116093 -0.0226762 4.37861e-05 0.00116082 0.999999 1.25677 
0.999999 -0.00149029 -0.000149552 -0.00779915 0.00149025 0.999999 -0.000207033 -0.0221047 0.00014986 0.000206822 1 1.26843 
1 -0.000245959 -9.17828e-05 -0.00670624 0.000245992 1 0.000346245 -0.0170438 9.17008e-05 -0.000346268 1 1.26767 
1 -0.000610936 0.000229841 -0.0112858 0.000610881 1 0.00024128 -0.026114 -0.000229994 -0.00024113 1 1.25073 
1 -0.000751253 0.000591213 -0.00646591 0.000750814 0.999999 0.000733354 -0.0251083 -0.000591761 -0.000732918 1 1.2785 
0.999997 -0.00245928 -0.000221229 -0.00950813 0.00245946 0.999997 0.000731388 -0.0184953 0.000219429 -0.000731933 1 1.24899 
0.999989 -0.0045968 3.37139e-06 -0.000295639 0.00459678 0.999987 0.0021918 -0.0217085 -1.34474e-05 -0.00219175 0.999998 1.25284 
0.999995 -0.00304895 -6.5092e-05 0.00172806 0.00304915 0.999989 0.00346824 -0.0187576 5.45178e-05 -0.00346843 0.999994 1.26019 
0.999998 -0.00191046 -0.000128777 -0.00125313 0.00191076 0.999995 0.00237814 -0.0217829 0.000124235 -0.00237838 0.999997 1.24298 
1 -8.6613e-07 0.000445373 -0.00835037 1.60746e-06 0.999999 -0.00166676 -0.0235243 -0.000445373 0.00166675 0.999999 1.24237 
0.999997 0.00250695 -0.000242245 -0.00419998 -0.00250728 0.999996 -0.00137 -0.0215344 0.000238809 0.00137061 0.999999 1.23053 
0.999985 0.00538991 0.000236614 -0.0187664 -0.00539065 0.99998 0.00321468 -0.0186634 -0.000219283 -0.00321589 0.999995 1.24008 
0.999984 0.00555944 0.000609528 -0.0177155 -0.0055631 0.999965 0.00617245 -0.0198278 -0.000575191 -0.00617573 0.999981 1.2345 
0.999992 0.00397937 0.000138194 -0.0106964 -0.00397932 0.999992 -0.000436594 -0.022471 -0.000139927 0.000436044 1 1.23978 
1 -0.000591703 0.000313544 -0.00513077 0.000593908 0.999975 -0.0070933 -0.0213866 -0.000309339 0.00709344 0.999975 1.22568 
