1 0 0 0 0 1 0 0 0 0 1 0 
0.999996 -0.00296772 -0.000153135 0.0061664 0.00296751 0.999995 -0.00138004 0.0139142 0.00015723 0.00137958 0.999999 -0.772333 
0.999997 -0.00255808 -0.000465065 0.00783203 0.00255784 0.999997 -0.000519016 0.018241 0.000466391 0.000517826 1 -0.765777 
0.999999 -0.00124777 -0.000498883 0.00806041 0.00124784 0.999999 0.000153977 0.0191359 0.00049869 -0.000154601 1 -0.736384 
0.999998 -0.00189054 0.000172762 0.00338699 0.00189048 0.999998 0.000334401 0.0144646 -0.000173393 -0.000334073 1 -0.727146 
1 -0.00031333 -0.000754169 0.0104424 0.000313512 1 0.000241593 0.0144177 0.000754093 -0.00024183 1 -0.715139 
1 -9.62825e-05 -0.00011929 0.000270043 9.6173e-05 1 -0.000903413 0.0150553 0.000119377 0.000903402 1 -0.688519 
0.999999 -0.000946871 -0.00100913 0.0143373 0.000943884 0.999995 -0.0029583 0.0179753 0.00101193 0.00295734 0.999995 -0.680806 
0.999999 0.00015967 -0.00116367 -0.00603226 -0.00016394 0.999993 -0.00367098 0.00887114 0.00116308 0.00367117 0.999993 -0.664205 
0.999999 0.000672052 -0.00122496 0.00125242 -0.000676444 0.999993 -0.00359124 0.0190676 0.00122254 0.00359206 0.999993 -0.627467 
0.999999 0.000804195 -0.0013488 0.00567453 -0.000807185 0.999997 -0.00221546 0.0164926 0.00134702 0.00221655 0.999997 -0.609355 
1 -0.00060171 -0.000683823 -0.00884981 0.000601632 1 -0.000114772 0.0212956 0.00068389 0.000114363 1 -0.573131 
1 -0.000575046 -0.000877914 -0.000337884 0.000577289 0.999997 0.00255376 0.0157366 0.000876446 -0.00255426 0.999996 -0.553967 
0.999999 0.000142207 -0.00109605 0.00746353 -0.000139064 0.999996 0.00286967 0.00951314 0.00109645 -0.00286951 0.999995 -0.523241 
0.999998 0.00158261 -0.00139861 -0.00875555 -0.0015808 0.999998 0.00130019 0.0136573 0.00140066 -0.00129798 0.999998 -0.494149 
0.99999 0.00387874 -0.00215337 0.00441586 -0.00387344 0.99999 0.00246126 0.00623515 0.0021629 -0.00245289 0.999995 -0.473634 
0.999997 0.00208112 -0.00170577 -0.00905082 -0.00207927 0.999997 0.0010855 0.00746638 0.00170802 -0.00108195 0.999998 -0.445308 
0.999989 -0.0043741 -0.00176627 0.000144467 0.00437773 0.999988 0.00205803 0.0105396 0.00175725 -0.00206574 0.999996 -0.41719 
0.999986 -0.00432216 -0.0031534 0.00768469 0.00432452 0.99999 0.000744856 0.00793545 0.00315015 -0.000758481 0.999995 -0.386924 
0.999995 -0.00037421 -0.00319484 -0.000720099 0.000369918 0.999999 -0.00134329 0.0129665 0.00319533 0.0013421 0.999994 -0.342648 
0.999986 0.00414951 -0.00316972 -0.0058006 -0.00415132 0.999991 -0.000566297 0.00690541 0.00316733 0.000579448 0.999995 -0.31745 
0.999987 0.00426975 -0.00278577 -0.00565809 -0.00426852 0.999991 0.000448246 0.000606298 0.00278767 -0.000436349 0.999996 -0.285047 
0.999991 0.00338998 -0.00233326 -0.0079059 -0.00339328 0.999993 -0.00141329 0.00694346 0.00232846 0.0014212 0.999996 -0.257178 
0.999997 0.000376563 -0.0024433 -0.00175855 -0.000379128 1 -0.0010492 0.00729087 0.0024429 0.00105012 0.999997 -0.232429 
0.999997 -0.000616755 -0.00227275 0.00314036 0.000619251 0.999999 0.00109784 0.00405872 0.00227208 -0.00109924 0.999997 -0.206114 
0.999999 -0.000704689 -0.00155731 -0.0130163 0.000706433 0.999999 0.00111999 0.00998831 0.00155651 -0.00112109 0.999998 -0.196604 
0.999992 -0.00260506 -0.00317013 0.0107778 0.00260805 0.999996 0.000937438 0.00354347 0.00316767 -0.000945698 0.999995 -0.156232 
0.999995 -0.00276882 -0.00164505 0.00281784 0.00276985 0.999996 0.000627777 0.00661752 0.0016433 -0.00063233 0.999999 -0.169591 
0.999998 -0.00124797 -0.00131882 0.000442296 0.00124972 0.999998 0.00132904 0.00840545 0.00131716 -0.00133069 0.999998 -0.156381 
0.999998 0.00104405 -0.00179462 -0.0045414 -0.00104116 0.999998 0.00161242 0.00720617 0.00179629 -0.00161055 0.999997 -0.14968 
0.999998 0.00129661 -0.0017551 0.00259727 -0.00129426 0.999998 0.0013395 0.00284383 0.00175683 -0.00133722 0.999998 -0.141553 
0.999999 0.000954013 -0.00130527 -0.000819147 -0.000952768 0.999999 0.000954726 0.0024312 0.00130619 -0.000953482 0.999999 -0.139508 
0.999999 -0.000877561 -0.00139448 -0.00196874 0.000879742 0.999998 0.00156393 0.00104189 0.00139311 -0.00156516 0.999998 -0.134183 
0.999999 -0.000330983 -0.00131613 0.00133437 0.000333191 0.999998 0.00167684 0.00647111 0.00131558 -0.00167727 0.999998 -0.119925 
1 -4.24743e-05 -0.000908818 -0.0020532 4.48053e-05 0.999997 0.0025669 -0.00211829 0.000908706 -0.00256694 0.999996 -0.127953 
1 0.000646571 -0.000666987 -0.00251257 -0.000645064 0.999997 0.00225671 0.00240933 0.000668433 -0.00225628 0.999997 -0.125188 
1 0.000976376 0.000401367 0.00220823 -0.000977029 0.999998 0.00163023 0.00562014 -0.000399765 -0.00163062 0.999999 -0.127689 
0.999998 0.000678818 0.00203843 0.00127739 -0.000681359 0.999999 0.00124566 0.00239489 -0.00203758 -0.00124705 0.999997 -0.123414 
0.999995 -0.000367365 0.00307533 0.00161511 0.000364647 1 0.000884245 0.00114477 -0.00307566 -0.000883118 0.999995 -0.12761 
0.999992 -0.000337847 0.00383753 0.0091823 0.000332467 0.999999 0.00140306 -0.00362613 -0.00383799 -0.00140177 0.999992 -0.125937 
0.999984 0.000269184 0.00560662 0.00725797 -0.000275181 0.999999 0.0010689 0.00306539 -0.00560633 -0.00107043 0.999984 -0.122313 
0.999976 -3.79103e-05 0.00693481 0.0023694 3.44065e-05 1 0.000505641 0.00339654 -0.00693483 -0.000505386 0.999976 -0.11489 
0.999973 -0.000292646 0.00728065 0.00604807 0.000285337 1 0.00100471 -0.00252247 -0.00728094 -0.0010026 0.999973 -0.124958 
0.999966 0.000526844 0.00820519 0.00667152 -0.00053334 1 0.000789294 0.00226989 -0.00820477 -0.000793649 0.999966 -0.135027 
0.999951 0.00107483 0.0098845 0.0126181 -0.00108743 0.999999 0.00126944 -0.000889409 -0.00988313 -0.00128012 0.99995 -0.129783 
0.999911 0.00132031 0.0132694 0.00374258 -0.00134094 0.999998 0.00154563 0.000258282 -0.0132674 -0.00156329 0.999911 -0.150779 
0.999872 0.000914306 0.0159922 0.0199576 -0.000948152 0.999997 0.00210902 -0.00271213 -0.0159903 -0.00212391 0.99987 -0.153943 
0.999815 -0.000700178 0.0192027 0.0201911 0.000680551 0.999999 0.00102863 -0.0018185 -0.0192034 -0.00101537 0.999815 -0.180502 
0.999767 -0.0013604 0.021547 0.0292791 0.00136675 0.999999 -0.000280041 0.000681587 -0.0215466 0.000309428 0.999768 -0.17535 
0.999717 -4.85878e-05 0.023768 0.0168992 8.32899e-05 0.999999 -0.00145912 0.00355008 -0.0237679 0.00146068 0.999716 -0.208694 
0.999637 -0.000632813 0.0269128 0.01872 0.00066892 0.999999 -0.00133258 0.00257992 -0.0269119 0.00135011 0.999637 -0.215164 
0.999544 -0.000710629 0.0301768 0.0352795 0.000773131 0.999997 -0.00205958 0.00372171 -0.0301753 0.00208197 0.999542 -0.230429 
0.999433 0.000469965 0.0336739 0.025775 -0.000366454 0.999995 -0.00308 -0.00101435 -0.0336751 0.00306591 0.999428 -0.265558 
0.999296 -0.000422398 0.0375213 0.032908 0.00056453 0.999993 -0.00377761 0.00492265 -0.0375194 0.00379612 0.999289 -0.255133 
0.999155 -0.000152468 0.0411002 0.0295482 0.000349294 0.999988 -0.00478178 0.000228584 -0.041099 0.0047921 0.999143 -0.271288 
0.999091 -0.00257603 0.0425465 0.0487127 0.00276877 0.999986 -0.00447191 0.00446272 -0.0425344 0.00458564 0.999085 -0.308372 
0.999006 -0.00247128 0.0445057 0.0400224 0.00262968 0.99999 -0.00350075 0.00225765 -0.0444967 0.00361431 0.999003 -0.30571 
0.998917 -0.000495714 0.0465368 0.0307999 0.000735582 0.999987 -0.00513741 0.00721174 -0.0465336 0.00516608 0.998903 -0.308064 
0.998853 -0.000527326 0.0478803 0.0290017 0.000868292 0.999974 -0.00710071 0.0131853 -0.0478753 0.00713413 0.998828 -0.318888 
0.99882 -0.00170741 0.0485426 0.0349278 0.0019806 0.999982 -0.0055801 0.00435013 -0.0485322 0.00566966 0.998806 -0.313766 
0.998729 -0.00433419 0.0502051 0.0400801 0.00452943 0.999983 -0.00377582 0.013274 -0.0501876 0.00399842 0.998732 -0.348764 
0.998622 -0.00212 0.0524313 0.0344038 0.00223019 0.999996 -0.00204321 0.00501817 -0.0524268 0.00215732 0.998623 -0.356564 
0.998576 -0.00419587 0.0531758 0.0398741 0.00425088 0.99999 -0.000921387 0.0121657 -0.0531716 0.00114612 0.998585 -0.352562 
0.998496 -0.002414 0.0547717 0.0304127 0.00251987 0.999995 -0.00186382 0.00905412 -0.054767 0.00199903 0.998497 -0.38731 
0.998472 -0.00326338 0.0551608 0.0393744 0.00339612 0.999991 -0.00231299 0.00101638 -0.0551528 0.00249679 0.998475 -0.42601 
0.998488 0.00144094 0.0549594 0.0420151 -0.00140425 0.999999 -0.000706112 -0.00781906 -0.0549603 0.000627857 0.998488 -0.411674 
0.998451 0.000206688 0.0556357 0.0280924 -0.000204607 1 -4.32199e-05 0.00447953 -0.0556357 3.17805e-05 0.998451 -0.435039 
0.998518 0.00334586 0.0543174 0.0392761 -0.00326224 0.999993 -0.00162802 0.0118091 -0.0543226 0.0014484 0.998522 -0.454647 
0.998407 0.00229503 0.0563771 0.0156879 -0.00222358 0.999997 -0.00133011 0.00335211 -0.0563799 0.00120264 0.998409 -0.481952 
0.998544 -0.000602612 0.0539486 0.0495119 0.000695633 0.999998 -0.00170561 0.00449294 -0.0539475 0.00174067 0.998542 -0.465365 
0.998362 -0.00155032 0.0571986 0.0390415 0.00146765 0.999998 0.00148731 0.000196218 -0.0572007 -0.00140094 0.998362 -0.49708 
0.998313 0.00266552 0.057992 0.0335941 -0.0026396 0.999996 -0.000523686 0.00664401 -0.0579932 0.000369736 0.998317 -0.518978 
0.998227 0.002273 0.0594842 0.0107765 -0.00228097 0.999997 6.59348e-05 0.00231528 -0.0594839 -0.000201492 0.998229 -0.541296 
0.998385 0.000320101 0.056806 0.0328846 -0.000388451 0.999999 0.00119232 -0.000484347 -0.0568056 -0.00121246 0.998385 -0.527763 
0.99845 -0.001533 0.0556286 0.0351505 0.00183076 0.999984 -0.00530215 -0.0027836 -0.0556196 0.00539577 0.998437 -0.569419 
0.998596 -0.000423148 0.05298 0.0297241 0.000705637 0.999986 -0.00531341 0.00668782 -0.052977 0.00534334 0.998582 -0.598693 
0.998814 0.00310256 0.0485984 0.0273132 -0.00302293 0.999994 -0.00171199 0.00540173 -0.0486035 0.00156305 0.998817 -0.587807 
0.998992 -0.000277668 0.0448887 0.0242767 0.000343215 0.999999 -0.00145238 0.0127331 -0.0448883 0.00146632 0.998991 -0.617682 
0.999198 -0.00237206 0.0399832 0.0339165 0.00228721 0.999995 0.0021679 0.00391448 -0.0399881 -0.00207471 0.999198 -0.636271 
0.999358 -0.00399694 0.0356203 0.0203915 0.00383568 0.999982 0.00459453 -0.00137109 -0.0356381 -0.00445496 0.999355 -0.639465 
0.999597 -0.00391274 0.0281027 0.0273819 0.00390638 0.999992 0.00028131 -0.00462353 -0.0281036 -0.000171409 0.999605 -0.675621 
0.999771 -0.00171419 0.021348 0.00845909 0.0018097 0.999989 -0.00445526 0.00918984 -0.0213402 0.00449287 0.999762 -0.700675 
0.999917 0.000692818 0.0128281 0.0127621 -0.000618044 0.999983 -0.00583188 0.00545126 -0.0128319 0.00582348 0.999901 -0.728117 
0.999966 -0.000719879 0.00817816 0.00166512 0.000742539 0.999996 -0.00276876 0.014339 -0.00817613 0.00277472 0.999963 -0.744887 
0.999994 0.000723139 0.00349189 0.00904846 -0.000733059 0.999996 0.0028413 0.00893301 -0.00348983 -0.00284383 0.99999 -0.759278 
0.999973 0.00740943 -0.000237592 -0.00527763 -0.00740835 0.999964 0.00422488 0.00467241 0.000268884 -0.004223 0.999991 -0.784807 
0.999921 0.012144 -0.00336285 -0.0209751 -0.0121366 0.999924 0.00221716 -0.00380552 0.00338954 -0.00217616 0.999992 -0.813531 
0.999984 0.000843294 -0.00553139 -0.00618362 -0.00084373 1 -7.72448e-05 0.00518441 0.00553131 8.19144e-05 0.999985 -0.82824 
0.999984 -0.00169997 -0.00535887 0.00844955 0.00170565 0.999998 0.00105661 0.0152678 0.00535705 -0.00106572 0.999985 -0.850054 
0.999989 0.00375722 -0.00275843 -0.0138378 -0.00373869 0.999971 0.00668926 -0.00170732 0.00278348 -0.00667887 0.999974 -0.872469 
0.999995 -0.00224394 -0.00229551 0.00237083 0.00226841 0.99994 0.0107165 -0.00511014 0.00227132 -0.0107216 0.99994 -0.875584 
0.999971 -0.00762722 -0.000811009 0.015749 0.0076336 0.999937 0.00818578 -0.00322181 0.000748523 -0.00819174 0.999966 -0.898911 
0.999984 -0.00559199 0.00100543 0.0147152 0.00558905 0.99998 0.00291369 -0.00692084 -0.00102171 -0.00290802 0.999995 -0.922197 
0.999952 -0.00922149 0.00343085 0.0137196 0.00924385 0.999936 -0.00656212 0.0134535 -0.00337011 0.00659352 0.999973 -0.956041 
0.999977 -0.00467296 0.00483438 0.0186882 0.00471314 0.999954 -0.00833408 0.0111543 -0.00479521 0.00835668 0.999954 -0.96649 
0.999989 -0.00173401 0.00433376 0.0161705 0.00177539 0.999953 -0.00956435 0.011104 -0.00431697 0.00957193 0.999945 -0.978636 
0.999997 -0.00164937 0.00175715 -0.00235558 0.00166686 0.999949 -0.00999497 0.0168377 -0.00174057 0.00999788 0.999949 -1.03133 
0.999997 0.00194445 0.00117947 -0.000139236 -0.00193512 0.999967 -0.00785487 0.0210212 -0.00119471 0.00785255 0.999968 -1.02053 
0.999999 0.000857387 0.00159307 0.00204086 -0.000856142 0.999999 -0.00078194 0.0134453 -0.00159373 0.000780571 0.999999 -1.03184 
0.999998 -0.00136628 0.00147316 0.00741005 0.00136205 0.999995 0.00286551 0.0115516 -0.00147706 -0.00286349 0.999995 -0.991358 
0.999996 -0.00050572 0.00275575 0.0056839 0.000491865 0.999987 0.00502666 0.00956088 -0.00275826 -0.00502526 0.999984 -1.02308 
0.99999 -0.000243327 0.00441323 0.00898552 0.000220942 0.999987 0.00507206 0.0103862 -0.00441443 -0.00507104 0.999977 -1.03498 
0.999984 -2.45362e-05 0.00570278 0.00270462 -1.00583e-06 0.99999 0.00447848 0.00977123 -0.00570282 -0.00447843 0.999974 -1.01907 
0.999978 -0.00120256 0.00650058 0.0176411 0.00119045 0.999998 0.00186651 0.00711018 -0.00650281 -0.00185873 0.999977 -1.02552 
0.999976 -0.00011143 0.00689764 -0.000404358 0.000127859 0.999997 -0.00238111 0.0101664 -0.00689735 0.00238193 0.999973 -1.05317 
0.999979 -0.00187019 0.00622408 0.00823402 0.00190067 0.999986 -0.00489449 0.0147055 -0.00621486 0.00490622 0.999969 -1.07323 
0.999976 -0.00366856 0.00583567 0.0166531 0.00368786 0.999988 -0.00329908 0.0209755 -0.00582348 0.00332053 0.999977 -1.05714 
0.999985 -0.00263014 0.00475112 0.00320435 0.00264184 0.999994 -0.00245922 0.0148889 -0.00474462 0.00247174 0.999986 -1.06964 
0.999985 -0.00492446 0.00241257 0.0130825 0.00492836 0.999987 -0.00161552 0.0143061 -0.00240458 0.00162738 0.999996 -1.08172 
0.99999 -0.00438058 0.00110569 0.015213 0.00438246 0.999989 -0.00170684 0.0159128 -0.00109819 0.00171167 0.999998 -1.07774 
0.999999 -0.000820909 0.00142724 0.0151196 0.000820257 1 0.000457997 0.0155862 -0.00142762 -0.000456823 0.999999 -1.09027 
0.999999 -0.000437872 0.00144614 0.00926018 0.000437109 1 0.000527697 0.0178064 -0.00144637 -0.000527064 0.999999 -1.08828 
0.999999 -0.00133179 0.000825681 0.0051918 0.00133096 0.999999 0.00100094 0.008995 -0.000827014 -0.000999854 0.999999 -1.09637 
0.999997 -0.00238627 0.000679173 0.0116482 0.00238577 0.999997 0.000733331 0.0128057 -0.000680901 -0.000731705 0.999999 -1.09748 
0.999989 -0.00460846 0.000361376 0.01647 0.0046077 0.999987 0.00206912 0.014842 -0.000370905 -0.00206745 0.999998 -1.08793 
0.999988 -0.00486035 5.40316e-05 0.00894737 0.00486006 0.999978 0.00450791 0.0115572 -7.59587e-05 -0.00450759 0.99999 -1.09088 
0.999998 -0.00164546 -0.000984058 0.0133018 0.00164571 0.999999 0.000267525 0.0189457 0.000983633 -0.000269133 0.999999 -1.11533 
0.999998 -0.000830857 -0.00156365 0.00385284 0.000824437 0.999991 -0.00410518 0.0166802 0.00156703 0.00410389 0.99999 -1.11729 
0.999998 0.000214484 -0.00209972 0.00930786 -0.000221759 0.999994 -0.00346367 0.0256605 0.00209899 0.00346413 0.999992 -1.10209 
0.999997 0.0018752 -0.00125124 0.00458908 -0.00187447 0.999998 0.000578166 0.0121248 0.00125232 -0.000575806 0.999999 -1.12259 
0.999997 0.000215711 -0.00264976 0.00676155 -0.000213346 1 0.000891076 0.0139744 0.00264994 -0.000890497 0.999996 -1.11316 
0.999982 -0.00423495 -0.00423878 0.0121861 0.00423284 0.999991 -0.000506709 0.00757092 0.00424088 0.000488751 0.999991 -1.14204 
0.99997 -0.0046349 -0.00618735 0.0174103 0.00462776 0.999989 -0.00116879 0.0154344 0.00619272 0.00114013 0.99998 -1.12884 
0.999973 -0.00369283 -0.00640916 0.0202179 0.00369535 0.999993 0.00038178 0.0124909 0.0064077 -0.000405452 0.99998 -1.12917 
0.999984 -0.00110466 -0.0055778 0.00654602 0.00110793 0.999999 0.000582783 0.013351 0.00557713 -0.000588966 0.999984 -1.15958 
0.999983 0.000574082 -0.00571973 0.00521469 -0.00056785 0.999999 0.00109211 0.00913951 0.00572036 -0.00108884 0.999983 -1.13971 
0.999984 0.00176609 -0.00536809 0.0107632 -0.00176363 0.999998 0.000459074 0.0130561 0.00536887 -0.000449596 0.999985 -1.14875 
0.999983 0.00154399 -0.00554519 0.00604248 -0.001548 0.999999 -0.000715212 0.0177397 0.00554409 0.000723793 0.999984 -1.14003 
0.999983 0.00106763 -0.00566575 0.00316429 -0.00107658 0.999998 -0.00157898 0.019299 0.00566404 0.00158505 0.999983 -1.16528 
0.999985 -0.000304006 -0.00547088 0.00234985 0.000297185 0.999999 -0.00124844 0.0163243 0.00547124 0.00124681 0.999984 -1.15569 
0.999986 0.000732426 -0.00519661 0.00277901 -0.000727482 0.999999 0.000954977 0.0163937 0.00519731 -0.000951192 0.999986 -1.16551 
0.99999 0.000481378 -0.00454524 0.0073452 -0.000461821 0.999991 0.00430096 0.0185612 0.00454728 -0.0042988 0.99998 -1.15264 
0.999991 0.000212692 -0.0042151 0.000419617 -0.000189375 0.999985 0.00553227 0.0099265 0.00421621 -0.00553143 0.999976 -1.15409 
0.999992 0.000501305 -0.00398502 0.0135384 -0.000501648 1 -8.53918e-05 0.0241624 0.00398498 8.73899e-05 0.999992 -1.17555 
0.999993 0.000616286 -0.00373497 0.011404 -0.000624917 0.999997 -0.00231188 0.016091 0.00373353 0.00231419 0.99999 -1.17239 
0.999998 5.49257e-05 -0.00214554 0.0101223 -5.42291e-05 1 0.000324101 0.0155294 0.00214555 -0.00032397 0.999998 -1.16623 
0.999999 -0.00157542 -0.000691233 0.00100136 0.00157537 0.999999 -6.87436e-05 0.0204805 0.000691341 6.76612e-05 1 -1.17245 
0.999999 -0.000762109 -0.000780439 0.00666046 0.000761572 0.999999 -0.000674918 0.0152327 0.000780952 0.000674316 0.999999 -1.17657 
0.999999 -0.000728998 -0.00128406 0.0129967 0.000729065 1 4.02647e-05 0.0236738 0.00128403 -4.12027e-05 0.999999 -1.16546 
1 -0.000214752 -0.000784429 -0.00265312 0.000216328 0.999998 0.00202822 0.0164914 0.000783991 -0.00202838 0.999998 -1.19415 
0.999999 0.0014728 -0.000444615 0.00225258 -0.00147231 0.999998 0.0011292 0.0150462 0.000446279 -0.00112855 0.999999 -1.17989 
0.999994 0.00341598 -0.000827642 0.0148163 -0.00341621 0.999994 -0.00028853 0.0239816 0.00082665 0.00029135 1 -1.18658 
0.999996 0.00255878 0.000851966 -0.0141277 -0.00255862 0.999997 -0.000193419 0.0140152 -0.000852459 0.000191234 1 -1.18713 
1 0.000443101 -8.21236e-05 0.00554085 -0.000443321 0.999996 -0.00271348 0.0197891 8.09231e-05 0.00271351 0.999996 -1.18568 
0.999998 -0.00195028 -0.000139084 0.00231934 0.00194978 0.999992 -0.00350463 0.0210587 0.000145917 0.00350435 0.999994 -1.17944 
0.999997 -0.00230527 -0.000922858 0.0182381 0.00230514 0.999997 -0.000145169 0.0218237 0.000923191 0.000143053 1 -1.20216 
0.999999 -0.00148684 -0.000622328 0.0105209 0.00148835 0.999996 0.00242489 0.0140164 0.000618718 -0.00242582 0.999997 -1.17667 
1 0.000402011 -0.000663989 0.0185337 -0.000400558 0.999998 0.00216923 0.0209178 0.000664861 -0.00216898 0.999997 -1.18238 
0.999996 0.00260251 0.00112907 -0.0124016 -0.00260275 0.999996 0.000209553 0.0233626 -0.00112852 -0.000212483 0.999999 -1.19744 
0.999999 0.00116559 -0.000142739 0.00404358 -0.00116576 0.999999 -0.0011354 0.015646 0.000141415 0.00113556 0.999999 -1.17499 
0.999999 0.00103836 -0.000816047 0.0163612 -0.00104066 0.999996 -0.00283823 0.0220461 0.000813097 0.00283908 0.999996 -1.18446 
1 -0.000533037 0.000231611 -0.00670624 0.000533659 0.999996 -0.00274396 0.0303637 -0.000230147 0.00274408 0.999996 -1.16159 
0.999999 -0.00148545 -0.000614455 0.0135155 0.00148537 0.999999 -0.000136925 0.0205917 0.000614657 0.000136022 1 -1.16261 
1 0.000395771 -3.93225e-05 0.00640678 -0.000395685 0.999998 0.00214208 0.019958 4.01703e-05 -0.00214207 0.999998 -1.17467 
0.999999 0.00136968 -0.000139056 -0.000905991 -0.00136947 0.999998 0.00142006 0.0176708 0.000141001 -0.00141987 0.999999 -1.17428 
0.999999 0.00162742 0.000161738 0.00373459 -0.00162725 0.999998 -0.00114329 0.0216423 -0.000163599 0.00114303 0.999999 -1.1629 
0.999997 0.00216905 -0.000734456 0.0151749 -0.00217093 0.999994 -0.00258222 0.015662 0.00072885 0.0025838 0.999996 -1.17177 
0.999999 0.00137449 0.000493078 -0.00945473 -0.00137314 0.999995 -0.00273074 0.0283031 -0.000496829 0.00273006 0.999996 -1.15547 
1 -0.00054243 -0.000320078 0.00595474 0.000541894 0.999999 -0.00166924 0.0207155 0.000320982 0.00166908 0.999999 -1.16844 
0.999996 -0.00288598 -0.000732193 0.0159092 0.00288455 0.999994 -0.00195403 0.021644 0.000737829 0.00195191 0.999998 -1.16642 
0.999998 -0.00173977 -0.000552792 0.00741959 0.00174008 0.999998 0.000596341 0.0279948 0.000551753 -0.000597305 1 -1.14956 
0.999997 -0.0023919 -0.000307336 0.0160198 0.00239328 0.999987 0.0045261 0.0105851 0.000296507 -0.00452682 0.99999 -1.1545 
0.999999 -0.00128917 -0.000630011 0.0134563 0.00129019 0.999998 0.00163421 0.0159051 0.000627903 -0.00163502 0.999998 -1.15792 
1 0.000709116 0.000376922 -0.00365639 -0.000709623 0.999999 0.00133316 0.0281662 -0.000375977 -0.00133343 0.999999 -1.15543 
0.999999 0.00113335 -0.000180516 0.00131226 -0.00113345 0.999999 -0.000562361 0.0192481 0.000179878 0.000562572 1 -1.16862 
1 -9.11355e-05 -0.000224399 0.0130215 9.06996e-05 0.999998 -0.0018984 0.0201987 0.000224572 0.00189839 0.999998 -1.14085 
0.999999 0.00153171 0.000282714 0.00317192 -0.00153107 0.999997 -0.00221793 0.0220683 -0.000286109 0.00221751 0.999998 -1.18139 
0.999993 -0.00378849 0.00045409 0.011488 0.00378774 0.999992 0.00161082 0.00762558 -0.00046019 -0.0016091 0.999999 -1.16505 
0.999994 -0.00345779 -0.000260951 0.0117702 0.0034573 0.999992 -0.0018461 0.0268364 0.000267333 0.00184518 0.999998 -1.15828 
0.999994 -0.0035877 -3.88005e-05 0.0163765 0.00358772 0.999993 0.000814493 0.0159731 3.58777e-05 -0.000814625 1 -1.17911 
0.999999 -0.00156655 1.94198e-05 0.0143452 0.00156647 0.999991 0.00398735 0.0111945 -2.56663e-05 -0.00398732 0.999992 -1.15563 
0.999999 0.000731234 0.000856095 -0.000301361 -0.000734456 0.999993 0.00377965 0.018853 -0.000853323 -0.00378026 0.999992 -1.2035 
0.999995 0.00314522 0.000938504 0.00767136 -0.00314602 0.999995 0.00083098 0.0151046 -0.000935888 -0.000833933 0.999999 -1.19326 
0.999991 0.00410615 0.000898013 -0.00952339 -0.00410666 0.999991 0.000571452 0.0181435 -0.000895659 -0.000575134 0.999999 -1.1794 
1 0.000779361 0.000328982 0.00857162 -0.00077891 0.999999 -0.00136889 0.00740081 -0.000330049 0.00136863 0.999999 -1.21858 
0.999999 0.000801049 0.000890421 0.00558853 -0.000797186 0.99999 -0.00432274 0.034339 -0.000893875 0.00432204 0.99999 -1.24554 
0.999998 0.00178445 0.000794195 -0.00271034 -0.00178445 0.999998 2.01746e-06 0.00524247 -0.000794191 -3.43732e-06 1 -1.21729 
1 -0.000186332 0.000869593 0.00371933 0.000182416 0.99999 0.00450214 0.00814527 -0.000870422 -0.00450198 0.99999 -1.22906 
1 -0.000257239 0.000905856 0.00733185 0.000254117 0.999994 0.00343768 0.0208248 -0.000906736 -0.00343745 0.999994 -1.23318 
1 0.000866205 0.000401305 0.00362968 -0.000866797 0.999999 0.00147217 0.0109011 -0.000400029 -0.00147251 0.999999 -1.25626 
0.999998 -0.00199108 0.000645626 0.00973892 0.00199178 0.999997 -0.00108755 0.0119821 -0.000643459 0.00108884 0.999999 -1.2439 
0.999988 -0.00480067 0.000396714 0.0113564 0.0048028 0.999973 -0.00556743 0.0314934 -0.000369973 0.00556926 0.999984 -1.26795 
0.999985 -0.00547081 -0.000354189 0.0261497 0.00546976 0.999981 -0.00290184 0.0195621 0.000370057 0.00289987 0.999996 -1.26049 
0.999974 -0.00722244 -0.000514079 0.0218544 0.00722256 0.999974 0.000237471 0.0155212 0.00051235 -0.00024118 1 -1.26251 
0.999994 -0.0034086 -0.000709374 0.0241547 0.00341016 0.999992 0.0022048 0.0149753 0.000701855 -0.00220721 0.999997 -1.26151 
0.999997 -0.00242073 0.000884289 0.00399399 0.00241967 0.999997 0.00118855 0.0179783 -0.000887167 -0.0011864 0.999999 -1.26911 
1 0.000306234 0.000952726 0.0047245 -0.000307061 1 0.00085687 0.0210455 -0.000952463 -0.000857156 0.999999 -1.26361 
0.999998 0.00191846 2.67401e-05 0.00993538 -0.00191845 0.999998 0.000247117 0.0247881 -2.62642e-05 -0.000247171 1 -1.28671 
1 -7.51093e-05 0.000428625 0.00650024 7.54073e-05 1 -0.000717328 0.0215861 -0.00042857 0.000717368 1 -1.25386 
1 -0.000101771 0.000699899 0.00690079 0.000105258 0.999988 -0.00497373 0.0239995 -0.000699387 0.00497381 0.999987 -1.2693 
0.999999 0.000734124 0.000752172 0.00565529 -0.000730943 0.999991 -0.00422512 0.0279107 -0.000755267 0.00422458 0.999991 -1.2726 
1 0.000101861 -0.000281482 0.0179596 -0.00010154 0.999999 0.00114372 0.0243037 0.000281598 -0.00114369 0.999999 -1.26706 
1 0.000196576 -0.000775539 0.00282288 -0.000195183 0.999998 0.00179952 0.0155658 0.000775893 -0.00179937 0.999998 -1.25732 
0.999999 0.00104975 -0.00113724 0.00979805 -0.0010491 0.999999 0.000575508 0.0191391 0.00113784 -0.000574317 0.999999 -1.24927 
1 -0.000250656 -0.000814285 0.00304222 0.000251554 0.999999 0.00109785 0.0205849 0.000814012 -0.00109805 0.999999 -1.24609 
1 -0.000159826 -0.000822514 0.00667381 0.000157706 0.999997 -0.00257205 0.0265042 0.000822924 0.00257193 0.999997 -1.25787 
1 -0.000750773 -0.000744516 0.0103836 0.000747997 0.999993 -0.00373186 0.0254776 0.000747311 0.00373131 0.999993 -1.24861 
0.999997 -0.00185798 -0.00117792 0.0104942 0.00185712 0.999998 -0.000728463 0.018729 0.00117927 0.00072628 0.999999 -1.24944 
0.999996 -0.0019035 -0.00182304 0.0173283 0.00190813 0.999995 0.00253859 0.025594 0.0018182 -0.00254207 0.999995 -1.26108 
0.999999 0.0013707 0.000196129 0.00461006 -0.00137131 0.999994 0.00309889 0.0166386 -0.000191879 -0.00309915 0.999995 -1.24327 
0.999996 0.00297688 -5.77958e-05 0.00155067 -0.00297679 0.999994 0.00150042 0.0246484 6.22615e-05 -0.00150025 0.999999 -1.24516 
0.999998 0.00185994 0.000784529 -0.000114441 -0.00186042 0.999998 0.000612463 0.0223957 -0.000783389 -0.000613914 1 -1.22951 
0.999998 0.00197396 7.96434e-05 0.00487328 -0.0019739 0.999998 -0.000800464 0.0293077 -8.12225e-05 0.000800305 1 -1.23268 
0.999998 0.00179179 0.000175367 0.00420952 -0.00179211 0.999997 0.0018002 0.00603819 -0.000172141 -0.00180052 0.999998 -1.24171 
1 0.000989389 -5.8081e-05 0.00657845 -0.000989366 1 0.000242437 0.0146537 5.83227e-05 -0.00024238 1 -1.2394 
0.999998 0.00185158 0.0003349 0.0031414 -0.00185063 0.999994 -0.0028188 0.0214226 -0.000340118 0.00281818 0.999996 -1.23366 
0.999997 0.00235603 0.000251176 0.00490761 -0.00235569 0.999996 -0.00127304 0.0193183 -0.000254176 0.00127245 0.999999 -1.22568 
0.999998 0.00210695 7.79238e-06 0.00917435 -0.00210696 0.999997 0.00143351 0.0198777 -4.77117e-06 -0.00143352 0.999999 -1.22742 
0.999999 -0.000538364 0.00103964 -0.00142288 0.000538789 1 -0.000424554 0.0238142 -0.00103941 0.000425119 0.999999 -1.23137 
1 -0.000911649 -8.77054e-05 0.00625992 0.000911236 0.999989 -0.00455235 0.019835 9.1854e-05 0.00455227 0.99999 -1.23128 
0.999988 -0.00487145 -0.000829754 0.0107498 0.00486557 0.999964 -0.00695848 0.0352037 0.000863622 0.00695434 0.999975 -1.2327 
0.999989 -0.00434445 -0.00139651 0.0154324 0.00434414 0.99999 -0.000222161 0.0282464 0.00139746 0.000216096 0.999999 -1.2513 
0.999992 -0.00376277 -0.00148943 0.0184822 0.00376866 0.999985 0.00397107 0.0166361 0.00147446 -0.00397665 0.999991 -1.23167 
0.999997 -0.00149562 -0.00208559 0.0157166 0.00150602 0.999986 0.00499972 0.0263352 0.00207809 -0.00500285 0.999985 -1.22273 
0.999997 -0.00247723 -0.000574751 0.00924683 0.00247802 0.999996 0.00138632 0.0195539 0.000571314 -0.00138775 0.999999 -1.22137 
0.999987 0.00498513 -0.00113284 -0.00540352 -0.00498148 0.999982 0.00319781 0.0220435 0.00114876 -0.00319212 0.999994 -1.2041 
0.999995 0.00302982 -0.000171868 0.00833511 -0.00302896 0.999984 0.00485018 0.00783598 0.00018656 -0.00484965 0.999988 -1.21466 
0.99998 0.00621787 0.00061207 0.00141144 -0.00621989 0.999975 0.00336367 0.015994 -0.00059114 -0.00336741 0.999994 -1.23714 
0.999997 0.00224632 0.00114837 0.00219536 -0.00224289 0.999993 -0.00298322 0.0163831 -0.00115507 0.00298063 0.999995 -1.22929 
0.999999 -0.000940938 -0.00049021 0.00708389 0.000937887 0.99998 -0.00618987 0.0213869 0.000496026 0.00618939 0.999981 -1.23041 
0.999998 -0.00110082 -0.00175088 0.00733948 0.00109442 0.999993 -0.00365365 0.0286813 0.00175488 0.00365173 0.999992 -1.20618 
0.999998 -0.000601575 -0.00157845 0.00783157 0.00060726 0.999993 0.00359928 0.0144391 0.00157627 -0.00360022 0.999992 -1.21547 
0.999997 -0.00237293 -0.000705054 0.00520515 0.00237255 0.999997 -0.000532472 0.0202119 0.000706316 0.000530792 1 -1.22388 
0.999998 0.00140138 -0.00134417 0.0112267 -0.0014025 0.999999 -0.000835243 0.0190578 0.00134299 0.000837128 0.999999 -1.21089 
1 0.000418827 -0.000208118 0.000476837 -0.000418298 0.999997 0.00250919 0.0129707 0.000209169 -0.0025091 0.999997 -1.20284 
0.999997 -0.000647459 -0.0024208 0.0186195 0.000650585 0.999999 0.00129524 0.0213472 0.00241995 -0.00129682 0.999996 -1.20586 
0.999999 -0.000836365 -0.00103261 -0.00508118 0.000834495 0.999998 -0.00181707 0.0214641 0.00103412 0.00181621 0.999998 -1.16272 
0.999998 -0.000264011 -0.00185597 0.0202675 0.000260111 0.999998 -0.00210815 0.034287 0.00185653 0.00210767 0.999996 -1.1181 
1 -0.000920262 -0.000325925 0.00545502 0.000919808 0.999999 -0.00135358 0.0275779 0.000327168 0.00135328 0.999999 -1.0896 
1 -0.000262234 -0.000577128 0.0152035 0.000261325 0.999999 -0.00158396 0.0358741 0.000577547 0.00158381 0.999999 -1.08211 
1 0.000630803 0.000475424 -8.67844e-05 -0.00063045 0.999999 -0.00074254 0.0225337 -0.000475894 0.000742237 1 -1.05299 
1 -0.000403918 -0.000907053 0.0127535 0.000404548 1 0.00070213 0.0266306 0.000906768 -0.000702483 0.999999 -1.02324 
0.999999 -0.000693046 -0.00130475 0.00281143 0.000692781 1 -0.000203132 0.0269732 0.00130489 0.000202217 0.999999 -0.974609 
0.999999 -0.000612244 -0.00142688 0.0036726 0.000611261 0.999999 -0.000691439 0.0249081 0.0014273 0.000690559 0.999999 -0.965057 
0.999999 0.00128443 0.000289171 0.00989723 -0.00128489 0.999998 0.00159098 0.0237226 -0.000287125 -0.00159135 0.999999 -0.936417 
0.999991 0.00228242 0.00366458 -0.000501633 -0.00229306 0.999993 0.00290227 0.0231595 -0.00365793 -0.00291066 0.999989 -0.937134 
0.999987 -2.10777e-05 0.00511586 0.00355721 2.64123e-06 0.999994 0.00360395 0.0171123 -0.0051159 -0.00360388 0.99998 -0.92691 
0.999987 -0.00200509 0.00471149 0.00917816 0.00199125 0.999994 0.002943 0.0159153 -0.00471736 -0.00293358 0.999985 -0.925919 
0.99999 -0.00237725 0.0036474 0.0100212 0.00237376 0.999997 0.000959101 0.00969601 -0.00364967 -0.000950441 0.999993 -0.932404 
0.999995 -0.00197762 0.00258497 0.0119972 0.00197911 0.999998 -0.0005724 0.0153016 -0.00258383 0.000577514 0.999997 -0.915573 
0.999996 0.00138435 0.00237021 0.000310898 -0.00137931 0.999997 -0.00212644 0.0239235 -0.00237314 0.00212317 0.999995 -0.923965 
0.999995 0.00281186 0.00169693 0.00198746 -0.00280987 0.999995 -0.00117953 0.0117769 -0.00170023 0.00117476 0.999998 -0.9245 
0.999998 0.00159769 0.00126336 0.0080719 -0.00159712 0.999998 -0.00044166 0.020041 -0.00126407 0.000439633 0.999999 -0.909821 
0.999999 -0.000535209 0.000813912 0.00875664 0.000534322 0.999999 0.00108052 0.0194032 -0.000814487 -0.00108008 0.999999 -0.913681 
0.999998 -0.00179115 0.000876832 -0.00139046 0.00179058 0.999998 0.000654935 0.0201579 -0.000878003 -0.000653371 0.999999 -0.903717 
0.999994 -0.00363649 0.00011889 0.00801277 0.00363635 0.999992 0.00126147 0.00507021 -0.000123478 -0.00126103 0.999999 -0.90477 
0.999995 -0.00283862 -0.000762346 0.00818443 0.00283968 0.999995 0.00139619 0.0203245 0.000758382 -0.00139834 0.999999 -0.920395 
0.999999 0.000239428 -0.00110251 0.00892258 -0.000236642 0.999997 0.00253738 0.0141964 0.00110311 -0.00253711 0.999996 -0.916382 
0.999999 0.000529129 -0.0010673 0.0118027 -0.000527199 0.999998 0.00181026 0.0227134 0.00106826 -0.00180969 0.999998 -0.918549 
1 4.9606e-05 -0.000644204 0.00726128 -4.91515e-05 1 0.000724586 0.00755712 0.000644237 -0.000724546 1 -0.92012 
0.999997 0.00232085 -0.000638692 0.00732422 -0.00232264 0.999993 -0.00281569 0.0174567 0.000632155 0.00281716 0.999996 -0.934326 
1 0.000974957 0.000207303 0.00691986 -0.000974707 0.999999 -0.00125329 0.0160756 -0.000208524 0.0012531 0.999999 -0.943512 
0.99999 0.00451149 -0.000850223 -0.004673 -0.00450826 0.999983 0.00376544 0.0106327 0.000867194 -0.00376157 0.999993 -0.930145 
0.999999 0.0014776 -2.72552e-06 -0.000118256 -0.00147757 0.999993 0.00353691 0.00502223 7.95117e-06 -0.0035369 0.999994 -0.943802 
0.99999 -0.00444479 -0.000524572 0.0107632 0.00444452 0.99999 -0.000495872 0.00940472 0.00052677 0.000493535 1 -0.961243 
0.999998 -0.00137328 -0.00132175 0.00535011 0.00136783 0.99999 -0.00411364 0.0151732 0.00132739 0.00411182 0.999991 -0.95932 
0.999995 0.00225437 -0.00211368 0.000764847 -0.00225416 0.999998 0.000101626 0.0182855 0.00211391 -9.68456e-05 0.999998 -0.94725 
0.999997 0.00131324 -0.00227029 0.00512695 -0.00131557 0.999999 -0.00103305 0.00470364 0.00226893 0.00103603 0.999997 -0.962799 
0.999998 -0.000998668 -0.00155181 0.0055294 0.000991367 0.999989 -0.00469634 0.0138648 0.00155648 0.00469479 0.999988 -0.989838 
0.999994 0.00312971 -0.00126789 -0.00360107 -0.0031347 0.999987 -0.00394866 0.0157163 0.00125552 0.0039526 0.999991 -1.00018 
0.999999 0.000174321 -0.00171286 0.0110455 -0.000174847 1 -0.000307229 0.010416 0.0017128 0.000307526 0.999999 -0.999374 
0.999992 -0.0032936 -0.00228701 0.00683022 0.00329188 0.999994 -0.000752772 0.0138342 0.00228948 0.000745238 0.999997 -1.019 
0.999993 -0.0025337 -0.00279651 0.00708294 0.00252917 0.999996 -0.00162699 0.01126 0.00280062 0.00161991 0.999995 -1.0209 
0.999995 -0.00111948 -0.00297378 -0.000663757 0.00111705 0.999999 -0.000816956 0.0209074 0.00297469 0.000813629 0.999995 -1.01167 
0.999987 -0.0034388 -0.00379876 0.0205059 0.00345042 0.999989 0.00305515 0.00758815 0.00378822 -0.00306823 0.999988 -1.034 
0.999996 0.000116944 -0.00281068 0.00307751 -0.000108145 0.999995 0.00313201 0.0108948 0.00281104 -0.00313169 0.999991 -1.03047 
0.999998 0.00122976 -0.00130812 -9.34601e-05 -0.00122863 0.999999 0.000854117 0.0149484 0.00130917 -0.000852504 0.999999 -1.03044 
0.999999 -0.000433501 -0.00127069 0.00509357 0.000430904 0.999998 -0.00204678 0.0118585 0.00127157 0.00204621 0.999997 -1.05179 
0.999996 -0.00180648 -0.00219676 0.0178051 0.00179902 0.999993 -0.00339649 0.0198171 0.00220288 0.00339253 0.999992 -1.07108 
0.999999 5.126e-05 -0.00127551 0.00573921 -5.09359e-05 1 0.000266823 0.0166719 0.00127553 -0.00026676 0.999999 -1.0641 
0.999999 0.00116235 -0.00103562 0.00862122 -0.00115972 0.999996 0.0025294 0.0169468 0.00103855 -0.00252819 0.999996 -1.06453 
0.999996 0.00283647 0.000211831 0.000230789 -0.0028371 0.999991 0.00304594 0.00854635 -0.000203189 -0.00304653 0.999995 -1.07239 
0.999998 0.00178506 5.96941e-05 0.00231266 -0.00178512 0.999998 0.00104082 0.0159348 -5.78314e-05 -0.00104093 0.999999 -1.10454 
1 -0.000333998 -0.000175038 0.00876808 0.000334136 1 0.000844883 0.0135419 0.000174748 -0.000844944 1 -1.08708 
1 0.000384938 -0.000356458 -0.00379753 -0.00038489 1 0.000109778 0.0119849 0.000356503 -0.000109626 1 -1.09383 
0.999997 -0.0023737 -0.000170896 0.0143919 0.00237358 0.999997 -0.000742474 0.011167 0.000172656 0.000742048 1 -1.10425 
1 -0.000815406 4.57987e-05 0.017292 0.0008155 0.999998 -0.00212001 0.0137136 -4.40758e-05 0.00212004 0.999998 -1.12103 
0.999999 -0.000852671 0.000933522 -0.0017395 0.000854652 0.999997 -0.00213857 0.0233567 -0.000931691 0.00213938 0.999997 -1.13649 
0.999999 -0.00106822 0.000745449 0.00502014 0.00106959 0.999998 -0.00184385 0.0158401 -0.000743484 0.00184465 0.999998 -1.13524 
0.999997 -0.00235989 0.000817899 0.00895023 0.00236107 0.999996 -0.00144312 0.0206313 -0.000814484 0.00144503 0.999999 -1.15454 
0.999996 -0.0026113 0.000670278 0.0159826 0.00261031 0.999996 0.00146291 0.0166483 -0.000674091 -0.00146115 0.999999 -1.14221 
0.999998 0.00159721 0.00109163 0.00906944 -0.00160222 0.999988 0.00461107 0.0122778 -0.00108426 -0.0046128 0.999989 -1.1463 
0.999994 0.0031773 0.00116429 0.00722218 -0.00318466 0.999974 0.00638331 0.00665653 -0.00114398 -0.00638698 0.999979 -1.14749 
0.999987 0.00460387 0.00216445 0.00140953 -0.00461349 0.999979 0.00445432 0.0078522 -0.00214389 -0.00446425 0.999988 -1.17758 
0.999979 0.00598974 0.00254623 -0.00196075 -0.00598985 0.999982 3.51556e-05 0.00916539 -0.00254597 -5.04049e-05 0.999997 -1.18823 
0.999985 0.00456637 0.00299832 -0.00680733 -0.00455505 0.999983 -0.00376993 0.016739 -0.00301548 0.00375622 0.999989 -1.1982 
0.999996 0.00214371 0.00154949 0.00166416 -0.00213952 0.999994 -0.0026982 0.022168 -0.00155527 0.00269488 0.999995 -1.1821 
0.999996 0.00123913 0.00250709 -0.00303459 -0.00123996 0.999999 0.000328156 0.0162812 -0.00250668 -0.000331269 0.999997 -1.20212 
0.999999 0.000125661 0.00170388 0.0177765 -0.000124644 1 -0.000601544 0.0150895 -0.00170395 0.000601341 0.999998 -1.21341 
0.999997 0.00142037 0.00206878 0.00256729 -0.00141666 0.999997 -0.00179496 0.0242963 -0.00207133 0.00179202 0.999996 -1.20247 
0.999997 0.00102535 0.00215778 0.00893974 -0.00102695 0.999999 0.000745318 0.011849 -0.00215702 -0.000747531 0.999997 -1.21901 
0.999997 0.000258528 0.00248292 0.0048542 -0.000261318 0.999999 0.00112158 0.0207715 -0.00248263 -0.00112222 0.999996 -1.24086 
0.999999 -0.000409801 0.00148611 0.0208874 0.000408847 1 0.000645765 0.0119034 -0.00148638 -0.000645149 0.999999 -1.23654 
0.999996 -0.000698466 0.00264707 0.00528717 0.000702545 0.999999 -0.00153848 0.0226328 -0.002646 0.00154033 0.999995 -1.25569 
0.999996 0.000379339 0.00264263 -0.00247955 -0.000379033 1 -0.000116819 0.0193181 -0.00264267 0.000115812 0.999996 -1.24574 
0.999997 -0.00138757 0.00222258 0.0112724 0.00139112 0.999998 -0.00159611 0.0245585 -0.00222036 0.00159919 0.999996 -1.25168 
0.999995 -0.00232001 0.00198542 0.0198154 0.00232242 0.999997 -0.00121346 0.0139666 -0.0019826 0.00121807 0.999997 -1.25851 
0.999998 -0.00144029 0.00149617 0.00116539 0.00144202 0.999998 -0.00114955 0.0233932 -0.00149451 0.00115169 0.999998 -1.27501 
0.999996 -0.00263727 0.00104871 0.00764084 0.00263761 0.999997 -0.000324593 0.018153 -0.00104785 0.000327354 0.999999 -1.25526 
1 -0.000641216 -0.000324247 0.012682 0.000641178 1 -0.00016361 0.0235169 0.000324352 0.000163407 1 -1.25551 
1 0.00105293 1.47801e-06 0.000558853 -0.00105293 0.999999 0.00110527 0.0214317 -3.11993e-07 -0.00110526 0.999999 -1.26102 
0.999997 0.00262808 4.37843e-05 0.00188065 -0.00262814 0.999996 0.00116082 0.0212123 -4.0736e-05 -0.00116093 0.999999 -1.25679 
0.999999 0.00149025 0.00014986 0.00764465 -0.00149029 0.999999 0.000206815 0.0218318 -0.000149554 -0.000207048 1 -1.26843 
1 0.000245985 9.16971e-05 0.0065937 -0.000245959 1 -0.000346264 0.017483 -9.17846e-05 0.000346245 1 -1.26767 
1 0.000610881 -0.000229988 0.0115891 -0.000610936 1 -0.000241137 0.0264077 0.000229848 0.000241269 1 -1.2507 
0.999999 0.000750821 -0.000591763 0.00724411 -0.000751246 0.999999 -0.000732911 0.0260384 0.000591209 0.000733365 0.999999 -1.27844 
0.999997 0.00245945 0.000219429 0.00928307 -0.00245929 0.999997 -0.000731925 0.019387 -0.000221229 0.000731392 1 -1.24899 
0.99999 0.00459678 -1.34474e-05 0.000415802 -0.0045968 0.999987 -0.00219175 0.0244548 3.37325e-06 0.00219179 0.999998 -1.25281 
0.999995 0.00304915 5.45178e-05 -0.0017395 -0.00304894 0.999989 -0.00346842 0.0231333 -6.5092e-05 0.00346824 0.999994 -1.2601 
0.999998 0.00191076 0.000124233 0.00114059 -0.00191046 0.999995 -0.00237839 0.0247364 -0.000128779 0.00237813 0.999997 -1.24292 
1 1.60933e-06 -0.000445371 0.0089035 -8.64267e-07 0.999999 0.00166676 0.0214515 0.000445374 -0.00166676 0.999999 -1.24246 
0.999997 -0.00250728 0.000238811 0.00384903 0.00250694 0.999996 0.0013706 0.0198574 -0.000242245 -0.00136999 0.999999 -1.23056 
0.999985 -0.00539064 -0.000219281 0.0189381 0.00538991 0.99998 -0.00321591 0.0227499 0.000236613 0.00321467 0.999995 -1.24002 
0.999984 -0.0055631 -0.00057519 0.0183182 0.00555943 0.999965 -0.00617574 0.0275483 0.000609526 0.00617245 0.999981 -1.23434 
0.999992 -0.00397931 -0.000139929 0.0107822 0.00397937 0.999992 0.000436029 0.0219712 0.000138192 -0.000436602 1 -1.23975 
1 0.000593912 -0.000309337 0.00551796 -0.000591703 0.999975 0.00709347 0.0126901 0.000313546 -0.00709327 0.999975 -1.2258 
0.999996 0.0026217 0.000639667 0.00669479 -0.00262507 0.999982 0.00535023 0.018533 -0.000625627 -0.00535191 0.999986 -1.21545 
