1 0 0 0 0 1 0 0 0 0 1 0 
0.999934 -0.00247025 0.0112493 0.0155843 0.00245922 0.999996 0.000994757 -0.00368727 -0.0112517 -0.000967027 0.999936 0.295336 
0.999976 -0.00204143 0.00668703 0.0071866 0.0020402 0.999998 0.000190799 -0.0054856 -0.0066874 -0.000177151 0.999978 0.287132 
0.999994 -0.00295296 0.00183094 0.00684023 0.00295528 0.999995 -0.00126662 -0.00392185 -0.00182719 0.00127203 0.999998 0.304478 
0.999996 -0.00123953 -0.00264526 0.00557473 0.001235 0.999998 -0.00171553 0.00225212 0.00264738 0.00171226 0.999995 0.314705 
0.999971 -0.00282777 -0.00707817 0.000736903 0.00281698 0.999995 -0.00153452 -0.000333664 0.00708247 0.00151454 0.999974 0.318436 
0.999923 -0.00161716 -0.0122614 0.0035242 0.00159045 0.999996 -0.00218775 0.00428531 0.0122649 0.00216808 0.999922 0.339374 
0.999862 0.000731249 -0.0166268 -0.0182743 -0.000735209 1 -0.000231756 0.000171673 0.0166266 0.00024395 0.999862 0.338707 
0.999791 0.00456944 -0.0199117 -0.0203101 -0.004558 0.999989 0.000619522 -0.00745653 0.0199143 -0.000528635 0.999802 0.341342 
0.999806 0.00346259 -0.0193846 -0.0321562 -0.00349314 0.999993 -0.00154244 0.00489654 0.0193791 0.00160986 0.999811 0.353752 
0.999787 0.000282276 -0.0206514 -0.0161367 -0.000293045 1 -0.000518509 0.00177664 0.0206512 0.000524449 0.999787 0.366667 
0.999771 -0.00151678 -0.0213355 -0.0170172 0.00152334 0.999999 0.000291232 0.00259325 0.0213351 -0.000323667 0.999772 0.37778 
0.999807 -0.00192668 -0.0195423 -0.0228975 0.00195769 0.999997 0.00156805 -0.0111106 0.0195392 -0.00160601 0.999808 0.387992 
0.999842 0.00140827 -0.0176991 -0.0294021 -0.00140504 0.999999 0.00019507 0.00355085 0.0176993 -0.00017017 0.999843 0.401591 
0.999861 0.000764953 -0.0166847 -0.00791481 -0.000744891 0.999999 0.00120867 -0.010023 0.0166856 -0.00119607 0.99986 0.417711 
0.999914 0.00112406 -0.0130853 -0.024271 -0.00112499 0.999999 -6.34668e-05 -0.00447827 0.0130852 7.81827e-05 0.999915 0.424847 
0.99992 -0.00162796 -0.0125329 -0.012744 0.00161582 0.999998 -0.000978624 -0.00275698 0.0125345 0.000958295 0.999921 0.441167 
0.999943 -0.00359927 -0.0100764 -0.00530982 0.00357841 0.999991 -0.00208734 -0.00541044 0.0100839 0.00205117 0.999947 0.460048 
0.999969 0.00149112 -0.00776131 -0.0145649 -0.00150492 0.999997 -0.00177324 -0.00539428 0.00775869 0.00178487 0.999968 0.467004 
0.999973 0.000809744 -0.00730976 -0.019762 -0.000823271 0.999998 -0.00184752 0.00145787 0.00730823 0.00185349 0.999972 0.483635 
0.999966 -0.000159491 -0.00823817 -0.0105306 0.000134329 0.999995 -0.00305472 -0.00129961 0.00823866 0.00305351 0.999961 0.493802 
0.999962 -0.00364423 -0.00791988 -0.00837415 0.00363198 0.999992 -0.00156089 -0.00400907 0.00792548 0.00153207 0.999967 0.512521 
0.999941 -0.00643345 -0.00878026 0.0130622 0.00642117 0.999978 -0.00142623 -0.00112498 0.00878926 0.00136977 0.99996 0.533487 
0.999963 -0.000184708 -0.00862579 -0.009399 0.000171122 0.999999 -0.00157555 -0.0156085 0.00862603 0.00157402 0.999962 0.524082 
0.999943 0.00509033 -0.0093822 -0.0189664 -0.00513425 0.999976 -0.00466297 0.00430911 0.0093583 0.00471087 0.999945 0.547079 
0.999952 0.00387623 -0.00898772 -0.0169975 -0.0038995 0.999989 -0.00257275 -0.00701962 0.00897765 0.00260768 0.999956 0.572545 
0.999958 -0.00197045 -0.00900131 -0.00764382 0.00194966 0.999995 -0.00231821 0.0022695 0.00900584 0.00230057 0.999957 0.589343 
0.999958 -0.00315132 -0.00858501 -0.00171602 0.00313855 0.999994 -0.00150014 -0.0069574 0.0085896 0.00147313 0.999962 0.582165 
0.999967 0.00097847 -0.00813857 -0.0138701 -0.000997238 0.999997 -0.00230248 -0.00342597 0.00813639 0.00231051 0.999964 0.601699 
0.999964 0.00243127 -0.00807324 -0.0243844 -0.00246119 0.99999 -0.00369752 -0.00508511 0.00806415 0.00371725 0.999961 0.624328 
0.999968 0.000865516 -0.00791836 -0.0106038 -0.00090305 0.999988 -0.00473835 -0.00974274 0.00791416 0.00474535 0.999957 0.629271 
0.999978 -0.00015198 -0.00667721 0.0025394 0.000101672 0.999972 -0.00753331 -0.00729537 0.00667816 0.00753246 0.999949 0.641947 
0.999987 0.00171612 -0.00486943 -0.00810087 -0.00175646 0.999964 -0.00829141 -0.00182009 0.00485504 0.00829985 0.999954 0.654471 
0.999986 0.00301686 -0.00428686 -0.0158271 -0.00305323 0.999959 -0.00850424 -0.00471732 0.00426105 0.00851721 0.999955 0.653354 
0.999986 0.00340004 -0.00405735 -0.0215662 -0.00343593 0.999955 -0.00886963 -0.00417811 0.00402698 0.00888344 0.999952 0.665659 
0.999988 0.00303399 -0.00374082 -0.0228704 -0.00306041 0.99997 -0.00707608 -0.0015077 0.00371927 0.00708746 0.999968 0.685757 
0.999974 0.00385167 -0.00608748 -0.00513649 -0.00389171 0.999971 -0.00658148 -0.00173664 0.006062 0.00660501 0.99996 0.70879 
0.999984 0.00330629 -0.0046927 -0.023012 -0.00333404 0.999977 -0.0059162 -0.00831538 0.004673 0.00593176 0.999972 0.681145 
0.999982 0.0032675 -0.00511622 -0.0207154 -0.00329562 0.999979 -0.00549767 -0.00164378 0.00509813 0.00551443 0.999972 0.727859 
0.999977 0.00365281 -0.0057607 -0.00713468 -0.00367036 0.999989 -0.00303859 -0.00480092 0.00574961 0.00305963 0.999979 0.737398 
0.999986 0.0022947 -0.00479853 -0.0215657 -0.00230157 0.999996 -0.00142555 -0.00292504 0.00479528 0.00143656 0.999987 0.735851 
0.999977 0.000105225 -0.00687096 -0.00873637 -0.000100467 1 0.000691682 -0.00230432 0.00687093 -0.000690982 0.999976 0.767307 
0.999979 -0.000327483 -0.0064159 -0.0056746 0.000338301 0.999999 0.00168473 -0.00788379 0.0064154 -0.00168686 0.999978 0.757439 
0.999975 -0.00111486 -0.0070042 -0.0167165 0.00112795 0.999998 0.00186639 -0.0046376 0.00700203 -0.00187424 0.999974 0.780384 
0.999961 0.000451311 -0.00884944 -0.0122879 -0.00043036 0.999997 0.00236913 0.00216103 0.00885043 -0.00236525 0.999958 0.776016 
0.999958 -0.000316892 -0.00917953 -0.012475 0.000366289 0.999986 0.00537914 0.00152111 0.00917774 -0.00538228 0.999943 0.807545 
0.999957 0.00194897 -0.0090259 -0.0194602 -0.00190395 0.999986 0.00499512 -0.00680935 0.00903547 -0.0049777 0.999947 0.825523 
0.999951 0.00250087 -0.00959152 -0.012965 -0.00246549 0.99999 0.00369792 -0.00572544 0.0096007 -0.00367411 0.999947 0.828869 
0.999955 0.000887133 -0.00947306 -0.0238812 -0.000874717 0.999999 0.00131413 -0.00514764 0.00947422 -0.00130578 0.999954 0.826427 
0.999952 -0.000635326 -0.00976902 -0.0172317 0.000638593 1 0.000330888 -0.00344259 0.00976878 -0.000337087 0.999952 0.827238 
0.999958 6.35311e-05 -0.00915495 -0.0173442 -5.54137e-05 1 0.000886522 -0.00299537 0.00915506 -0.000885993 0.999958 0.855455 
0.999954 2.07387e-05 -0.00963011 -0.0146365 -7.88271e-06 0.999999 0.00133516 -0.000753105 0.00963014 -0.00133503 0.999953 0.884245 
0.999957 -0.00240803 -0.00896767 -0.00508165 0.0024288 0.999994 0.00230587 -0.0125802 0.00896209 -0.00232755 0.999957 0.831963 
0.999964 -0.00165373 -0.0082759 -0.0157199 0.00168538 0.999991 0.00382001 -0.00293964 0.00826949 -0.00383382 0.999959 0.888296 
0.999962 -0.000226039 -0.00874722 -0.0163894 0.000274304 0.999985 0.00551645 -0.00719199 0.00874582 -0.00551863 0.999947 0.898113 
0.999963 -0.0017886 -0.00841406 -0.0133238 0.00182123 0.999991 0.00387387 -0.00481436 0.00840709 -0.00388905 0.999957 0.914843 
0.999969 -0.00198795 -0.00764588 -0.018682 0.00200003 0.999997 0.00157447 -0.00639488 0.00764281 -0.00158972 0.99997 0.919064 
0.999969 -0.00124692 -0.00773585 0.00542116 0.00125249 0.999999 0.00071067 -0.0073112 0.00773498 -0.000720341 0.99997 0.936359 
0.999978 -9.65986e-05 -0.00666332 -0.0124807 0.000106514 0.999999 0.00148778 -0.00102943 0.00666314 -0.00148845 0.999977 0.948799 
0.999976 -0.0027792 -0.00627455 -0.00632477 0.00278774 0.999995 0.00135403 -0.00414814 0.00627074 -0.0013715 0.999979 0.949387 
0.999986 -0.000926254 -0.00516769 -0.0252509 0.000926144 1 -2.27652e-05 -0.00990137 0.00516763 1.79633e-05 0.999987 0.98822 
0.999986 -0.00196389 -0.00497144 0.0126839 0.00195995 0.999998 -0.000796806 0.000736348 0.00497299 0.00078705 0.999987 0.961018 
0.999996 0.000648638 -0.00286019 -0.00927019 -0.000650201 1 -0.000547331 -0.00344265 0.00285989 0.000549186 0.999996 1.00757 
1 -0.000190359 -0.000841767 -0.0103269 0.000191046 1 0.000812449 -0.00401188 0.000841618 -0.000812609 0.999999 0.992085 
1 -0.00072604 -0.000714988 -0.000859261 0.000727117 0.999999 0.00150484 -0.00362417 0.000713885 -0.00150535 0.999999 1.01888 
0.999998 -0.0018101 -0.000315994 -0.0128446 0.00181036 0.999998 0.000811726 -0.0128294 0.000314444 -0.000812285 1 1.02558 
0.999996 -0.0024304 -0.00150213 -0.00103664 0.00242947 0.999997 -0.000617977 -0.00745867 0.00150383 0.000614323 0.999999 1.05142 
0.999994 -0.00259367 -0.00222951 -0.00461578 0.00259282 0.999997 -0.000386868 -0.00807182 0.00223038 0.00038109 0.999997 1.05174 
0.999993 -0.00126495 -0.00349858 0.00121117 0.00127018 0.999998 0.00149164 0.00137873 0.00349665 -0.00149608 0.999993 1.08649 
0.99999 -0.00185899 -0.00395259 -0.013576 0.00187462 0.999991 0.00395263 -0.00949001 0.00394529 -0.00396 0.999984 1.04411 
0.999982 -0.00243377 -0.00550076 -0.00722456 0.00245626 0.999988 0.00408449 -0.0118021 0.00549063 -0.00409792 0.999977 1.07098 
0.999967 -0.00163296 -0.00793397 -0.0152345 0.00164847 0.999997 0.00194884 -0.0189623 0.00793073 -0.00196185 0.999967 1.08276 
0.999945 -0.00250196 -0.0101548 -0.0116801 0.00247218 0.999993 -0.0029438 -0.00915551 0.0101622 0.00291853 0.999944 1.071 
0.999931 -0.00261741 -0.0114349 -0.00788975 0.00258091 0.999992 -0.00320502 -0.0125788 0.0114433 0.00317528 0.99993 1.05901 
0.999937 -0.000439547 -0.0111753 -0.0189934 0.00044716 1 0.00067858 -0.00952482 0.0111749 -0.000683535 0.999937 1.06812 
0.999942 0.000978764 -0.0107597 -0.0162153 -0.000924574 0.999987 0.00504074 -0.011295 0.0107645 -0.00503049 0.999929 1.06583 
0.99995 0.00302584 -0.00956804 -0.0145226 -0.00298799 0.999988 0.00396726 -0.0106195 0.00958002 -0.00393847 0.999946 1.07257 
0.999974 0.000768671 -0.00715053 -0.0211878 -0.000776516 0.999999 -0.00109447 -0.0194457 0.00714964 0.00109998 0.999974 1.07646 
0.999982 -0.000204451 -0.00603232 -0.00480652 0.000178186 0.99999 -0.00435473 -0.0167726 0.00603309 0.00435359 0.999972 1.06 
0.999984 0.00240374 -0.00515005 -0.0170794 -0.0024409 0.999971 -0.00722128 -0.0117495 0.00513253 0.00723374 0.999961 1.07045 
0.999983 -0.000139179 -0.00575399 -0.00789738 0.000129083 0.999998 -0.00175413 -0.00709954 0.00575429 0.00175335 0.999982 1.07983 
0.999984 -0.000868784 -0.00561601 -0.0158234 0.00089159 0.999991 0.00405991 -0.0108299 0.00561231 -0.00406484 0.999976 1.07598 
0.999987 -0.000356274 -0.00507972 -0.0170441 0.000381986 0.999987 0.00506226 -0.0103362 0.00507799 -0.00506414 0.999974 1.06792 
0.999987 0.00126185 -0.00497317 -0.00999928 -0.00124948 0.999996 0.00248794 -0.00415879 0.00497621 -0.0024817 0.999985 1.09227 
0.999985 0.000874594 -0.00545999 -0.0105286 -0.000879733 0.999999 -0.000937693 -0.00725436 0.00545913 0.000942484 0.999985 1.07926 
0.999981 -0.000909416 -0.00614378 -0.00514793 0.000900621 0.999998 -0.00143487 -0.0140543 0.00614509 0.00142931 0.99998 1.08968 
0.999976 -0.00120948 -0.00684157 -0.00667191 0.00118876 0.999995 -0.0030314 -0.0146844 0.00684524 0.0030232 0.999972 1.05551 
0.999977 -0.00120141 -0.00658035 -0.0154724 0.00119934 0.999999 -0.000317223 -0.0135177 0.00658071 0.000309322 0.999978 1.08461 
0.999971 -0.000720387 -0.0076251 -0.0126057 0.000725625 1 0.000684448 -0.00983173 0.00762457 -0.000689957 0.999971 1.08417 
0.999969 -0.00017783 -0.00784391 -0.0191832 0.000186045 0.999999 0.0010477 -0.020394 0.00784364 -0.00104914 0.999969 1.06647 
0.999962 -0.00120018 -0.00862113 -0.00561428 0.00118781 0.999998 -0.00143962 -0.00846088 0.00862285 0.00142933 0.999962 1.10617 
0.999967 -0.0008689 -0.00810009 -0.0171614 0.000859695 0.999999 -0.00113991 -0.0114455 0.00810096 0.00113291 0.999967 1.09249 
0.999958 -0.00100201 -0.00906363 -0.00510979 0.000995124 0.999999 -0.000763923 -0.015835 0.00906432 0.000754882 0.999959 1.08858 
0.999963 -0.00135659 -0.00850764 -0.0184803 0.00134734 0.999998 -0.00109421 -0.0170891 0.00850916 0.00108269 0.999963 1.09074 
0.999954 -0.00120283 -0.00950015 -0.00892258 0.0011914 0.999999 -0.00120843 -0.0112988 0.00950149 0.00119704 0.999954 1.10641 
0.999959 -0.000949647 -0.00899559 -0.0249691 0.000947215 0.999999 -0.000275884 -0.0165495 0.00899592 0.000267372 0.999959 1.11594 
0.999954 -0.00143158 -0.00948539 -0.0109806 0.00144825 0.999997 0.00174998 -0.0127037 0.00948307 -0.00176364 0.999954 1.12224 
0.999955 -0.0008278 -0.00946426 -0.0186749 0.00083115 1 0.000350242 -0.00666571 0.00946391 -0.000358099 0.999955 1.12297 
0.999956 -0.00169316 -0.00924769 -0.0142059 0.00168887 0.999998 -0.00047202 -0.0186073 0.00924844 0.000456395 0.999957 1.09995 
0.999948 -0.00153433 -0.0100543 0.00152397 0.00151224 0.999996 -0.00220414 -0.00659448 0.0100575 0.00218881 0.999947 1.14254 
0.999962 0.000828117 -0.00867501 -0.0197258 -0.000828497 1 -3.94974e-05 -0.00814158 0.0086748 4.66835e-05 0.999962 1.13559 
0.99997 -0.000456965 -0.00771478 -0.015789 0.000465065 0.999999 0.00104814 -0.0107096 0.0077143 -0.0010517 0.99997 1.14259 
0.999975 0.000567205 -0.00703853 -0.0128651 -0.000568122 1 -0.000128414 -0.0100561 0.00703841 0.00013241 0.999975 1.13905 
0.999977 0.000831213 -0.00672331 -0.0134449 -0.00083917 0.999999 -0.00117961 -0.00812435 0.00672242 0.00118523 0.999977 1.1508 
0.999973 -0.000305641 -0.00738159 -0.0140266 0.000283726 0.999995 -0.00296878 -0.018064 0.00738221 0.00296661 0.999968 1.15678 
0.999977 -0.00181119 -0.00660279 -0.016716 0.00179642 0.999996 -0.00224182 -0.0112115 0.00660691 0.00222992 0.999976 1.15517 
0.999973 0.000456292 -0.00731236 -0.0103359 -0.000462253 1 -0.000812734 -0.0099628 0.00731203 0.000816092 0.999973 1.17646 
0.999977 -0.000277482 -0.00683951 -0.0113163 0.000283726 1 0.000910455 -0.00485885 0.00683928 -0.000912387 0.999976 1.18656 
0.999977 -0.00116675 -0.00662836 -0.0166416 0.0011736 0.999999 0.0010301 -0.0107561 0.0066272 -0.00103785 0.999977 1.18058 
0.999973 -0.000916362 -0.00726086 -0.00591278 0.000909343 0.999999 -0.000970202 -0.00993603 0.00726175 0.000963569 0.999973 1.19137 
0.99998 -0.00146843 -0.00615636 -0.0110035 0.00146706 0.999999 -0.000227461 -0.00960129 0.00615665 0.000218431 0.999981 1.16765 
0.999983 -0.001111 -0.00574124 -0.0190601 0.00111078 1 -4.31295e-05 -0.0116564 0.00574148 3.67407e-05 0.999984 1.19736 
0.999984 -0.00161589 -0.00544906 -0.00465202 0.00161727 0.999999 0.000249721 -0.013405 0.00544867 -0.000258528 0.999985 1.18849 
0.999981 -0.00338565 -0.00508934 -0.00880814 0.00337922 0.999993 -0.00126968 -0.0124531 0.00509346 0.00125248 0.999986 1.21645 
0.999982 -0.0025929 -0.00541899 -0.0124531 0.00257358 0.99999 -0.00356822 -0.00761092 0.00542808 0.00355422 0.999979 1.18629 
0.999974 -0.00464508 -0.00558877 -0.0131226 0.00463507 0.999988 -0.00180108 -0.00573146 0.00559714 0.00177512 0.999983 1.20715 
0.999946 -0.00566755 -0.00877362 -0.00028038 0.00567039 0.999984 0.000299053 -0.0117249 0.00877172 -0.000348788 0.999962 1.21847 
0.999936 -0.00512839 -0.010022 -0.0165195 0.00512128 0.999987 -0.000734961 -0.0124043 0.0100256 0.000683593 0.999949 1.19823 
0.999928 -0.00340247 -0.0114691 -0.0179043 0.00341812 0.999993 0.00134399 -0.00963235 0.0114646 -0.00138309 0.999933 1.21298 
0.999941 -0.000864733 -0.0108118 -0.0198631 0.000897704 0.999995 0.00304576 -0.0135872 0.0108091 -0.00305528 0.999937 1.20965 
0.99994 -0.000218201 -0.0109254 -0.0241241 0.000219062 1 7.75177e-05 -0.0106051 0.0109254 -7.99121e-05 0.99994 1.21934 
0.999927 -0.000184227 -0.0121174 -0.0205879 0.000166019 0.999999 -0.00150354 -0.0149846 0.0121177 0.00150141 0.999925 1.24167 
0.999926 -0.00120848 -0.0120717 -0.0247421 0.00118635 0.999997 -0.00184079 -0.0145973 0.0120739 0.00182634 0.999925 1.22698 
0.999929 -0.00116866 -0.0118643 -0.017971 0.00114943 0.999998 -0.00162745 -0.00260043 0.0118661 0.00161369 0.999928 1.25729 
0.999913 -0.00354605 -0.0127028 -0.00181198 0.00357179 0.999992 0.00200416 -0.0178453 0.0126957 -0.00204935 0.999917 1.25873 
0.999931 -0.00177108 -0.0116368 -0.0305481 0.00178391 0.999998 0.00109212 -0.00883591 0.0116348 -0.00111281 0.999932 1.23609 
0.999927 -0.000858221 -0.0120218 -0.026062 0.000853161 1 -0.000425794 -0.00894737 0.0120222 0.000415508 0.999928 1.25229 
0.999924 -0.000150051 -0.012308 -0.0195541 0.000139936 1 -0.000823203 -0.0180936 0.0123081 0.000821413 0.999924 1.2701 
0.999924 -0.000303915 -0.0122803 -0.0118217 0.000291957 0.999999 -0.000975389 -0.00832331 0.0122806 0.000971729 0.999924 1.25563 
0.999934 -0.000243269 -0.011521 -0.0186195 0.000233713 0.999999 -0.000831135 -0.0167135 0.0115214 0.000828394 0.999933 1.26 
0.999935 0.000550646 -0.011373 -0.0174904 -0.00055331 1 -0.000230652 -0.0122075 0.0113729 0.000236943 0.999935 1.26337 
0.999952 0.000138193 -0.00980598 -0.0219002 -0.000116731 0.999998 0.00218955 -0.00578868 0.00980619 -0.00218831 0.99995 1.30354 
0.99996 -0.00105132 -0.00891218 -0.0162811 0.00107 0.999997 0.00209063 -0.00809169 0.00890994 -0.00210009 0.999958 1.27736 
0.999961 -0.000240149 -0.0087851 -0.0129929 0.000243304 1 0.000358352 -0.0200455 0.00878507 -0.000360475 0.999961 1.26093 
0.999956 -0.00249192 -0.00905773 -0.00212479 0.00247253 0.999995 -0.00215112 -0.0149086 0.00906301 0.00212863 0.999957 1.2576 
0.999965 -0.00333326 -0.00763252 -0.0120163 0.00331797 0.999993 -0.00201444 -0.0153246 0.0076392 0.00198905 0.999969 1.27863 
0.999977 -0.00166732 -0.00662196 -0.0136986 0.00165092 0.999996 -0.00248177 -0.0199963 0.00662607 0.00247076 0.999975 1.2832 
0.999976 -0.00271503 -0.006405 -0.000289917 0.00269738 0.999993 -0.00276329 -0.0155602 0.00641254 0.00274594 0.999976 1.28822 
0.999983 -0.00325761 -0.00494456 -0.0103951 0.00326025 0.999995 0.000523496 -0.0176076 0.0049428 -0.000539598 0.999988 1.27612 
0.999987 -0.00191468 -0.00468788 -0.00419998 0.00193235 0.999991 0.00376581 -0.0128384 0.00468072 -0.00377484 0.999982 1.28279 
0.999983 -0.00397474 -0.00423315 -0.0030098 0.00399071 0.999985 0.00377156 -0.0193729 0.00421807 -0.00378838 0.999984 1.2741 
0.999994 -0.000738543 -0.00332138 -0.0123177 0.000742005 0.999999 0.00104208 -0.0118666 0.00332054 -0.00104454 0.999994 1.27775 
0.999994 -0.00176309 -0.00296539 -0.00941849 0.00176559 0.999998 0.000839302 -0.0144858 0.00296399 -0.000844527 0.999995 1.25332 
0.999995 -0.00176199 -0.00269514 -0.00923157 0.00176795 0.999996 0.00220525 -0.0239513 0.00269127 -0.00221001 0.999994 1.26403 
0.999993 -0.00245989 -0.00279021 0.00122452 0.00246475 0.999995 0.00174287 -0.0120971 0.00278583 -0.00174975 0.999994 1.25812 
0.999993 -0.00275594 -0.00234202 -0.00214767 0.002756 0.999996 2.99788e-05 -0.0157795 0.00234196 -3.64282e-05 0.999997 1.25075 
0.999995 -0.00183974 -0.00265297 0.00318909 0.00184141 0.999998 0.0006285 -0.0172005 0.00265172 -0.000633384 0.999996 1.22284 
0.999991 -0.00335425 -0.00259626 0.00682068 0.00336046 0.999991 0.00239079 -0.0148668 0.00258821 -0.00239948 0.999994 1.22695 
0.999996 -0.00204614 -0.00181559 -0.0130196 0.00204893 0.999997 0.0015321 -0.0173836 0.00181246 -0.00153581 0.999997 1.21514 
0.999996 -0.00243785 -0.00163817 -0.0031395 0.00243662 0.999997 -0.000760385 -0.016943 0.00164002 0.00075638 0.999998 1.21082 
0.999997 -0.00165748 -0.00178286 -0.000400543 0.00165798 0.999999 0.000282409 -0.0337391 0.00178242 -0.000285351 0.999998 1.17617 
1 0.000532139 -0.000465631 -0.0105171 -0.000532817 0.999999 -0.00143964 -0.0196753 0.000464737 0.00143989 0.999999 1.17349 
1 -2.8478e-05 7.37011e-05 0.0109901 2.85208e-05 1 -0.000462241 -0.0276656 -7.34627e-05 0.000462224 1 1.1545 
0.999994 0.00240024 0.00264025 -0.0134277 -0.00239659 0.999996 -0.00138527 -0.0127254 -0.00264353 0.00137893 0.999996 1.15464 
0.999986 0.00240352 0.00473598 -0.000537872 -0.00239701 0.999996 -0.00138331 -0.0176291 -0.00473934 0.00137193 0.999988 1.13804 
0.999982 0.00195624 0.0056327 -0.00960541 -0.00194908 0.999997 -0.00127595 -0.0208058 -0.00563517 0.00126494 0.999983 1.14571 
0.99998 0.000590094 0.0062761 0.00382233 -0.000589427 1 -0.000110782 -0.0202217 -0.00627604 0.000107099 0.99998 1.12721 
0.999973 0.00166137 0.007227 0.00875092 -0.00166495 0.999999 0.000489688 -0.0144582 -0.00722617 -0.000501701 0.999974 1.11977 
0.999953 0.00154776 0.0095382 -0.00677872 -0.00155732 0.999999 0.000995551 -0.0181146 -0.00953665 -0.00101037 0.999954 1.12875 
0.999949 0.00147034 0.0100003 -0.000774384 -0.00146712 0.999999 -0.000329033 -0.0162086 -0.0100009 0.000314332 0.99995 1.09337 
0.99994 0.00165863 0.0108845 0.000801086 -0.00165187 0.999998 -0.000630435 -0.0105925 -0.0108855 0.000612441 0.999941 1.11163 
0.99994 0.00192559 0.0108082 0.00910568 -0.00191877 0.999998 -0.000641838 -0.029079 -0.0108093 0.000621051 0.999941 1.1089 
0.999933 0.00155456 0.0114531 0.00891495 -0.00151339 0.999992 -0.00360211 -0.00501299 -0.0114587 0.00358453 0.999928 1.10773 
0.99991 0.00239976 0.0131731 0.00701523 -0.0023623 0.999993 -0.00285913 -0.00993752 -0.0131799 0.00282774 0.999909 1.09912 
0.999889 0.00304559 0.0145921 0.00208664 -0.00305271 0.999995 0.000466843 -0.0158529 -0.0145904 -0.000511348 0.999893 1.09798 
0.999894 0.00235704 0.0143921 0.00463486 -0.0023798 0.999996 0.00156361 -0.0134602 -0.0143885 -0.0015977 0.999895 1.08955 
0.999894 0.00162194 0.0144794 0.0104561 -0.00165048 0.999997 0.00195925 -0.0198779 -0.0144762 -0.00198293 0.999893 1.07916 
0.999898 0.000706171 0.014293 0.00769806 -0.000708278 1 0.000141933 -0.0140011 -0.014293 -0.000152052 0.999898 1.07599 
0.999902 0.00081658 0.014009 0.00449371 -0.000821262 1 0.000328972 -0.032861 -0.0140088 -0.000340453 0.999902 1.06079 
0.999902 0.000936003 0.0139539 0.00118637 -0.000904519 0.999997 -0.00226185 -0.00899506 -0.0139559 0.00224901 0.9999 1.06195 
0.999922 -0.00210408 0.0123416 0.0272141 0.00211164 0.999997 -0.000599546 -0.0221078 -0.0123403 0.000625568 0.999924 1.05298 
0.999888 0.000422743 0.0149665 -0.0103302 -0.000438631 0.999999 0.00105852 -0.0335686 -0.0149661 -0.00106495 0.999887 1.0555 
0.99991 0.0016977 0.0133223 0.00470352 -0.00171882 0.999997 0.00157405 -0.014221 -0.0133196 -0.0015968 0.99991 1.04015 
0.99992 0.000278863 0.0126595 0.00829887 -0.000323583 0.999994 0.00353125 -0.0213921 -0.0126585 -0.00353508 0.999914 1.01366 
0.999921 0.00237205 0.0123438 0.00175858 -0.00238214 0.999997 0.000802337 -0.0188289 -0.0123418 -0.000831681 0.999924 1.02538 
0.999917 0.00231981 0.0127113 0.00886536 -0.00229286 0.999995 -0.0021344 -0.00988913 -0.0127162 0.00210507 0.999917 1.00763 
0.999924 0.00283498 0.0120276 0.0115776 -0.00282974 0.999996 -0.000452924 -0.0281961 -0.0120289 0.00041886 0.999928 0.992859 
0.999925 0.00046374 0.0122503 -0.00485992 -0.000465907 1 0.000175003 -0.0191231 -0.01225 -0.000180699 0.999925 1.0121 
0.999926 0.00109948 0.0121119 0.0110359 -0.00112517 0.999997 0.00211374 -0.0176702 -0.0121098 -0.00212722 0.999924 0.986694 
0.999934 0.000226238 0.0114773 0.00987339 -0.000249525 0.999998 0.00202816 -0.0180633 -0.0114768 -0.00203089 0.999932 0.975052 
0.999936 0.000421925 0.0112957 0.00383568 -0.000429321 1 0.000651741 -0.0191784 -0.0112953 -0.000656541 0.999936 0.966721 
0.999946 0.00158389 0.0102581 0.0119667 -0.00158065 0.999999 -0.000324076 -0.0131121 -0.0102587 0.000307838 0.999947 0.95871 
0.999946 0.00103016 0.010362 0.00576687 -0.0010368 0.999999 0.000634919 -0.018023 -0.0103613 -0.000645622 0.999946 0.953476 
0.999948 0.00112126 0.0101342 -0.00204611 -0.00114418 0.999997 0.00225716 -0.0138741 -0.0101317 -0.00226864 0.999946 0.936356 
0.999948 0.0013786 0.010087 0.01437 -0.00140342 0.999996 0.00245347 -0.0146732 -0.0100836 -0.0024675 0.999946 0.937973 
0.999939 0.0013289 0.0109574 0.000128508 -0.00133637 0.999999 0.000674493 -0.0153413 -0.0109566 -0.000689086 0.99994 0.92128 
0.999944 0.000942187 0.0105593 0.00078702 -0.000946304 1 0.000385082 -0.0215116 -0.0105588 -0.000395057 0.999944 0.910172 
0.999929 0.00314752 0.0114605 0.00415617 -0.00315961 0.999995 0.00103692 -0.0111313 -0.0114572 -0.00107305 0.999934 0.904602 
0.999913 0.00113271 0.0131441 0.00810027 -0.0011696 0.999995 0.00279923 -0.0191507 -0.0131408 -0.00281436 0.99991 0.88913 
0.999898 0.00230631 0.0141073 0.0101151 -0.00235139 0.999992 0.00317953 -0.0139503 -0.0140998 -0.00321238 0.999896 0.88063 
0.999883 0.00231722 0.0151269 0.00570679 -0.00232927 0.999997 0.000779169 -0.0196714 -0.0151251 -0.000814316 0.999885 0.874298 
0.999884 0.00197618 0.0150789 0.0134935 -0.00196371 0.999998 -0.00084206 -0.0152559 -0.0150805 0.000812353 0.999886 0.857697 
0.999876 0.000304388 0.0157213 0.00769901 -0.000268711 0.999997 -0.00227133 -0.0118008 -0.0157219 0.00226682 0.999874 0.86322 
0.999871 0.000851472 0.0160766 0.0140772 -0.000859885 1 0.000516315 -0.013484 -0.0160762 -0.000530072 0.999871 0.856857 
0.999861 0.000781422 0.0166413 0.0147095 -0.000805475 0.999999 0.00143898 -0.0101714 -0.0166401 -0.00145219 0.99986 0.857666 
0.999854 0.00059322 0.0170946 0.0111046 -0.000643674 0.999995 0.00294596 -0.0156426 -0.0170929 -0.00295653 0.99985 0.850342 
0.999867 -9.95439e-05 0.0163001 0.0130024 6.38883e-05 0.999998 0.00218793 -0.0114613 -0.0163004 -0.00218661 0.999865 0.844604 
0.999871 -0.000172916 0.0160508 0.0163631 0.000126872 0.999996 0.00286968 -0.0149007 -0.0160512 -0.00286727 0.999867 0.856339 
0.99989 -6.92022e-05 0.0148326 0.00524902 3.98278e-05 0.999998 0.00198086 -0.0126066 -0.0148325 -0.00198006 0.999888 0.836655 
0.99991 -0.00156722 0.0133528 0.0131645 0.00155108 0.999998 0.00121874 -0.00884438 -0.0133548 -0.00119792 0.99991 0.860046 
0.999926 0.000316147 0.0121778 0.0159035 -0.000320786 1 0.000378966 -0.0140734 -0.0121779 -0.000382847 0.999926 0.837204 
0.999921 0.000750572 0.0125375 0.0148506 -0.000748302 1 -0.000185663 -0.00915432 -0.0125374 0.000176267 0.999922 0.847656 
0.999908 0.00220985 0.0133533 -0.00151062 -0.00222163 0.999997 0.000867978 -0.0124598 -0.0133514 -0.000897564 0.99991 0.859192 
0.999925 0.000929188 0.0121874 0.0149193 -0.000934044 0.999999 0.000392888 -0.0106726 -0.0121871 -0.00040424 0.999926 0.852325 
0.999925 -0.000676235 0.0122421 0.00761032 0.000677285 1 -8.15685e-05 -0.0144253 -0.012242 8.98503e-05 0.999925 0.864883 
0.999944 -0.000763767 0.0105866 0.00571442 0.000777118 0.999999 -0.00125748 -0.0121279 -0.0105857 0.00126564 0.999943 0.862488 
0.999959 -0.000443037 0.00910929 0.0145073 0.000446184 1 -0.000343695 -0.00886631 -0.00910917 0.000347745 0.999959 0.866959 
0.999971 0.000597063 0.0076355 0.00447083 -0.000601567 1 0.000587995 -0.0108986 -0.00763509 -0.000592572 0.999971 0.871964 
0.999975 0.000472018 0.00704375 -0.00238419 -0.000493888 0.999995 0.00310367 -0.00642967 -0.00704226 -0.00310707 0.99997 0.891602 
0.999972 0.00251407 0.00697935 0.00450134 -0.00254081 0.99999 0.00382613 -0.00255585 -0.0069696 -0.00384375 0.999968 0.898071 
0.999973 0.00148501 0.00722501 0.00442123 -0.00150855 0.999994 0.00325356 -0.0205593 -0.00722015 -0.00326436 0.999969 0.896271 
0.999969 0.00207537 0.00760815 0.00152588 -0.00209238 0.999995 0.00222792 -0.00787067 -0.0076035 -0.00224377 0.999968 0.917206 
0.999972 0.000553799 0.00748023 0.00365067 -0.000570853 0.999997 0.00227798 -0.0071764 -0.00747895 -0.00228219 0.999969 0.930267 
0.999969 0.00052316 0.0078328 -0.000289917 -0.000544314 0.999996 0.00269888 -0.00676727 -0.00783131 -0.00270306 0.999966 0.945847 
0.999966 -0.0012215 0.00810617 0.00909805 0.0012067 0.999998 0.00183091 -0.00833797 -0.00810838 -0.00182106 0.999965 0.962631 
0.999964 -0.000880164 0.0083999 0.0112381 0.000871437 0.999999 0.00104254 -0.0118618 -0.00840074 -0.00103518 0.999964 0.970795 
0.999956 -0.000131577 0.00941804 0.00311661 0.000132058 1 -5.07506e-05 -0.00914669 -0.00941813 5.19911e-05 0.999956 0.994522 
0.999949 -0.00264922 0.00972125 0.0122299 0.00265698 0.999996 -0.000785169 -0.00527859 -0.0097191 0.000810957 0.999953 1.00128 
0.999949 -0.00137387 0.0100482 0.0154266 0.00138716 0.999998 -0.00131549 -0.00842381 -0.0100465 0.00132937 0.999949 0.995956 
0.999922 0.000138434 0.0124706 0.0019989 -0.000114894 0.999998 -0.00188801 -0.0164862 -0.0124709 0.00188642 0.999921 1.0041 
0.999893 0.00230229 0.0144677 0.0105286 -0.00229067 0.999997 -0.000819664 -0.00435352 -0.0144696 0.000786437 0.999895 1.03882 
0.999841 0.00355199 0.0174827 0.0098114 -0.00356704 0.999993 0.00082993 -0.00610447 -0.0174797 -0.00089216 0.999847 1.03745 
0.999813 0.00314248 0.0190746 0.0151825 -0.00320383 0.99999 0.00318677 -0.0184298 -0.0190644 -0.00324729 0.999813 1.02899 
0.999769 0.0027778 0.0212953 0.0115204 -0.00281034 0.999995 0.001498 -0.00750542 -0.021291 -0.00155751 0.999772 1.07642 
0.999762 0.00113775 0.021797 0.0194244 -0.00115835 0.999999 0.000932213 -0.011591 -0.0217959 -0.000957238 0.999762 1.07852 
0.999747 0.00101213 0.0224554 0.0130005 -0.00104977 0.999998 0.0016641 -0.00984573 -0.0224537 -0.00168726 0.999746 1.09961 
0.999749 -9.4662e-05 0.0223858 0.0208359 3.57055e-05 0.999997 0.00263412 -0.00489521 -0.022386 -0.00263266 0.999746 1.11102 
0.999742 0.00201593 0.0226193 0.0133667 -0.00210529 0.99999 0.00392769 -0.0193758 -0.0226112 -0.0039743 0.999736 1.10541 
0.999737 0.00126927 0.0228889 0.0163269 -0.00136476 0.99999 0.00415687 -0.0083046 -0.0228834 -0.00418702 0.999729 1.12556 
0.999735 0.00148409 0.0229546 0.011467 -0.00157131 0.999991 0.00378229 -0.0158157 -0.0229488 -0.00381736 0.999729 1.15378 
0.999746 0.00192296 0.0224771 0.0194244 -0.00192763 0.999998 0.000186203 -0.0135002 -0.0224768 -0.000229483 0.999747 1.16487 
0.999752 -0.00040756 0.0222508 0.025322 0.000448271 0.999998 -0.00182463 -0.0137196 -0.0222499 0.00183415 0.999751 1.16443 
0.999775 5.20889e-06 0.0212058 0.0146942 8.68854e-06 1 -0.000655154 -0.0116043 -0.0212058 0.000655187 0.999775 1.15276 
0.999795 -0.00128973 0.0201926 0.0272903 0.00124999 0.999997 0.0019804 -0.00831032 -0.0201951 -0.00195475 0.999794 1.19781 
0.999793 0.000202736 0.020329 0.00802612 -0.000247967 0.999997 0.00222257 -0.0152836 -0.0203285 -0.00222716 0.999791 1.20084 
0.999794 0.000305906 0.0202952 0.0198135 -0.000329823 0.999999 0.00117507 -0.0123653 -0.0202949 -0.00118152 0.999793 1.21968 
0.99979 0.00172941 0.0204157 0.0145111 -0.00174581 0.999998 0.000785843 -0.0125065 -0.0204143 -0.000821322 0.999791 1.23935 
0.999793 0.00050062 0.0203568 0.0184937 -0.000518247 1 0.000860499 -0.0109081 -0.0203563 -0.000870872 0.999793 1.24013 
0.999784 0.00219747 0.0206593 0.0178986 -0.00220166 0.999997 0.000179933 -0.0208225 -0.0206589 -0.000225384 0.999786 1.25485 
0.999796 0.00125265 0.0201401 0.00898743 -0.00123249 0.999999 -0.00101337 -0.0135136 -0.0201414 0.000988344 0.999797 1.28003 
0.999806 -0.000143238 0.0196795 0.01651 0.000181008 0.999998 -0.00191727 -0.014164 -0.0196792 0.00192045 0.999805 1.28728 
0.99982 0.0020836 0.0188773 0.0149078 -0.00204475 0.999996 -0.00207723 -0.0148144 -0.0188815 0.00203826 0.99982 1.29723 
0.999808 0.00018085 0.0196017 0.0111694 -0.000156211 0.999999 -0.00125864 -0.0168705 -0.0196019 0.00125534 0.999807 1.30597 
0.99982 -0.000333079 0.018956 0.0196228 0.00038225 0.999997 -0.00259053 -0.0159683 -0.018955 0.0025973 0.999817 1.32138 
0.999823 0.000612258 0.0187863 0.0106201 -0.000522054 0.999988 -0.00480602 -0.0154228 -0.018789 0.00479537 0.999812 1.34401 
0.999832 0.0010671 0.0183081 0.00944519 -0.000955717 0.999981 -0.00609164 -0.0206814 -0.0183143 0.00607312 0.999814 1.33133 
0.999844 0.00140899 0.0176122 0.0119019 -0.00132819 0.999989 -0.00459831 -0.0133209 -0.0176185 0.0045742 0.999834 1.3568 
0.999833 0.00184655 0.0181956 0.00706482 -0.00177999 0.999992 -0.00367369 -0.0145531 -0.0182022 0.00364069 0.999828 1.36922 
0.999832 0.00192364 0.0182532 0.00785828 -0.00188227 0.999996 -0.00228374 -0.0165825 -0.0182575 0.002249 0.999831 1.37032 
0.999841 -0.000558397 0.0178427 0.0102234 0.000544024 0.999999 0.000811221 -0.0158424 -0.0178432 -0.000801384 0.99984 1.39662 
0.999845 -0.000803736 0.0175886 0.0122833 0.000808905 1 -0.000287548 -0.0127411 -0.0175884 0.000301729 0.999845 1.40025 
0.999848 -0.00101902 0.017419 0.0134125 0.00109992 0.999989 -0.00463537 -0.0177288 -0.0174141 0.00465383 0.999838 1.40053 
0.999852 0.000350458 0.0171953 0.00791931 -0.000285226 0.999993 -0.00379556 -0.0134258 -0.0171965 0.00379009 0.999845 1.42961 
0.999847 0.00260624 0.017283 0.0119629 -0.00261591 0.999996 0.000535795 -0.0144682 -0.0172816 -0.000580932 0.99985 1.44991 
0.999828 0.00222007 0.0183866 0.0103302 -0.00221776 0.999997 -0.000146096 -0.0138998 -0.018387 0.000105297 0.999831 1.44113 
0.999826 0.00304674 0.0183916 0.00689697 -0.00300165 0.999992 -0.0024777 -0.0154305 -0.018399 0.00242206 0.999828 1.44919 
0.999828 -0.000620496 0.0185404 0.0109558 0.000684048 0.999994 -0.00342316 -0.0150471 -0.018538 0.00343525 0.999822 1.46234 
0.99983 0.000637269 0.0184179 0.0119324 -0.000608449 0.999998 -0.00157034 -0.0159969 -0.0184188 0.00155887 0.999829 1.46709 
0.999827 -0.000993198 0.0185878 0.0126953 0.00107882 0.999989 -0.0045973 -0.0209579 -0.018583 0.00461656 0.999817 1.47784 
0.999785 0.00129107 0.0207123 0.00810242 -0.00117924 0.999985 -0.00541054 -0.0168695 -0.0207189 0.00538494 0.999771 1.48782 
0.999726 0.00269246 0.0232649 0.014679 -0.00262976 0.999993 -0.00272571 -0.0168781 -0.0232722 0.00266379 0.999726 1.49208 
0.999654 0.00289948 0.0261405 0.00993347 -0.00288992 0.999996 -0.000402912 -0.0188236 -0.0261416 0.000327226 0.999658 1.48003 
0.999594 0.00489115 0.0280808 0.0114288 -0.00484307 0.999987 -0.00178046 -0.0175896 -0.0280891 0.00164373 0.999604 1.50967 
0.99958 0.00363668 0.0287507 -0.00254822 -0.00357475 0.999991 -0.00220477 -0.0199604 -0.0287584 0.00210107 0.999584 1.51729 
0.999595 0.00318176 0.0283023 0.0129395 -0.00312504 0.999993 -0.00204794 -0.0192986 -0.0283086 0.00195866 0.999598 1.51614 
0.999603 0.00123091 0.0281611 0.00524902 -0.00120142 0.999999 -0.00106396 -0.0179539 -0.0281623 0.00102968 0.999603 1.5329 
0.999615 0.00142951 0.0276892 0.0170746 -0.00139216 0.999998 -0.00136834 -0.0200462 -0.0276912 0.00132927 0.999616 1.52555 
0.99961 0.000379521 0.0279123 0.0114136 -0.000270438 0.999992 -0.00391154 -0.0181198 -0.0279135 0.00390248 0.999603 1.53999 
0.999626 0.000308285 0.027346 0.00535583 -0.000197172 0.999992 -0.0040662 -0.022047 -0.0273471 0.00405929 0.999618 1.53693 
0.999661 0.000846935 0.0260075 0.008255 -0.000791375 0.999997 -0.00214677 -0.0213985 -0.0260093 0.00212544 0.999659 1.53631 
0.999682 -4.47631e-05 0.0252279 0.00994873 0.000113375 0.999996 -0.00271804 -0.0167999 -0.0252278 0.00272005 0.999678 1.55114 
0.999714 -3.85754e-06 0.0239382 0.0102386 2.16644e-05 1 -0.000743011 -0.0198765 -0.0239383 0.0007433 0.999713 1.56653 
0.999746 0.000384504 0.0225295 0.0110779 -0.000360781 0.999999 -0.00105826 -0.0177689 -0.0225299 0.00104984 0.999746 1.56364 
0.999763 -0.00116771 0.0217541 0.0127869 0.00120997 0.999997 -0.00192919 -0.0198956 -0.0217518 0.00195508 0.999761 1.57261 
0.999783 -0.000760213 0.0208383 0.0158386 0.000824448 0.999995 -0.00307388 -0.0123806 -0.0208358 0.00309039 0.999778 1.56696 
0.999784 -0.000645896 0.0207534 0.0117188 0.000728827 0.999992 -0.00398852 -0.0174522 -0.0207506 0.00400278 0.999777 1.57719 
0.999803 -0.000537593 0.0198276 0.0222168 0.000584284 0.999997 -0.00234895 -0.0105133 -0.0198264 0.00236008 0.999801 1.5871 
0.999786 0.000839422 0.0206816 0.00735474 -0.000823552 0.999999 -0.000776466 -0.0102348 -0.0206822 0.000759261 0.999786 1.58721 
0.999774 0.00285079 0.021071 0.0149078 -0.0028537 0.999996 0.00010887 -0.0137606 -0.0210707 -0.000168951 0.999778 1.57767 
0.999756 0.00354322 0.0218072 0.0119476 -0.00358989 0.999991 0.00210076 -0.0237188 -0.0217996 -0.00217851 0.99976 1.57059 
0.999741 0.00440022 0.0223147 0.00714111 -0.00445502 0.999987 0.0024065 -0.0251179 -0.0223038 -0.00250528 0.999748 1.5675 
0.999758 0.00437177 0.0215674 -0.00140381 -0.00438896 0.99999 0.000750287 -0.024044 -0.0215638 -0.000844784 0.999767 1.54449 
0.999769 0.00229696 0.0213935 0.0131073 -0.00225762 0.999996 -0.00186311 -0.0283508 -0.0213977 0.00181437 0.99977 1.5311 
0.999757 0.00470264 0.0215257 -0.00132751 -0.00467329 0.999988 -0.00141323 -0.0320187 -0.021532 0.0013123 0.999767 1.55065 
0.999743 0.00181609 0.0225899 0.0150299 -0.00184211 0.999998 0.00113049 -0.0240479 -0.0225879 -0.00117181 0.999744 1.51327 
0.999694 0.0037888 0.024452 -0.00239563 -0.00386244 0.999988 0.00296554 -0.0271473 -0.0244403 -0.00305907 0.999697 1.54168 
0.99971 0.00115656 0.0240339 0.0176086 -0.00122924 0.999995 0.00300916 -0.0192719 -0.0240303 -0.00303785 0.999707 1.49298 
0.999684 0.00455252 0.0247318 0.00244141 -0.00463555 0.999984 0.00330113 -0.0370464 -0.0247163 -0.00341474 0.999689 1.47411 
0.999719 0.00067119 0.0237082 0.00970459 -0.000711022 0.999998 0.00167202 -0.0232697 -0.023707 -0.00168839 0.999717 1.47223 
0.999712 0.00139242 0.0239695 0.0157013 -0.00141383 0.999999 0.000876135 -0.0265388 -0.0239682 -0.000909771 0.999712 1.43437 
0.999743 -0.000979082 0.0226575 0.0171661 0.000975764 1 0.000157681 -0.0201263 -0.0226576 -0.000135548 0.999743 1.44747 
0.999743 3.06698e-05 0.0226501 0.0240936 -1.69561e-05 1 -0.000605938 -0.0295925 -0.0226502 0.000605412 0.999743 1.42203 
0.99975 -0.0022165 0.0222491 0.026825 0.0022243 0.999997 -0.000325764 -0.0247078 -0.0222483 0.000375182 0.999753 1.39899 
0.999745 0.000471091 0.0225604 0.0118408 -0.0005204 0.999998 0.00218026 -0.0244122 -0.0225593 -0.00219143 0.999743 1.39898 
0.999772 0.000617526 0.0213655 0.0221252 -0.000628401 1 0.000501992 -0.0283737 -0.0213652 -0.000515321 0.999771 1.37914 
0.999779 0.00250251 0.020873 0.0150452 -0.00241495 0.999988 -0.00421868 -0.0323849 -0.0208832 0.00416733 0.999773 1.36556 
0.999803 0.00259634 0.0196895 0.0188599 -0.00241263 0.999953 -0.00934896 -0.021162 -0.0197129 0.00929964 0.999762 1.34396 
0.999793 0.00444424 0.0198629 0.00169373 -0.00431715 0.99997 -0.00643684 -0.0319004 -0.019891 0.00634976 0.999782 1.32211 
0.999795 0.00491054 0.0196605 0.0164337 -0.0048541 0.999984 -0.00291728 -0.0222836 -0.0196745 0.00282124 0.999803 1.32255 
0.999786 0.00451439 0.0201879 -0.00106812 -0.00451017 0.99999 -0.000254216 -0.0256977 -0.0201888 0.000163055 0.999796 1.3162 
0.999798 0.00557698 0.0193346 0.018158 -0.00559464 0.999984 0.000858999 -0.0212345 -0.0193295 -0.000966983 0.999813 1.30313 
0.999799 0.00401418 0.0196573 0.00184631 -0.00403003 0.999991 0.000766975 -0.021492 -0.0196541 -0.000846043 0.999806 1.30248 
0.999821 0.00176022 0.0188095 0.0211792 -0.00179356 0.999997 0.00175579 -0.0187454 -0.0188063 -0.00178921 0.999821 1.28138 
0.999814 0.00203508 0.0191602 0 -0.00203956 0.999998 0.000214431 -0.0193367 -0.0191598 -0.000253477 0.999816 1.27779 
0.999837 0.000668615 0.0180484 0.0267029 -0.000659566 1 -0.000507034 -0.0207367 -0.0180487 0.000495058 0.999837 1.25002 
0.999797 0.00642066 0.0190923 -0.00621033 -0.00636956 0.999976 -0.00273588 -0.0200386 -0.0191094 0.00261372 0.999814 1.25949 
0.999831 0.0018471 0.0182715 0.0141602 -0.00181925 0.999997 -0.0015411 -0.0163727 -0.0182743 0.00150758 0.999832 1.23716 
0.999853 0.00200436 0.0170163 0.00663757 -0.00205733 0.999993 0.00309582 -0.0216293 -0.01701 -0.00313037 0.999851 1.23293 
0.999876 -0.000530127 0.0157217 0.0133209 0.000460641 0.99999 0.00442272 -0.0176888 -0.0157239 -0.00441493 0.999867 1.22457 
0.999902 0.00071523 0.0139836 0.0121307 -0.000777936 0.99999 0.00447964 -0.0250397 -0.0139803 -0.00449007 0.999892 1.21613 
0.999917 -0.00152832 0.0127848 0.0105591 0.00148341 0.999993 0.00352098 -0.0247726 -0.01279 -0.00350176 0.999912 1.18369 
0.999947 0.000964642 0.0102816 0.00367737 -0.000959817 0.999999 -0.000473426 -0.0193672 -0.010282 0.000463547 0.999947 1.18114 
0.999965 0.000904744 0.00829187 0.00895691 -0.000884883 0.999997 -0.00239858 -0.0227013 -0.00829402 0.00239117 0.999963 1.15487 
0.999973 0.00272284 0.00675126 -0.00115967 -0.00271067 0.999995 -0.001812 -0.0159035 -0.00675616 0.00179365 0.999975 1.16975 
0.999984 0.000955053 0.00562803 0.00268555 -0.000931181 0.999991 -0.00424039 -0.0241585 -0.00563202 0.00423509 0.999975 1.12526 
0.999986 -3.11919e-05 0.00527399 0.00863647 7.72998e-05 0.999962 -0.0087451 -0.0200768 -0.00527352 0.00874538 0.999948 1.12486 
0.999984 0.00286006 0.00483184 -0.00782776 -0.0028474 0.999992 -0.00262638 -0.011097 -0.00483932 0.00261256 0.999985 1.12426 
0.999993 -0.000372019 0.00361748 0.0037384 0.000342976 0.999968 0.00802689 -0.00601959 -0.00362035 -0.00802559 0.999961 1.10922 
