1 0 0 0 0 1 0 0 0 0 1 0 
0.999934 0.00245922 -0.0112517 -0.0122511 -0.00247025 0.999996 -0.000967027 0.00401135 0.0112493 0.000994757 0.999936 -0.295489 
0.999976 0.0020402 -0.00668741 -0.00525506 -0.00204143 0.999998 -0.000177152 0.00555113 0.00668703 0.000190799 0.999978 -0.287173 
0.999994 0.00295528 -0.0018272 -0.00627226 -0.00295296 0.999995 0.00127203 0.00355473 0.00183094 -0.00126662 0.999998 -0.304495 
0.999996 0.001235 0.00264737 -0.00641063 -0.00123953 0.999998 0.00171225 -0.00278406 -0.00264525 -0.00171553 0.999995 -0.314684 
0.999971 0.00281698 0.00708247 -0.00299126 -0.00282778 0.999995 0.00151454 -0.000146536 -0.00707817 -0.00153452 0.999974 -0.318423 
0.999924 0.00159045 0.0122649 -0.00769312 -0.00161716 0.999996 0.00216808 -0.00501539 -0.0122614 -0.00218775 0.999923 -0.339295 
0.999862 -0.000735201 0.0166266 0.0126403 0.000731253 1 0.000243948 -0.000240937 -0.0166268 -0.000231758 0.999862 -0.338964 
0.999791 -0.004558 0.0199143 0.0134743 0.00456943 0.999989 -0.000528635 0.0077297 -0.0199117 0.000619522 0.999802 -0.341674 
0.999806 -0.00349314 0.0193791 0.0253116 0.00346259 0.999993 0.00160986 -0.00535465 -0.0193846 -0.00154244 0.999811 -0.354301 
0.999787 -0.000293046 0.0206512 0.00856163 0.000282275 1 0.00052445 -0.00196438 -0.0206514 -0.000518508 0.999787 -0.366921 
0.999771 0.00152333 0.0213351 0.0089494 -0.00151677 0.999999 -0.000323668 -0.00249678 -0.0213355 0.000291232 0.999772 -0.378058 
0.999807 0.00195769 0.0195392 0.0153337 -0.00192667 0.999997 -0.00160601 0.0116896 -0.0195422 0.00156805 0.999808 -0.388348 
0.999842 -0.00140504 0.0176993 0.0222945 0.00140827 0.999999 -0.00017017 -0.00344109 -0.017699 0.000195068 0.999843 -0.402049 
0.999861 -0.000744891 0.0166856 0.000936419 0.000764953 0.999999 -0.00119607 0.0105287 -0.0166847 0.00120867 0.99986 -0.417772 
0.999914 -0.00112499 0.0130852 0.0187048 0.00112406 1 7.81822e-05 0.00447234 -0.0130853 -6.34673e-05 0.999914 -0.425128 
0.99992 0.00161582 0.0125345 0.00721765 -0.00162796 0.999998 0.000958295 0.00231346 -0.0125329 -0.000978624 0.999921 -0.441295 
0.999943 0.00357841 0.0100839 0.000689805 -0.00359927 0.999992 0.00205117 0.00444765 -0.0100764 -0.00208734 0.999947 -0.460089 
0.999969 -0.00150492 0.00775866 0.010933 0.00149112 0.999997 0.00178487 0.00458243 -0.00776134 -0.00177324 0.999968 -0.467111 
0.999973 -0.000823269 0.00730824 0.016228 0.000809744 0.999998 0.00185349 -0.00233829 -0.00730975 -0.00184752 0.999972 -0.483764 
0.999966 0.000134328 0.00823861 0.00646222 -0.000159491 0.999995 0.00305351 -0.000209911 -0.0082382 -0.00305472 0.999961 -0.493874 
0.999962 0.00363198 0.0079255 0.00432646 -0.00364423 0.999992 0.00153207 0.00319332 -0.00791985 -0.00156089 0.999968 -0.512577 
0.999941 0.00642117 0.00878927 -0.0177429 -0.00643345 0.999978 0.00136976 0.000478242 -0.00878029 -0.00142623 0.99996 -0.533353 
0.999963 0.000171124 0.00862609 0.00488037 -0.000184706 0.999999 0.00157401 0.0147818 -0.00862576 -0.00157555 0.999962 -0.524168 
0.999943 -0.00513425 0.00935824 0.0138674 0.00509033 0.999976 0.00471087 -0.00678968 -0.00938225 -0.00466297 0.999945 -0.547207 
0.999952 -0.0038995 0.00897765 0.011829 0.00387623 0.999989 0.00260767 0.0055924 -0.00898772 -0.00257275 0.999956 -0.572692 
0.999958 0.00194966 0.00900586 0.00233138 -0.00197046 0.999995 0.00230057 -0.00364038 -0.00900137 -0.00231822 0.999957 -0.589383 
0.999958 0.00313856 0.00858968 -0.00326252 -0.00315132 0.999994 0.00147313 0.00609434 -0.00858492 -0.00150014 0.999962 -0.582169 
0.999966 -0.000997239 0.00813627 0.00897086 0.000978468 0.999997 0.00231052 0.00204931 -0.00813866 -0.00230248 0.999964 -0.601797 
0.999965 -0.00246118 0.00806418 0.0193365 0.00243127 0.99999 0.00371725 0.00282356 -0.00807321 -0.00369751 0.999961 -0.624519 
0.999968 -0.000903053 0.00791416 0.00561404 0.000865511 0.999988 0.00474535 0.00676563 -0.0079183 -0.00473835 0.999957 -0.629374 
0.999978 0.000101677 0.00667813 -0.00682604 -0.000151975 0.999972 0.00753246 0.00246009 -0.00667721 -0.00753331 0.999949 -0.641953 
0.999987 -0.00175646 0.00485498 0.00491965 0.00171613 0.999964 0.00829985 -0.00359812 -0.00486943 -0.00829141 0.999954 -0.654496 
0.999986 -0.00305323 0.00426105 0.0130281 0.00301685 0.999959 0.00851721 -0.000799894 -0.0042868 -0.00850423 0.999955 -0.653433 
0.999986 -0.00343592 0.00402698 0.0188709 0.00340005 0.999955 0.00888345 -0.00166214 -0.00405726 -0.00886961 0.999953 -0.665751 
0.999988 -0.00306041 0.00371921 0.0203149 0.00303399 0.99997 0.00708745 -0.00328326 -0.00374082 -0.00707608 0.999968 -0.685829 
0.999974 -0.00389172 0.00606197 0.000833392 0.00385166 0.999971 0.006605 -0.0029251 -0.00608754 -0.00658149 0.99996 -0.708803 
0.999983 -0.00333403 0.00467306 0.019801 0.00330629 0.999977 0.00593174 0.00435066 -0.00469264 -0.00591621 0.999971 -0.681284 
0.999982 -0.00329562 0.00509819 0.0169988 0.0032675 0.999979 0.00551443 -0.00230253 -0.00511625 -0.00549767 0.999972 -0.727955 
0.999977 -0.00367035 0.00574955 0.00287771 0.00365281 0.999988 0.00305966 0.00257075 -0.00576073 -0.00303857 0.999979 -0.737444 
0.999986 -0.00230156 0.00479522 0.0180299 0.00229471 0.999996 0.00143658 0.00191784 -0.00479853 -0.00142556 0.999988 -0.735952 
0.999976 -0.000100479 0.00687096 0.00346303 0.000105217 1 -0.000690982 0.00283563 -0.00687084 0.00069169 0.999976 -0.767347 
0.999979 0.000338297 0.00641534 0.000817776 -0.000327483 0.999999 -0.00168687 0.00915956 -0.00641596 0.00168472 0.999978 -0.757446 
0.999975 0.00112796 0.00700212 0.0112569 -0.00111486 0.999998 -0.00187426 0.00608134 -0.0070042 0.00186638 0.999974 -0.780472 
0.999961 -0.000430364 0.00885051 0.00541925 0.000451308 0.999997 -0.00236523 -0.000319958 -0.00884941 0.00236914 0.999958 -0.776098 
0.999958 0.000366274 0.00917765 0.00506115 -0.000316896 0.999985 -0.00538226 0.00282145 -0.00917959 0.00537916 0.999943 -0.807619 
0.999957 -0.00190394 0.0090355 0.011987 0.00194899 0.999986 -0.00497771 0.0109567 -0.00902584 0.00499511 0.999947 -0.825619 
0.999951 -0.0024655 0.00960064 0.0049932 0.00250087 0.99999 -0.0036741 0.00880307 -0.00959152 0.00369792 0.999947 -0.828928 
0.999955 -0.000874721 0.00947419 0.0160458 0.000887129 0.999999 -0.00130578 0.00624794 -0.00947306 0.00131412 0.999954 -0.826607 
0.999952 0.000638597 0.00976884 0.00915217 -0.00063533 1 -0.000337116 0.00371075 -0.00976899 0.000330865 0.999952 -0.827364 
0.999958 -5.54137e-05 0.00915501 0.00951195 6.35237e-05 1 -0.000885986 0.00375479 -0.00915501 0.000886545 0.999958 -0.855572 
0.999954 -7.87899e-06 0.00963014 0.00612116 2.0735e-05 0.999999 -0.00133502 0.00193387 -0.00963008 0.00133518 0.999953 -0.88434 
0.999957 0.0024288 0.00896204 -0.00234509 -0.00240802 0.999994 -0.00232755 0.0145045 -0.00896767 0.00230587 0.999957 -0.831942 
0.999964 0.00168538 0.00826952 0.00837803 -0.00165372 0.999991 -0.00383382 0.0063192 -0.00827587 0.00382001 0.999959 -0.88838 
0.999962 0.000274301 0.00874588 0.00853682 -0.000226043 0.999985 -0.00551865 0.0121441 -0.00874719 0.00551645 0.999947 -0.898169 
0.999963 0.00182125 0.00840709 0.00564241 -0.00178859 0.999991 -0.00388905 0.00834821 -0.00841403 0.00387387 0.999957 -0.914896 
0.999969 0.00200004 0.00764275 0.0116706 -0.00198795 0.999997 -0.00158972 0.00781836 -0.00764596 0.00157448 0.99997 -0.919168 
0.999969 0.00125246 0.00773495 -0.0126553 -0.00124695 0.999999 -0.000720344 0.00799209 -0.00773591 0.000710674 0.99997 -0.936291 
0.999978 0.000106517 0.00666317 0.00615883 -9.65949e-05 0.999999 -0.00148846 0.00244056 -0.00666329 0.00148778 0.999977 -0.94886 
0.999976 0.00278775 0.00627077 0.000383854 -0.00277919 0.999995 -0.00137149 0.00543252 -0.00627455 0.00135404 0.999979 -0.949402 
0.999986 0.00092615 0.00516772 0.020155 -0.000926249 1 1.79745e-05 0.00986015 -0.00516763 -2.27541e-05 0.999987 -0.988338 
0.999986 0.00195995 0.00497299 -0.0174651 -0.00196389 0.999998 0.00078705 -0.00146807 -0.00497141 -0.000796806 0.999987 -0.960945 
0.999996 -0.000650205 0.0028598 0.00638437 0.000648635 1 0.00054919 0.00289559 -0.00286025 -0.000547331 0.999996 -1.00759 
1 0.000191046 0.000841588 0.00949383 -0.000190362 1 -0.000812609 0.00481609 -0.000841767 0.000812445 0.999999 -0.992088 
1 0.000727119 0.000713885 0.000133991 -0.000726039 0.999999 -0.00150536 0.0051576 -0.000714958 0.00150483 0.999999 -1.01888 
0.999998 0.00181036 0.000314564 0.0125465 -0.0018101 0.999998 -0.000812292 0.0136392 -0.000315934 0.000811722 1 -1.02557 
0.999996 0.00242948 0.00150374 -0.000525475 -0.0024304 0.999997 0.000614323 0.0068105 -0.00150231 -0.00061797 0.999999 -1.05142 
0.999994 0.00259282 0.00223055 0.00229359 -0.00259367 0.999996 0.00038109 0.00765915 -0.00222945 -0.000386871 0.999997 -1.05175 
0.999993 0.00127017 0.00349668 -0.00501108 -0.00126495 0.999998 -0.00149608 0.000248432 -0.00349858 0.00149164 0.999993 -1.08648 
0.999991 0.00187461 0.00394517 0.00947332 -0.00185899 0.99999 -0.00396 0.0135993 -0.00395277 0.00395262 0.999984 -1.04411 
0.999982 0.00245626 0.00549075 0.00137186 -0.00243378 0.999989 -0.00409792 0.0161732 -0.00550067 0.00408448 0.999977 -1.07094 
0.999967 0.00164847 0.00793076 0.0066762 -0.00163296 0.999997 -0.00196185 0.0210618 -0.00793388 0.00194883 0.999967 -1.08281 
0.999945 0.00247218 0.0101621 0.000818253 -0.00250196 0.999993 0.00291854 0.0060007 -0.0101548 -0.0029438 0.999944 -1.07109 
0.999931 0.00258092 0.0114432 -0.00419521 -0.00261741 0.999992 0.00317528 0.00919557 -0.0114349 -0.00320501 0.999929 -1.05906 
0.999938 0.000447158 0.0111749 0.00706196 -0.000439547 1 -0.000683535 0.0102463 -0.0111752 0.000678584 0.999937 -1.06826 
0.999941 -0.000924572 0.0107645 0.00473022 0.00097877 0.999987 -0.00503049 0.0166724 -0.0107597 0.00504073 0.999929 -1.06588 
0.99995 -0.002988 0.00957993 0.00421429 0.00302584 0.999988 -0.00393847 0.014888 -0.00956813 0.00396725 0.999946 -1.07261 
0.999974 -0.000776511 0.00714967 0.0134716 0.000768673 0.999999 0.0011 0.0182782 -0.0071505 -0.00109446 0.999974 -1.07661 
0.999982 0.000178182 0.00603315 -0.00158978 -0.000204451 0.999991 0.00435358 0.0121572 -0.00603232 -0.00435475 0.999972 -1.06007 
0.999984 -0.0024409 0.00513253 0.0115576 0.00240374 0.999971 0.00723374 0.00404748 -0.00515005 -0.00722129 0.999961 -1.07058 
0.999984 0.000129087 0.00575417 0.00168419 -0.000139177 0.999999 0.00175336 0.00520542 -0.00575399 -0.00175411 0.999982 -1.07986 
0.999984 0.000891592 0.00561246 0.00979424 -0.000868782 0.999991 -0.00406485 0.0151901 -0.00561586 0.0040599 0.999976 -1.076 
0.999987 0.000381986 0.0050779 0.0116262 -0.000356272 0.999987 -0.00506413 0.0157377 -0.00507984 0.00506226 0.999974 -1.06792 
0.999987 -0.00124948 0.00497624 0.00455475 0.00126184 0.999996 -0.0024817 0.00688219 -0.00497311 0.00248795 0.999985 -1.09229 
0.999985 -0.000879729 0.00545916 0.00462723 0.000874601 0.999999 0.00094248 0.00624681 -0.00545999 -0.000937697 0.999985 -1.07931 
0.999981 0.000900617 0.00614512 -0.00153542 -0.000909423 0.999999 0.00142931 0.0124924 -0.00614384 -0.00143487 0.99998 -1.0897 
0.999976 0.00118876 0.00684524 -0.00053215 -0.00120948 0.999995 0.00302319 0.0114855 -0.00684163 -0.00303141 0.999972 -1.05556 
0.999978 0.00119935 0.00658074 0.00835228 -0.00120141 0.999999 0.000309318 0.0131633 -0.00658041 -0.000317223 0.999978 -1.08469 
0.999971 0.000725625 0.00762457 0.00434399 -0.000720387 0.999999 -0.000689965 0.0105702 -0.0076251 0.00068444 0.999971 -1.08422 
0.999969 0.00018605 0.00784367 0.0108175 -0.000177823 0.999999 -0.00104913 0.0215095 -0.00784382 0.00104772 0.999969 -1.06656 
0.999962 0.00118781 0.00862283 -0.00391674 -0.00120018 0.999998 0.00142933 0.00687367 -0.00862122 -0.00143963 0.999962 -1.10619 
0.999967 0.000859691 0.00810108 0.00832367 -0.000868898 0.999999 0.00113291 0.0101936 -0.00810009 -0.00113991 0.999966 -1.0926 
0.999958 0.000995122 0.00906444 -0.00473976 -0.001002 0.999999 0.000754874 0.0150085 -0.00906369 -0.000763942 0.999959 -1.08858 
0.999963 0.00134733 0.00850907 0.0092144 -0.0013566 0.999999 0.00108271 0.0158831 -0.00850773 -0.0010942 0.999963 -1.09087 
0.999954 0.00119141 0.00950158 -0.00157738 -0.00120283 0.999999 0.00119706 0.0099631 -0.00950009 -0.00120842 0.999954 -1.10646 
0.999959 0.000947209 0.00899592 0.0149555 -0.000949655 1 0.000267353 0.016228 -0.00899571 -0.000275899 0.99996 -1.11613 
0.999954 0.00144824 0.00948292 0.000358582 -0.00143158 0.999997 -0.00176363 0.0146673 -0.00948557 0.00174999 0.999953 -1.12227 
0.999955 0.000831153 0.00946394 0.00805664 -0.000827793 1 -0.000358097 0.00705254 -0.00946423 0.00035025 0.999955 -1.12309 
0.999956 0.00168887 0.0092485 0.00406265 -0.00169316 0.999998 0.000456389 0.0180818 -0.00924766 -0.000472032 0.999957 -1.10005 
0.999948 0.00151224 0.0100575 -0.01301 -0.00153433 0.999997 0.00218882 0.00409669 -0.0100543 -0.00220413 0.999947 -1.14248 
0.999962 -0.000828493 0.00867495 0.00986862 0.000828121 1 4.66835e-05 0.00810522 -0.00867486 -3.94955e-05 0.999962 -1.13571 
0.99997 0.000465065 0.00771421 0.0069828 -0.000456968 0.999999 -0.0010517 0.0119036 -0.00771484 0.00104814 0.99997 -1.14265 
0.999975 -0.000568124 0.00703844 0.00483894 0.000567202 1 0.000132406 0.00991178 -0.00703847 -0.000128413 0.999975 -1.1391 
0.999977 -0.000839164 0.00672236 0.00570107 0.000831218 0.999999 0.00118523 0.00677186 -0.00672334 -0.0011796 0.999977 -1.15089 
0.999973 0.000283729 0.00738242 0.00548935 -0.00030563 0.999996 0.00296661 0.0146281 -0.00738129 -0.00296878 0.999968 -1.15692 
0.999977 0.00179642 0.00660685 0.00910378 -0.0018112 0.999996 0.00222991 0.00860548 -0.00660285 -0.00224184 0.999976 -1.15528 
0.999973 -0.000462249 0.00731197 0.00173378 0.0004563 1 0.000816088 0.00900805 -0.00731251 -0.000812734 0.999973 -1.17651 
0.999977 0.000283722 0.00683928 0.00320625 -0.000277489 0.999999 -0.000912374 0.00593841 -0.00683954 0.00091047 0.999976 -1.18661 
0.999977 0.0011736 0.00662714 0.00883102 -0.00116674 0.999999 -0.00103786 0.0119618 -0.00662833 0.0010301 0.999978 -1.18066 
0.999973 0.000909343 0.00726175 -0.00272942 -0.000916366 0.999999 0.000963574 0.00878268 -0.00726083 -0.0009702 0.999973 -1.19138 
0.99998 0.00146706 0.00615674 0.00382805 -0.00146843 0.999999 0.000218419 0.00933015 -0.00615627 -0.000227461 0.999981 -1.16769 
0.999983 0.00111078 0.00574127 0.0121956 -0.00111101 0.999999 3.67463e-05 0.0115913 -0.00574136 -4.31128e-05 0.999983 -1.19746 
0.999984 0.00161727 0.00544855 -0.00180626 -0.00161589 0.999999 -0.000258528 0.0137048 -0.00544909 0.000249729 0.999985 -1.1885 
0.999981 0.00337922 0.00509346 0.00264168 -0.00338565 0.999994 0.00125246 0.0109004 -0.00508925 -0.0012697 0.999986 -1.21649 
0.999982 0.00257358 0.00542808 0.00602341 -0.0025929 0.99999 0.00355421 0.0033623 -0.00541884 -0.00356823 0.999979 -1.18636 
0.999974 0.00463508 0.00559708 0.00639343 -0.00464508 0.999988 0.00177513 0.0035277 -0.00558883 -0.00180107 0.999983 -1.20721 
0.999945 0.00567039 0.00877178 -0.0103436 -0.00566754 0.999984 -0.000348782 0.0121483 -0.0087736 0.000299055 0.999961 -1.21842 
0.999937 0.00512128 0.0100256 0.00457191 -0.00512839 0.999987 0.000683583 0.0114999 -0.0100219 -0.000734957 0.99995 -1.19835 
0.999928 0.00341811 0.0114645 0.00402832 -0.00340248 0.999993 -0.0013831 0.0112488 -0.0114693 0.00134399 0.999933 -1.21308 
0.999941 0.000897709 0.0108092 0.00679779 -0.000864729 0.999995 -0.00305529 0.0172657 -0.0108119 0.00304576 0.999937 -1.20975 
0.99994 0.000219066 0.0109254 0.010807 -0.000218203 1 -7.98991e-05 0.0106978 -0.0109254 7.7527e-05 0.99994 -1.21952 
0.999927 0.000166027 0.0121178 0.00554276 -0.000184225 0.999999 0.00150142 0.0131178 -0.0121174 -0.00150354 0.999925 -1.24184 
0.999926 0.00118635 0.0120739 0.00995255 -0.00120849 0.999998 0.00182633 0.012327 -0.0120717 -0.0018408 0.999925 -1.22723 
0.999929 0.00114943 0.0118662 0.00305557 -0.00116866 0.999998 0.0016137 0.000551581 -0.0118643 -0.00162744 0.999928 -1.25743 
0.999913 0.00357179 0.0126956 -0.0141144 -0.00354605 0.999992 -0.00204936 0.0204189 -0.0127029 0.00200415 0.999917 -1.25861 
0.999931 0.00178391 0.0116348 0.0161819 -0.00177108 0.999998 -0.00111281 0.0101571 -0.0116367 0.00109213 0.999932 -1.23636 
0.999927 0.000853164 0.0120221 0.0110054 -0.000858215 1 0.000415504 0.00840414 -0.0120218 -0.000425798 0.999928 -1.25252 
0.999924 0.000139927 0.0123081 0.00391388 -0.000150056 1 0.000821412 0.0170462 -0.0123079 -0.000823196 0.999924 -1.27026 
0.999925 0.000291958 0.0122806 -0.00360107 -0.000303912 0.999999 0.000971727 0.00709927 -0.0122803 -0.00097538 0.999924 -1.25568 
0.999934 0.000233707 0.0115213 0.00409698 -0.000243273 1 0.000828395 0.0156655 -0.0115211 -0.000831141 0.999933 -1.26015 
0.999935 -0.000553308 0.0113729 0.00310135 0.00055065 1 0.00023693 0.0119178 -0.011373 -0.000230662 0.999935 -1.26349 
0.999952 -0.000116728 0.00980625 0.00912094 0.000138196 0.999997 -0.0021883 0.00864422 -0.00980592 0.00218957 0.999949 -1.30367 
0.99996 0.00107 0.00890997 0.00490952 -0.00105132 0.999997 -0.00210009 0.0107569 -0.00891212 0.00209063 0.999958 -1.27743 
0.999961 0.000243305 0.00878504 0.00191879 -0.000240145 1 -0.00036048 0.0204971 -0.00878513 0.000358348 0.999961 -1.26099 
0.999956 0.00247254 0.00906301 -0.00923538 -0.00249192 0.999995 0.00212863 0.0122262 -0.0090577 -0.00215113 0.999957 -1.25759 
0.999965 0.00331798 0.0076392 0.00231934 -0.00333326 0.999992 0.00198904 0.0127413 -0.00763255 -0.00201444 0.999969 -1.27871 
0.999977 0.00165091 0.0066261 0.00523376 -0.00166732 0.999996 0.00247078 0.0168029 -0.00662193 -0.00248175 0.999975 -1.28332 
0.999976 0.00269738 0.00641248 -0.00793457 -0.00271503 0.999992 0.00274594 0.0120217 -0.00640506 -0.00276328 0.999976 -1.28823 
0.999982 0.00326024 0.00494289 0.00414658 -0.00325761 0.999995 -0.000539614 0.0182616 -0.00494453 0.000523477 0.999988 -1.27614 
0.999987 0.00193235 0.00468063 -0.00177002 -0.00191468 0.999991 -0.00377483 0.0176711 -0.00468802 0.00376583 0.999982 -1.28272 
0.999983 0.00399072 0.0042181 -0.00227737 -0.00397474 0.999985 -0.00378839 0.0241868 -0.00423315 0.00377155 0.999984 -1.27402 
0.999994 0.000742008 0.0033206 0.00809097 -0.000738539 0.999999 -0.00104454 0.0131922 -0.00332132 0.00104208 0.999994 -1.27776 
0.999994 0.00176559 0.00296393 0.00572968 -0.00176309 0.999998 -0.000844537 0.015527 -0.00296545 0.000839293 0.999995 -1.25332 
0.999995 0.00176794 0.00269124 0.005867 -0.001762 0.999996 -0.00221 0.0267282 -0.00269514 0.00220525 0.999994 -1.26398 
0.999993 0.00246475 0.00278586 -0.00470352 -0.00245989 0.999995 -0.00174974 0.0143018 -0.00279015 0.00174289 0.999995 -1.25808 
0.999993 0.002756 0.00234193 -0.000740051 -0.00275592 0.999996 -3.64315e-05 0.0158205 -0.00234202 2.99723e-05 0.999997 -1.25074 
0.999995 0.0018414 0.00265184 -0.00640106 -0.00183973 0.999998 -0.000633384 0.0179815 -0.00265288 0.000628504 0.999996 -1.22281 
0.999991 0.00336046 0.00258821 -0.00995255 -0.00335425 0.999992 -0.00239949 0.0178337 -0.00259626 0.00239078 0.999994 -1.2269 
0.999996 0.00204892 0.00181243 0.0108528 -0.00204615 0.999997 -0.00153581 0.0192237 -0.00181556 0.0015321 0.999997 -1.21514 
0.999996 0.00243661 0.00163999 0.00120163 -0.00243787 0.999997 0.00075639 0.0160189 -0.0016382 -0.000760379 0.999998 -1.21082 
0.999997 0.00165798 0.00178239 -0.00163269 -0.00165747 0.999999 -0.000285357 0.0340734 -0.00178292 0.000282394 0.999998 -1.17616 
1 -0.000532815 0.000464916 0.00997162 0.000532145 0.999999 0.00143989 0.0179911 -0.000465512 -0.00143965 0.999999 -1.17352 
1 2.85096e-05 -7.36415e-05 -0.0108986 -2.8491e-05 1 0.00046224 0.027132 7.35223e-05 -0.000462232 1 -1.1545 
0.999993 -0.00239659 -0.00264356 0.0164528 0.00240023 0.999996 0.00137894 0.0111661 0.00264028 -0.00138528 0.999996 -1.15461 
0.999986 -0.00239699 -0.00473925 0.00589752 0.00240353 0.999996 0.00137194 0.0160694 0.00473607 -0.00138331 0.999988 -1.13805 
0.999982 -0.00194908 -0.00563514 0.0160255 0.00195623 0.999997 0.00126495 0.0193753 0.0056327 -0.00127594 0.999983 -1.14566 
0.99998 -0.00058941 -0.00627613 0.00325012 0.000590109 1 0.000107081 0.0200987 0.00627598 -0.000110797 0.99998 -1.1272 
0.999973 -0.00166495 -0.00722617 -0.000667572 0.00166137 0.999999 -0.000501717 0.0150037 0.00722697 0.000489681 0.999974 -1.11978 
0.999954 -0.00155732 -0.00953662 0.0175247 0.00154776 0.999998 -0.00101037 0.0192637 0.0095382 0.000995561 0.999954 -1.1286 
0.999949 -0.00146712 -0.0100008 0.0116959 0.00147033 0.999999 0.000314339 0.0158663 0.0100004 -0.000329017 0.99995 -1.09329 
0.999939 -0.00165187 -0.0108855 0.0112839 0.00165863 0.999998 0.000612425 0.00990963 0.0108845 -0.00063046 0.999941 -1.11157 
0.99994 -0.00191877 -0.0108094 0.00282669 0.0019256 0.999998 0.00062106 0.0283713 0.0108081 -0.000641826 0.999942 -1.10895 
0.999933 -0.0015134 -0.0114587 0.00375366 0.00155456 0.999992 0.00358453 0.00102711 0.0114532 -0.00360211 0.999928 -1.10776 
0.99991 -0.00236229 -0.0131798 0.0074501 0.00239976 0.999993 0.00282775 0.00681186 0.0131732 -0.00285912 0.999909 -1.09914 
0.999889 -0.00305273 -0.0145906 0.0138931 0.00304558 0.999995 -0.000511336 0.0164073 0.0145919 0.00046685 0.999893 -1.09785 
0.999894 -0.00237979 -0.0143884 0.0109978 0.00235705 0.999996 -0.0015977 0.0151899 0.0143922 0.00156362 0.999895 -1.08949 
0.999894 -0.00165048 -0.0144762 0.00513458 0.00162193 0.999997 -0.00198295 0.0220006 0.0144794 0.00195924 0.999893 -1.07913 
0.999898 -0.000708268 -0.014293 0.00767899 0.000706179 1 -0.000152043 0.014159 0.0142931 0.000141935 0.999898 -1.07597 
0.999901 -0.000821267 -0.0140087 0.0103455 0.000816577 1 -0.000340448 0.0332186 0.014009 0.000328978 0.999902 -1.06075 
0.999902 -0.000904522 -0.013956 0.0136299 0.000935993 0.999997 0.00224901 0.0066061 0.0139538 -0.00226186 0.9999 -1.0619 
0.999922 0.00211165 -0.0123403 -0.014164 -0.00210408 0.999998 0.000625568 0.0215085 0.0123416 -0.000599544 0.999924 -1.05325 
0.999888 -0.000438631 -0.014966 0.0261116 0.000422741 0.999999 -0.00106496 0.034698 0.0149665 0.00105851 0.999888 -1.05519 
0.99991 -0.00171882 -0.0133196 0.00911522 0.0016977 0.999997 -0.00159681 0.015873 0.0133223 0.00157404 0.99991 -1.04008 
0.99992 -0.000323588 -0.0126584 0.00452805 0.000278857 0.999994 -0.00353506 0.0249715 0.0126595 0.00353126 0.999914 -1.0136 
0.999921 -0.00238213 -0.0123419 0.0108566 0.00237206 0.999997 -0.000831683 0.0196767 0.0123437 0.000802335 0.999923 -1.0253 
0.999916 -0.00229286 -0.0127162 0.00391006 0.00231982 0.999995 0.00210507 0.00774598 0.0127112 -0.00213439 0.999917 -1.00769 
0.999924 -0.00282974 -0.0120289 0.000289917 0.00283498 0.999996 0.000418851 0.0277457 0.0120276 -0.000452924 0.999928 -0.99295 
0.999925 -0.000465921 -0.0122502 0.0172615 0.00046373 1 -0.000180697 0.0193076 0.0122501 0.000175003 0.999925 -1.01195 
0.999926 -0.00112516 -0.0121095 0.000916481 0.00109948 0.999997 -0.00212721 0.0197563 0.0121121 0.00211375 0.999924 -0.98671 
0.999934 -0.000249528 -0.0114767 0.00132561 0.000226232 0.999998 -0.00203088 0.020041 0.0114772 0.00202816 0.999932 -0.975052 
0.999936 -0.000429315 -0.0112954 0.00707626 0.000421927 1 -0.000656547 0.0198116 0.0112956 0.000651734 0.999936 -0.96669 
0.999946 -0.00158065 -0.0102586 -0.00215244 0.00158389 0.999999 0.000307839 0.0127978 0.0102581 -0.000324067 0.999947 -0.958786 
0.999946 -0.00103679 -0.0103613 0.00410318 0.00103018 0.999999 -0.000645637 0.0186319 0.0103619 0.000634919 0.999946 -0.953491 
0.999948 -0.00114419 -0.0101317 0.0115089 0.00112125 0.999997 -0.00226864 0.0160007 0.0101342 0.00225716 0.999946 -0.936249 
0.999948 -0.00140342 -0.0100836 -0.00492978 0.0013786 0.999996 -0.0024675 0.0169678 0.0100869 0.00245348 0.999946 -0.938019 
0.999939 -0.00133637 -0.0109566 0.00994229 0.0013289 0.999999 -0.000689095 0.015976 0.0109574 0.000674484 0.99994 -0.921188 
0.999944 -0.000946305 -0.010559 0.00878721 0.000942182 0.999999 -0.00039505 0.0218711 0.0105592 0.000385091 0.999944 -0.910095 
0.999929 -0.00315961 -0.0114572 0.00617003 0.00314752 0.999995 -0.00107305 0.0120907 0.0114605 0.00103692 0.999934 -0.904572 
0.999913 -0.00116961 -0.0131409 0.0035615 0.00113272 0.999995 -0.00281436 0.0216446 0.0131441 0.00279923 0.99991 -0.889114 
0.999898 -0.00235139 -0.0140998 0.00226593 0.00230631 0.999992 -0.00321238 0.0167561 0.0141073 0.00317953 0.999895 -0.880646 
0.999883 -0.00232927 -0.015125 0.00747395 0.00231722 0.999997 -0.000814315 0.020371 0.0151269 0.000779172 0.999885 -0.874283 
0.999884 -0.00196371 -0.0150805 -0.000594139 0.00197618 0.999998 0.000812347 0.0145321 0.015079 -0.000842059 0.999886 -0.857819 
0.999876 -0.000268711 -0.015722 0.00587559 0.000304388 0.999997 0.00226682 0.00983906 0.0157213 -0.00227132 0.999874 -0.863281 
0.99987 -0.00085988 -0.0160761 -0.000305176 0.000851473 1 -0.000530076 0.0139246 0.0160766 0.000516317 0.999871 -0.856964 
0.999861 -0.000805478 -0.0166401 -0.00044632 0.000781416 0.999999 -0.00145219 0.0114055 0.0166412 0.00143898 0.999861 -0.857788 
0.999854 -0.000643672 -0.0170929 0.00341225 0.000593224 0.999996 -0.00295653 0.0181508 0.0170947 0.00294595 0.99985 -0.850372 
0.999867 6.38845e-05 -0.0163003 0.000753403 -9.95426e-05 0.999998 -0.0021866 0.0133095 0.0163003 0.00218794 0.999865 -0.844666 
0.999871 0.000126873 -0.0160513 -0.00260162 -0.000172916 0.999996 -0.00286727 0.0173578 0.0160508 0.00286968 0.999867 -0.85643 
0.99989 3.9825e-05 -0.0148327 0.00715256 -6.92033e-05 0.999998 -0.00198006 0.0142632 0.0148324 0.00198087 0.999888 -0.836624 
0.99991 0.00155108 -0.0133547 -0.00168991 -0.00156721 0.999998 -0.00119792 0.00989342 0.0133529 0.00121874 0.99991 -0.860123 
0.999926 -0.000320788 -0.0121778 -0.00573349 0.000316148 1 -0.000382847 0.0143871 0.012178 0.000378969 0.999926 -0.837311 
0.999921 -0.000748306 -0.0125377 -0.00421906 0.000750572 1 0.000176266 0.00899506 0.0125374 -0.000185664 0.999921 -0.847778 
0.999908 -0.00222164 -0.0133514 0.0129585 0.00220985 0.999997 -0.000897564 0.0132341 0.0133533 0.000867977 0.99991 -0.859085 
0.999925 -0.000934046 -0.0121871 -0.00453568 0.000929188 1 -0.000404242 0.0110035 0.0121874 0.000392886 0.999926 -0.852432 
0.999925 0.000677283 -0.0122421 0.00297546 -0.000676236 1 8.9854e-05 0.0143518 0.0122421 -8.15662e-05 0.999925 -0.864899 
0.999944 0.000777121 -0.0105857 0.00342178 -0.000763763 0.999999 0.00126564 0.0110388 0.0105867 -0.00125749 0.999943 -0.862488 
0.999958 0.000446186 -0.00910911 -0.0065918 -0.000443034 1 0.000347745 0.00856876 0.00910935 -0.000343695 0.999958 -0.867065 
0.999971 -0.000601568 -0.00763509 0.00220108 0.000597059 1 -0.00059257 0.0114126 0.00763544 0.000587997 0.999971 -0.871964 
0.999975 -0.000493886 -0.00704217 0.00867462 0.000472016 0.999995 -0.00310707 0.00920105 0.00704378 0.00310367 0.99997 -0.891541 
0.999973 -0.00254081 -0.00696963 0.00175858 0.00251407 0.999989 -0.00384375 0.0059948 0.00697926 0.00382613 0.999968 -0.898056 
0.999973 -0.00150855 -0.00722009 0.0020256 0.00148501 0.999994 -0.00326437 0.0234776 0.00722504 0.00325355 0.999969 -0.896225 
0.999969 -0.00209237 -0.00760347 0.00544739 0.00207537 0.999995 -0.00224377 0.0099268 0.00760812 0.00222792 0.999969 -0.91716 
0.999972 -0.000570854 -0.00747889 0.00331116 0.000553798 0.999997 -0.00228219 0.00929737 0.0074802 0.00227798 0.999969 -0.930252 
0.999969 -0.000544315 -0.00783134 0.00770187 0.000523159 0.999996 -0.00270306 0.00932407 0.00783277 0.00269888 0.999966 -0.945816 
0.999966 0.00120669 -0.00810838 -0.00127411 -0.0012215 0.999997 -0.00182106 0.0101013 0.00810617 0.00183091 0.999965 -0.962646 
0.999964 0.000871436 -0.0084008 -0.00305939 -0.000880164 0.999999 -0.00103518 0.0128765 0.00839984 0.00104253 0.999964 -0.97084 
0.999956 0.000132061 -0.00941804 0.0062561 -0.000131575 1 5.1992e-05 0.00909615 0.00941813 -5.07506e-05 0.999956 -0.994492 
0.999949 0.00265698 -0.00971913 -0.00248718 -0.00264922 0.999996 0.000810958 0.00449848 0.00972125 -0.000785167 0.999952 -1.00134 
0.999949 0.00138715 -0.0100464 -0.00541687 -0.00137387 0.999998 0.00132937 0.00712109 0.0100483 -0.0013155 0.999949 -0.996048 
0.999922 -0.000114897 -0.0124708 0.0105286 0.000138431 0.999998 0.00188643 0.0145922 0.0124707 -0.001888 0.99992 -1.00407 
0.999893 -0.00229067 -0.0144696 0.00450897 0.00230229 0.999997 0.000786436 0.00351143 0.0144677 -0.000819666 0.999895 -1.03886 
0.999841 -0.00356704 -0.0174797 0.00831604 0.00355199 0.999993 -0.00089216 0.00699615 0.0174827 0.00082993 0.999847 -1.03746 
0.999813 -0.00320383 -0.0190645 0.00436401 0.00314248 0.99999 -0.00324729 0.0217228 0.0190746 0.00318677 0.999813 -1.02904 
0.999769 -0.00281034 -0.021291 0.0113602 0.0027778 0.999995 -0.0015575 0.0091486 0.0212952 0.001498 0.999772 -1.0764 
0.999762 -0.00115835 -0.0217958 0.00408936 0.00113775 0.999999 -0.000957241 0.0126009 0.0217969 0.000932211 0.999762 -1.07867 
0.999747 -0.00104977 -0.0224537 0.0116882 0.00101213 0.999998 -0.00168726 0.0116882 0.0224554 0.00166411 0.999747 -1.09961 
0.999749 3.57027e-05 -0.0223859 0.00402832 -9.46634e-05 0.999996 -0.00263266 0.00782108 0.0223858 0.00263412 0.999746 -1.11118 
0.999742 -0.00210529 -0.0226112 0.0115814 0.00201593 0.99999 -0.0039743 0.0237427 0.0226193 0.00392769 0.999736 -1.10535 
0.999737 -0.00136476 -0.0228834 0.00940704 0.00126927 0.99999 -0.00418701 0.0129967 0.0228889 0.00415687 0.999729 -1.1256 
0.999736 -0.00157131 -0.0229488 0.0149841 0.00148409 0.999992 -0.00381736 0.0202026 0.0229546 0.00378229 0.99973 -1.15366 
0.999746 -0.00192763 -0.0224767 0.00674438 0.00192296 0.999998 -0.000229483 0.0137291 0.0224772 0.000186203 0.999747 -1.16501 
0.999752 0.00044827 -0.02225 0.000610352 -0.000407561 0.999998 0.00183415 0.0115967 0.0222507 -0.00182463 0.999751 -1.16472 
0.999775 8.68668e-06 -0.0212058 0.00975037 5.20656e-06 1 0.000655193 0.010849 0.0212058 -0.00065515 0.999775 -1.1528 
0.999795 0.00124999 -0.0201951 -0.0030899 -0.00128973 0.999997 -0.00195475 0.0106869 0.0201927 0.0019804 0.999794 -1.19809 
0.999793 -0.000247969 -0.0203285 0.0163803 0.000202734 0.999997 -0.00222716 0.017952 0.020329 0.00222258 0.999791 -1.20071 
0.999794 -0.000329822 -0.0202948 0.00492859 0.000305907 0.999999 -0.00118153 0.0138016 0.0202952 0.00117507 0.999793 -1.21983 
0.99979 -0.00174581 -0.0204143 0.0107574 0.00172941 0.999998 -0.000821318 0.0134983 0.0204157 0.000785844 0.999791 -1.23938 
0.999793 -0.000518245 -0.0203563 0.00672913 0.000500624 0.999999 -0.00087087 0.0119762 0.0203567 0.000860497 0.999792 -1.24023 
0.999784 -0.00220166 -0.0206589 0.00798035 0.00219747 0.999998 -0.000225382 0.0210667 0.0206593 0.000179935 0.999787 -1.25494 
0.999796 -0.00123249 -0.0201414 0.0167694 0.00125265 0.999999 0.000988338 0.0122375 0.0201401 -0.00101337 0.999797 -1.27995 
0.999806 0.000181002 -0.0196792 0.00883484 -0.000143242 0.999998 0.00192046 0.011694 0.0196795 -0.00191726 0.999805 -1.28738 
0.99982 -0.00204474 -0.0188815 0.00958252 0.0020836 0.999996 0.00203826 0.0121403 0.0188773 -0.00207723 0.99982 -1.2973 
0.999808 -0.000156209 -0.019602 0.0144501 0.000180852 0.999999 0.00125534 0.0152264 0.0196017 -0.00125864 0.999807 -1.30594 
0.99982 0.000382249 -0.018955 0.00549316 -0.000333079 0.999997 0.00259731 0.0125427 0.018956 -0.00259052 0.999817 -1.32153 
0.999823 -0.000522058 -0.018789 0.0146484 0.000612255 0.999988 0.00479536 0.00897408 0.0187863 -0.00480602 0.999812 -1.34404 
0.999832 -0.000955718 -0.0183143 0.0149078 0.0010671 0.999981 0.00607312 0.0125847 0.0183081 -0.00609164 0.999814 -1.33136 
0.999844 -0.00132819 -0.0176185 0.0119934 0.00140899 0.999989 0.0045742 0.00709534 0.0176122 -0.00459831 0.999834 -1.35683 
0.999833 -0.00177999 -0.0182022 0.0178375 0.00184655 0.999992 0.00364069 0.00955391 0.0181956 -0.0036737 0.999828 -1.36916 
0.999831 -0.00188225 -0.0182575 0.0171051 0.00192364 0.999996 0.002249 0.013485 0.0182531 -0.00228374 0.999831 -1.37024 
0.999841 0.000544008 -0.0178432 0.0147095 -0.000558411 1 -0.000801385 0.0169678 0.0178427 0.00081122 0.999841 -1.39656 
0.999845 0.000808918 -0.0175883 0.0123749 -0.000803727 1 0.00030173 0.0123291 0.0175886 -0.000287545 0.999845 -1.40025 
0.999848 0.00109992 -0.0174141 0.0109711 -0.00101902 0.999989 0.00465382 0.0112209 0.017419 -0.00463537 0.999837 -1.40062 
0.999852 -0.00028523 -0.0171966 0.0166473 0.000350451 0.999993 0.00379009 0.00800323 0.0171953 -0.00379556 0.999845 -1.42958 
0.999847 -0.0026159 -0.0172816 0.0130768 0.00260626 0.999996 -0.000580924 0.0152807 0.017283 0.000535802 0.999851 -1.44986 
0.999829 -0.00221776 -0.0183869 0.0161285 0.00222007 0.999997 0.000105294 0.0137234 0.0183867 -0.000146101 0.999831 -1.44106 
0.999826 -0.00300167 -0.018399 0.0196838 0.00304672 0.999992 0.00242206 0.011898 0.0183915 -0.0024777 0.999828 -1.44908 
0.999828 0.000684071 -0.0185381 0.0161591 -0.000620473 0.999994 0.00343525 0.0100298 0.0185403 -0.00342315 0.999822 -1.46233 
0.99983 -0.00060845 -0.0184188 0.0150757 0.000637269 0.999999 0.00155887 0.0137024 0.0184179 -0.00157034 0.999829 -1.46707 
0.999827 0.00107882 -0.018583 0.0147858 -0.000993199 0.999989 0.00461655 0.0141478 0.0185877 -0.0045973 0.999817 -1.47792 
0.999785 -0.00117924 -0.0207189 0.0227203 0.00129106 0.999985 0.00538495 0.0088501 0.0207122 -0.00541052 0.999771 -1.48775 
0.999726 -0.00262975 -0.0232721 0.0200043 0.00269247 0.999993 0.00266378 0.0128613 0.023265 -0.00272572 0.999726 -1.49208 
0.999654 -0.00288993 -0.0261416 0.028717 0.00289947 0.999996 0.000327224 0.0183086 0.0261405 -0.000402909 0.999658 -1.47979 
0.999594 -0.00484305 -0.028089 0.0308685 0.00489116 0.999987 0.00164374 0.0150547 0.0280808 -0.00178045 0.999604 -1.50941 
0.99958 -0.00357476 -0.0287585 0.046051 0.00363667 0.999991 0.00210107 0.0167789 0.0287507 -0.00220478 0.999584 -1.51665 
0.999594 -0.00312504 -0.0283086 0.0299072 0.00318176 0.999993 0.00195866 0.0162868 0.0283023 -0.00204794 0.999597 -1.51592 
0.999603 -0.00120142 -0.0281623 0.0379028 0.0012309 0.999999 0.0010297 0.0163708 0.028161 -0.00106394 0.999603 -1.53246 
0.999616 -0.00139216 -0.0276911 0.0251465 0.00142951 0.999998 0.00132927 0.0179939 0.0276893 -0.00136835 0.999616 -1.52548 
0.99961 -0.000270443 -0.0279136 0.0315552 0.000379513 0.999992 0.00390247 0.0121059 0.0279122 -0.00391155 0.999603 -1.53978 
0.999626 -0.000197154 -0.027347 0.0366669 0.000308288 0.999992 0.00405928 0.0158081 0.027346 -0.00406621 0.999618 -1.53658 
0.999661 -0.000791371 -0.0260093 0.0316925 0.000846939 0.999997 0.00212546 0.0181274 0.0260074 -0.00214675 0.99966 -1.53602 
0.999682 0.000113374 -0.0252277 0.0291901 -4.4765e-05 0.999996 0.00272004 0.0125828 0.0252279 -0.00271806 0.999678 -1.5509 
0.999713 2.16495e-05 -0.0239382 0.0272522 -3.86499e-06 1 0.000743318 0.0187149 0.0239382 -0.000743 0.999713 -1.56633 
0.999746 -0.000360757 -0.0225298 0.0241241 0.000384534 0.999999 0.00104986 0.0161228 0.0225294 -0.00105824 0.999746 -1.56352 
0.999763 0.00120996 -0.0217517 0.0214386 -0.00116772 0.999997 0.00195505 0.0168362 0.021754 -0.00192921 0.999761 -1.57254 
0.999783 0.00082444 -0.0208358 0.0168304 -0.000760214 0.999995 0.0030904 0.00755024 0.0208383 -0.00307388 0.999778 -1.56698 
0.999785 0.000728831 -0.0207507 0.0210266 -0.000645904 0.999992 0.00400278 0.0111475 0.0207533 -0.00398852 0.999777 -1.57714 
0.999803 0.000584286 -0.0198262 0.00924683 -0.000537599 0.999997 0.00236007 0.00677967 0.0198277 -0.00234895 0.999801 -1.58726 
0.999786 -0.000823546 -0.0206823 0.0254517 0.00083944 0.999999 0.000759274 0.00902081 0.0206816 -0.000776455 0.999786 -1.58701 
0.999774 -0.00285372 -0.0210707 0.0182953 0.00285077 0.999996 -0.000168974 0.0139828 0.021071 0.000108857 0.999778 -1.57762 
0.999756 -0.00358988 -0.0217996 0.022171 0.00354323 0.999991 -0.00217854 0.0270977 0.0218073 0.00210074 0.99976 -1.57043 
0.999741 -0.00445501 -0.0223038 0.0276794 0.00440022 0.999987 -0.00250529 0.0290127 0.0223147 0.00240651 0.999748 -1.56721 
0.999758 -0.00438898 -0.0215639 0.0345917 0.00437175 0.99999 -0.000844769 0.0253506 0.0215673 0.000750311 0.999767 -1.54409 
0.999768 -0.00225762 -0.0213977 0.0195618 0.00229696 0.999996 0.00181437 0.0255413 0.0213937 -0.00186308 0.999769 -1.53109 
0.999757 -0.00467329 -0.0215321 0.0345612 0.00470264 0.999988 0.0013123 0.0299854 0.0215257 -0.00141324 0.999768 -1.55033 
0.999743 -0.00184211 -0.0225879 0.0191193 0.00181611 0.999998 -0.00117182 0.0257874 0.0225901 0.00113049 0.999744 -1.51321 
0.999694 -0.00386245 -0.0244404 0.0399628 0.00378879 0.999988 -0.00305908 0.0318718 0.0244519 0.00296552 0.999696 -1.54106 
0.99971 -0.00122923 -0.0240303 0.0182495 0.00115657 0.999995 -0.00303783 0.0237865 0.024034 0.00300916 0.999707 -1.49288 
0.999684 -0.00463556 -0.0247163 0.0338135 0.00455251 0.999984 -0.00341474 0.0420685 0.0247317 0.00330114 0.999689 -1.47358 
0.999719 -0.000711031 -0.0237071 0.025177 0.000671187 0.999998 -0.00168841 0.0257511 0.0237082 0.00167201 0.999718 -1.47203 
0.999712 -0.00141382 -0.0239682 0.0186615 0.00139243 0.999999 -0.000909765 0.0278206 0.0239695 0.000876131 0.999712 -1.43432 
0.999743 0.000975758 -0.0226577 0.0156555 -0.000979084 1 -0.000135538 0.0203362 0.0226575 0.000157697 0.999743 -1.44749 
0.999744 -1.6951e-05 -0.0226502 0.00810242 3.06824e-05 1 0.000605402 0.0287304 0.0226502 -0.000605948 0.999743 -1.42222 
0.99975 0.00222429 -0.0222483 0.00434875 -0.0022165 0.999997 0.000375179 0.0242424 0.0222491 -0.000325769 0.999752 -1.39925 
0.999745 -0.000520411 -0.0225593 0.0197296 0.000471083 0.999997 -0.00219145 0.0274754 0.0225604 0.00218025 0.999743 -1.39883 
0.999772 -0.000628397 -0.0213652 0.00730896 0.000617531 1 -0.000515306 0.0290775 0.0213655 0.000502001 0.999772 -1.37928 
0.999779 -0.00241496 -0.0208833 0.0133972 0.0025025 0.999988 0.00416734 0.026659 0.0208729 -0.00421867 0.999773 -1.3657 
0.999803 -0.00241262 -0.0197128 0.00759888 0.00259635 0.999953 0.00929963 0.0086174 0.0196895 -0.00934897 0.999762 -1.34421 
0.999793 -0.00431714 -0.0198909 0.0244446 0.00444424 0.99997 0.00634975 0.0234985 0.0198629 -0.00643684 0.999782 -1.32207 
0.999795 -0.0048541 -0.0196745 0.00947571 0.00491053 0.999984 0.00282124 0.0184727 0.0196605 -0.00291728 0.999802 -1.32267 
0.999786 -0.00451018 -0.0201888 0.0275574 0.00451438 0.99999 0.000163102 0.0254898 0.0201879 -0.00025417 0.999796 -1.31591 
0.999798 -0.00559464 -0.0193295 0.00692749 0.00557699 0.999984 -0.000966998 0.0223961 0.0193346 0.000858975 0.999813 -1.30322 
0.999799 -0.00403004 -0.0196541 0.0236359 0.00401417 0.999992 -0.000846042 0.0225849 0.0196573 0.000766976 0.999806 -1.30225 
0.999822 -0.00179356 -0.0188064 0.00288391 0.00176023 0.999997 -0.00178922 0.0209961 0.0188095 0.00175577 0.999822 -1.28152 
0.999814 -0.00203956 -0.0191597 0.0244751 0.00203509 0.999998 -0.000253462 0.0196571 0.0191603 0.000214439 0.999816 -1.27756 
0.999837 -0.00065957 -0.0180487 -0.00413513 0.000668611 1 0.000495058 0.0200996 0.0180483 -0.000507034 0.999837 -1.2503 
0.999797 -0.00636956 -0.0191094 0.0301361 0.00642066 0.999976 0.00261372 0.0167847 0.0190923 -0.00273589 0.999814 -1.2592 
0.999831 -0.00181925 -0.0182743 0.00840759 0.0018471 0.999997 0.0015076 0.0144806 0.0182715 -0.00154109 0.999832 -1.23723 
0.999853 -0.00205733 -0.01701 0.0143127 0.00200435 0.999993 -0.00313036 0.0254707 0.0170163 0.00309583 0.99985 -1.23278 
0.999876 0.000460647 -0.0157239 0.00596619 -0.000530122 0.99999 -0.00441493 0.0231018 0.0157217 0.00442271 0.999867 -1.22454 
0.999902 -0.000777937 -0.0139803 0.00488281 0.00071522 0.99999 -0.0044901 0.0304909 0.0139836 0.00447963 0.999892 -1.21607 
0.999917 0.00148342 -0.0127901 0.00465393 -0.00152832 0.999993 -0.00350174 0.0289345 0.0127848 0.00352101 0.999912 -1.18364 
0.999947 -0.000959821 -0.010282 0.00845337 0.000964636 1 0.000463524 0.0188141 0.0102816 -0.000473449 0.999947 -1.18112 
0.999965 -0.000884885 -0.00829401 0.000610352 0.000904746 0.999997 0.00239117 0.0199356 0.00829187 -0.00239859 0.999963 -1.15495 
0.999974 -0.00271067 -0.00675616 0.00901794 0.00272285 0.999995 0.00179366 0.0138092 0.00675126 -0.00181199 0.999976 -1.16974 
0.999984 -0.000931192 -0.00563202 0.00361633 0.000955045 0.999991 0.00423508 0.0193863 0.00562802 -0.00424039 0.999975 -1.12535 
0.999986 7.73072e-05 -0.00527352 -0.00271606 -3.11807e-05 0.999962 0.00874539 0.0102425 0.00527399 -0.00874509 0.999948 -1.12502 
0.999984 -0.0028474 -0.00483932 0.0132446 0.00286007 0.999993 0.00261256 0.00817871 0.00483184 -0.00262636 0.999985 -1.12424 
0.999994 0.000342973 -0.00362035 0.000305176 -0.000372022 0.999968 -0.00802558 0.0149231 0.00361748 0.00802687 0.999961 -1.10914 
