1 0 0 0 0 1 0 0 0 0 1 0 
0.999874 0.00149231 0.0158178 0.0104997 -0.00147782 0.999998 -0.000928194 -0.00327219 -0.0158192 0.000904701 0.999874 0.126457 
0.999764 0.00285609 0.0215458 0.0147979 -0.00286832 0.999996 0.000536606 -0.000960424 -0.0215442 -0.00059828 0.999768 0.146484 
0.999628 0.00168801 0.0272343 0.0227213 -0.00172942 0.999997 0.00149682 -0.000364208 -0.0272317 -0.00154336 0.999628 0.164525 
0.999423 -0.000121648 0.0339727 0.0347292 3.79586e-05 0.999997 0.00246409 0.000530083 -0.0339729 -0.00246138 0.99942 0.174065 
0.999259 -0.00290302 0.0383741 0.0428832 0.00281897 0.999994 0.00224423 -0.0017922 -0.0383803 -0.00213439 0.999261 0.188083 
0.999188 -0.00276931 0.0401855 0.0458262 0.00275706 0.999996 0.000360388 7.07526e-06 -0.0401863 -0.000249302 0.999192 0.204039 
0.999015 -3.91215e-05 0.0443655 0.0455375 -1.64263e-05 0.999999 0.00125167 0.0022267 -0.0443655 -0.00125116 0.999015 0.216601 
0.998757 0.000850676 0.0498318 0.0428622 -0.00099737 0.999995 0.00291901 0.00180225 -0.0498292 -0.00296509 0.998753 0.232036 
0.998769 -0.0016572 0.0495854 0.054503 0.00129636 0.999973 0.00730825 -0.00705121 -0.0495961 -0.00723497 0.998743 0.232223 
0.998725 -0.00733785 0.0499341 0.0664206 0.00694306 0.999943 0.00807515 -0.00649546 -0.0499906 -0.00771816 0.99872 0.246347 
0.998488 -0.0040414 0.0548232 0.0652013 0.00383076 0.999985 0.00394686 -0.00525377 -0.0548383 -0.00373088 0.998488 0.262053 
0.998323 9.76725e-05 0.0578887 0.0590577 -0.000302342 0.999994 0.0035268 -0.00367329 -0.057888 -0.0035384 0.998317 0.278409 
0.998324 -0.000181108 0.0578752 0.0595005 -7.53123e-05 0.99999 0.00442842 -0.00785648 -0.0578753 -0.00442536 0.998314 0.263698 
0.998194 -0.00291415 0.0600086 0.0623974 0.0026871 0.999989 0.00386398 -0.00281096 -0.0600193 -0.00369575 0.99819 0.291742 
0.998127 -0.0050061 0.0609771 0.0666648 0.00480086 0.999982 0.00351193 -0.0129571 -0.0609935 -0.00321262 0.998133 0.30477 
0.998199 -0.00316646 0.0599071 0.0618301 0.00304122 0.999993 0.00218166 -0.00562325 -0.0599136 -0.00199553 0.998201 0.311537 
0.998264 -0.00396624 0.058758 0.0639223 0.00393466 0.999992 0.000653161 -0.00401017 -0.0587602 -0.000420835 0.998272 0.335207 
0.998284 -0.00158837 0.0585445 0.0555695 0.00154647 0.999999 0.000761228 -0.00228974 -0.0585454 -0.000669379 0.998285 0.370418 
0.998418 0.00238461 0.0561773 0.0510501 -0.00248805 0.999995 0.00177133 -0.00343491 -0.0561728 -0.0019083 0.998419 0.376122 
0.998617 0.000397213 0.0525762 0.0553471 -0.00044472 0.999999 0.000891821 -0.00264731 -0.0525758 -0.000913976 0.998617 0.403706 
0.998804 -0.00100167 0.0488874 0.0477009 0.000966955 1 0.00073378 -0.00105719 -0.0488881 -0.000685621 0.998804 0.430127 
0.998941 -0.000632748 0.0460064 0.044085 0.000538655 0.999998 0.00205755 -0.00613177 -0.0460075 -0.00203059 0.998939 0.455811 
0.999092 0.000607083 0.0425963 0.0447297 -0.000614922 1 0.000171056 -0.00913776 -0.0425961 -0.000197103 0.999092 0.474457 
0.999153 -0.000913825 0.0411311 0.0419369 0.000977 0.999998 -0.00151592 -0.0044309 -0.0411296 0.00155482 0.999153 0.501957 
0.999319 -0.00327988 0.0367647 0.0459294 0.00338902 0.99999 -0.00290655 -0.00414002 -0.0367548 0.00302917 0.99932 0.519623 
0.999503 -0.00357241 0.0313186 0.0433321 0.00368968 0.999986 -0.00368723 -0.000578821 -0.031305 0.00380095 0.999503 0.541737 
0.999636 -0.00247618 0.0268794 0.0348809 0.00254934 0.999993 -0.00268826 -0.0038612 -0.0268725 0.0027558 0.999635 0.578151 
0.999765 -0.00203189 0.0215751 0.0276663 0.00205815 0.999997 -0.00119499 -0.00209121 -0.0215727 0.00123912 0.999767 0.59819 
0.999879 -0.00154642 0.0154841 0.0110772 0.00154533 0.999999 8.23806e-05 -0.00473367 -0.0154841 -5.84414e-05 0.99988 0.643135 
0.999927 -0.00125775 0.0120207 0.0130084 0.00124877 0.999999 0.000754918 -0.000159539 -0.0120218 -0.000739838 0.999928 0.659974 
0.999933 0.000735993 0.0115555 0.00885415 -0.000757545 0.999998 0.00186083 0.00158021 -0.0115542 -0.00186946 0.999932 0.685354 
0.99994 0.000642171 0.0109728 0.00881743 -0.000669448 0.999997 0.00248222 -0.0101604 -0.0109712 -0.00248941 0.999937 0.692883 
0.999941 0.000751447 0.0108437 0.00300622 -0.000767833 0.999999 0.00150699 -0.00151709 -0.0108425 -0.00151524 0.99994 0.735088 
0.999945 0.000349939 0.0104873 0.0111229 -0.000371194 0.999998 0.00202523 -0.00517297 -0.0104866 -0.00202901 0.999943 0.741918 
0.999936 -0.000292409 0.0112948 0.000958443 0.000277793 0.999999 0.00129555 -0.00342853 -0.0112952 -0.00129234 0.999936 0.775742 
0.999951 -0.000606991 0.00991398 0.0210581 0.000594506 0.999999 0.00126175 -0.00882992 -0.00991479 -0.00125579 0.99995 0.773836 
0.999939 0.000955781 0.0110164 0.0059464 -0.00099019 0.999995 0.00311807 -0.0103573 -0.0110134 -0.00312879 0.999934 0.806571 
0.999929 0.000992337 0.0118487 0.00534725 -0.00103538 0.999993 0.00362685 -0.00494632 -0.011845 -0.00363887 0.999923 0.805396 
0.999929 -0.000874212 0.0118437 0.0177693 0.000830244 0.999993 0.00371669 -0.00881329 -0.0118469 -0.00370659 0.999923 0.803323 
0.999908 0.00052415 0.0135482 0.00991392 -0.000556672 0.999997 0.00239679 -0.0154291 -0.0135469 -0.00240411 0.999905 0.808522 
0.99989 3.49674e-05 0.0148459 0.000515938 -4.42434e-05 1 0.000624273 -0.0179392 -0.0148458 -0.000624866 0.999889 0.843025 
0.999892 0.000379989 0.0146837 0.0125613 -0.00036582 0.999999 -0.000967278 -0.0147114 -0.0146841 0.000961807 0.999892 0.824688 
0.999868 -0.000173237 0.0162591 0.0216846 0.000195608 0.999999 -0.00137478 -0.0135447 -0.0162588 0.00137779 0.999867 0.827232 
0.999795 0.00131236 0.0202109 0.0263247 -0.00129664 0.999999 -0.000790915 -0.0232388 -0.0202119 0.000764551 0.999795 0.843775 
0.999634 0.00273411 0.0269313 0.00658703 -0.00269932 0.999995 -0.00132802 -0.0128033 -0.0269349 0.00125484 0.999636 0.829876 
0.999523 0.00214622 0.0308015 0.0285306 -0.00213433 0.999998 -0.000419139 -0.0129484 -0.0308023 0.000353196 0.999525 0.841082 
0.999462 0.000566496 0.032806 0.0395651 -0.000564871 1 -5.87617e-05 -0.0174076 -0.032806 4.01986e-05 0.999462 0.842222 
0.99941 -0.000184394 0.0343559 0.0369062 0.000206534 1 -0.000640788 -0.0175884 -0.0343558 0.000647507 0.999409 0.839355 
0.999401 -0.000266124 0.0346002 0.0238209 0.000306945 0.999999 -0.00117449 -0.0146526 -0.0345998 0.00118441 0.9994 0.868963 
0.999443 0.000211112 0.0333764 0.0298662 -0.000140613 0.999998 -0.00211477 -0.0180248 -0.0333768 0.00210888 0.999441 0.829937 
0.999446 0.000829944 0.0332873 0.026165 -0.000734804 0.999996 -0.00287031 -0.0167323 -0.0332895 0.00284427 0.999442 0.854612 
0.999463 -0.00479995 0.0324184 0.0402994 0.00492364 0.999981 -0.0037365 -0.0214254 -0.0323999 0.00389411 0.999467 0.847401 
0.999485 -0.00594466 0.03154 0.0439272 0.00611421 0.999967 -0.00528185 -0.0151092 -0.0315076 0.00547198 0.999488 0.843573 
0.999522 -0.00747597 0.0300116 0.0430822 0.00762624 0.999959 -0.00489605 -0.0184804 -0.0299737 0.00512259 0.999538 0.826511 
0.999549 -0.0068604 0.0292512 0.0447798 0.00698764 0.999967 -0.00425014 -0.0169274 -0.0292211 0.00445262 0.999563 0.850986 
0.999556 -0.00917621 0.0283385 0.0413666 0.00929311 0.999949 -0.00399603 -0.0158587 -0.0283004 0.00425761 0.999591 0.839678 
0.99961 -0.00642941 0.027168 0.0425119 0.00666743 0.99994 -0.00867934 -0.0260915 -0.0271105 0.00885709 0.999593 0.843855 
0.999642 -0.0042515 0.0264218 0.0325356 0.00464506 0.999879 -0.0148521 -0.0207967 -0.0263554 0.0149695 0.999541 0.83095 
0.999658 -0.000703543 0.0261367 0.031354 0.00117329 0.999838 -0.0179617 -0.0197111 -0.0261197 0.0179862 0.999497 0.820858 
0.99964 0.000914374 0.0268191 0.0234394 -0.000486012 0.999872 -0.0159745 -0.0123591 -0.0268303 0.0159557 0.999513 0.839035 
0.999648 -0.00235218 0.0264252 0.0314331 0.00261297 0.999948 -0.00983863 -0.015316 -0.0264007 0.00990422 0.999602 0.830109 
0.999673 -0.00213077 0.0254957 0.0366802 0.00222996 0.99999 -0.00386291 -0.0108833 -0.0254873 0.0039185 0.999667 0.828629 
0.999689 -0.00224112 0.024823 0.0243988 0.00220771 0.999997 0.00137304 -0.00975943 -0.0248261 -0.00131781 0.999691 0.825665 
0.999742 -0.00206041 0.022621 0.0296459 0.00192868 0.999981 0.0058433 -0.0130615 -0.0226326 -0.00579817 0.999727 0.824335 
0.999769 -0.00682337 0.0203871 0.0311241 0.00672096 0.999964 0.00508756 -0.0130565 -0.020421 -0.00494937 0.999779 0.822638 
0.999882 -0.00166337 0.0152395 0.0231075 0.00165575 0.999999 0.00051325 -0.0176051 -0.0152404 -0.000487959 0.999884 0.807453 
0.999909 -0.00404084 0.0128661 0.017458 0.00407806 0.999987 -0.00286891 -0.0196836 -0.0128544 0.00292112 0.999913 0.807989 
0.999935 -3.70685e-05 0.0114462 0.0132732 6.82073e-05 0.999996 -0.00272033 -0.0140879 -0.011446 0.00272093 0.999931 0.797792 
0.999908 0.00634421 0.0120176 -0.000200272 -0.00630941 0.999976 -0.00293167 -0.0199254 -0.012036 0.00285558 0.999924 0.808559 
0.999916 0.00118304 0.0129081 0.00484657 -0.00119669 0.999999 0.00105039 -0.0129323 -0.0129068 -0.00106575 0.999916 0.802658 
0.999943 -0.00192676 0.0104694 0.01087 0.0019332 0.999998 -0.000605529 -0.0109766 -0.0104681 0.000625736 0.999945 0.793182 
0.999961 -0.00183946 0.00859436 0.00967979 0.00185837 0.999996 -0.00219281 -0.00616336 -0.00859028 0.00220871 0.999961 0.818527 
0.99999 -0.0015208 0.00416037 0.00372505 0.00153109 0.999996 -0.00247153 -0.0116565 -0.00415647 0.00247787 0.999988 0.8228 
1 0.000824298 -0.00010559 -0.0101833 -0.00082461 0.999995 -0.00301757 -0.00457072 0.000103116 0.00301765 0.999995 0.833035 
0.999991 -0.00232195 -0.00366113 -0.00124931 0.00232596 0.999997 0.00109314 -0.00727916 0.00365847 -0.00110164 0.999993 0.844913 
0.999971 0.0014945 -0.00746244 -0.00490952 -0.00149122 0.999999 0.000443596 -0.0109158 0.00746316 -0.000432455 0.999972 0.872128 
0.999964 0.00170495 -0.00826406 -0.0173759 -0.00170045 0.999998 0.000551622 -0.00770354 0.00826487 -0.000537559 0.999966 0.893147 
0.999962 0.00132628 -0.00857762 -0.0142441 -0.00132873 0.999999 -0.00028059 -0.00793481 0.00857744 0.000291979 0.999963 0.897156 
0.999969 0.00205405 -0.00764498 -0.00702477 -0.00205234 0.999998 0.000231017 -0.0087564 0.00764537 -0.000215329 0.999971 0.915798 
0.999978 0.00445883 -0.00486436 -0.0193481 -0.00445842 0.99999 9.46496e-05 -0.00557971 0.00486469 -7.29512e-05 0.999988 0.924015 
0.999987 0.00467468 -0.00189123 -0.0141201 -0.00467314 0.999989 0.000821304 -0.00878787 0.00189513 -0.000812452 0.999998 0.949436 
0.999997 0.00217476 0.000564635 -0.0128021 -0.00217569 0.999996 0.00164095 -0.018137 -0.000561148 -0.00164217 0.999998 0.963123 
0.999999 0.00106803 0.00099498 -0.00418663 -0.00106869 0.999999 0.000663978 -0.0112324 -0.000994325 -0.000665051 0.999999 0.976498 
1 0.000322061 0.000487775 -0.00431824 -0.000322381 1 0.000653746 -0.00955844 -0.000487447 -0.000653907 1 1.0029 
1 0.000112244 -0.000100583 -0.00134087 -0.000112207 1 0.000349013 -0.00860715 0.000100672 -0.000348998 1 1.00698 
1 1.30823e-05 0.000576466 -0.00830841 -1.38655e-05 0.999999 0.00135015 -0.0128706 -0.000576586 -0.00135015 0.999999 1.01242 
1 -0.000309926 -0.00019154 -0.00135612 0.000309993 1 0.00033318 -0.015336 0.00019145 -0.000333228 1 1.0299 
0.999998 0.00213739 0.00012362 -0.00383568 -0.00213745 0.999998 0.000449612 -0.0101993 -0.000122666 -0.00044988 1 1.04005 
0.999999 0.00113699 0.000167698 -0.0101299 -0.00113708 0.999999 0.000573309 -0.0165833 -0.000167072 -0.000573508 1 1.01902 
0.999999 0.000991446 -0.000613362 -0.007658 -0.000991313 1 0.000226825 -0.0183439 0.000613451 -0.000226208 1 1.03278 
0.999999 0.000263951 -0.00165671 0.000335693 -0.000261293 0.999999 0.0016037 -0.0143533 0.0016571 -0.00160326 0.999997 1.03075 
0.999996 -0.000208656 -0.00278869 -0.0022068 0.000215749 0.999997 0.00254228 -0.0168313 0.00278825 -0.00254287 0.999993 1.02526 
0.999997 -0.000457251 -0.00246888 -0.0101833 0.000462487 0.999998 0.00212335 -0.0226701 0.00246766 -0.00212449 0.999995 1.01331 
0.999995 -0.000429602 -0.00301874 -0.00520515 0.00043074 1 0.000375766 -0.0173336 0.00301868 -0.00037706 0.999995 1.02223 
0.999998 0.000181043 -0.00199294 -0.00989342 -0.00018136 1 -0.000160364 -0.0204232 0.00199303 0.000160713 0.999998 1.01623 
0.999999 -0.000352236 -0.00147009 0.00203514 0.0003514 1 -0.000564236 -0.0175192 0.00147018 0.000563729 0.999999 1.02222 
1 0.00017665 0.000969321 -0.00353813 -0.000174829 0.999998 -0.00188103 -0.0202515 -0.000969738 0.00188086 0.999998 1.00646 
0.999992 0.00178332 0.00349316 -0.00603676 -0.00177374 0.999995 -0.00274049 -0.0220124 -0.00349793 0.00273427 0.99999 1.00398 
0.999986 0.00171161 0.00510344 0.000764847 -0.00170332 0.999997 -0.00162711 -0.0137391 -0.00510618 0.00161839 0.999986 1.01899 
0.999978 -0.00138682 0.00654057 0.00274086 0.00137036 0.999996 0.00251971 -0.0177404 -0.00654411 -0.00251069 0.999976 1.00232 
0.999979 -0.000835546 0.0063757 0.0051403 0.000814711 0.999994 0.00326978 -0.0193853 -0.00637835 -0.00326452 0.999974 0.998867 
0.999976 0.00315995 0.00613049 -0.00505447 -0.00316464 0.999995 0.000755584 -0.0125799 -0.00612807 -0.000774977 0.999981 1.00647 
0.999979 -0.00221748 0.00601542 0.00283432 0.00223252 0.999994 -0.00249473 -0.0213938 -0.00600988 0.00250811 0.999979 0.993649 
0.99998 -0.00047876 0.00627425 -0.000570297 0.000491974 0.999998 -0.00210435 -0.0112286 -0.00627318 0.00210739 0.999978 0.991367 
0.999984 0.00211116 0.00534171 -0.00152016 -0.00210001 0.999996 -0.00209174 -0.0202122 -0.00534606 0.00208049 0.999984 0.978188 
0.99999 0.00121626 0.0043551 0.00157738 -0.00121276 0.999999 -0.000805839 -0.0197313 -0.00435618 0.000800547 0.99999 0.97644 
0.999992 2.67141e-05 0.00410458 -0.00290298 -3.29213e-05 0.999999 0.00151138 -0.0215987 -0.00410455 -0.0015115 0.999991 0.973328 
0.999996 -0.00158948 0.00235492 0.00775719 0.00156996 0.999964 0.00826583 -0.00483108 -0.00236815 -0.00826209 0.999963 0.987724 
0.999995 0.000985244 0.00298038 -0.00430298 -0.00101557 0.999947 0.0101934 -0.0181051 -0.00296998 -0.0101963 0.999943 0.977394 
0.999997 -0.00114603 0.00214037 -0.00351524 0.00114117 0.999997 0.00226871 -0.0211029 -0.00214288 -0.00226626 0.999995 0.974701 
0.999999 -0.000613582 0.00143257 -0.00149536 0.00062099 0.999986 -0.00517074 -0.0269342 -0.00142932 0.00517162 0.999986 0.959122 
0.999998 -0.00141053 0.00107378 0.000804901 0.00141784 0.999976 -0.00683745 -0.0114166 -0.00106403 0.00683897 0.999976 0.951736 
0.999984 -0.00550852 0.00093174 0.00358009 0.00550907 0.999985 -0.000600643 -0.0176182 -0.000928462 0.000605758 0.999999 0.947304 
0.999994 -0.00346037 -0.000264615 0.00833702 0.00346054 0.999994 0.000631621 -0.0173067 0.000262469 -0.000632535 1 0.961205 
0.999999 0.00155759 -0.000281602 -0.0109501 -0.00155672 0.999994 0.00303811 -0.0106585 0.000286371 -0.00303767 0.999995 0.959328 
0.999997 0.00216946 -0.00038287 -0.0118599 -0.00216772 0.999987 0.00450857 -0.00710559 0.000392526 -0.00450772 0.99999 0.931679 
0.999996 0.00249671 -0.0010637 -0.0100651 -0.00248946 0.999974 0.00676482 -0.0237977 0.00108066 -0.00676215 0.999976 0.939278 
0.999965 0.00838712 -1.61827e-05 -0.0270329 -0.00838711 0.999964 0.000870708 -0.014843 2.35736e-05 -0.000870541 1 0.942238 
0.999974 0.00686281 -0.00222763 -0.0152607 -0.00685954 0.999976 0.00147099 -0.0154899 0.00223774 -0.00145567 0.999996 0.936325 
0.999995 -0.00259716 -0.00187257 -0.00989532 0.00259933 0.999996 0.00115588 -0.0152851 0.00186953 -0.00116074 0.999998 0.94577 
0.99998 -0.0048536 -0.00402591 0.001194 0.0048497 0.999988 -0.00097765 -0.0256938 0.00403056 0.000958107 0.999991 0.947929 
0.999982 -0.0017057 -0.00580582 -0.0133667 0.00168971 0.999995 -0.00275817 -0.00889945 0.00581044 0.00274831 0.999979 0.91568 
0.999941 -0.0054296 -0.00935385 -0.00150299 0.00543643 0.999985 0.000705001 -0.0155104 0.00934994 -0.000755815 0.999956 0.932541 
0.999927 -0.0078267 -0.00922605 -0.0024128 0.00783272 0.999969 0.000616187 -0.0213766 0.00922087 -0.000688403 0.999957 0.938629 
0.999937 0.00303061 -0.0107876 -0.0217056 -0.00303628 0.999995 -0.000509697 -0.011125 0.010786 0.000542423 0.999942 0.927116 
0.999917 0.00158175 -0.0128203 -0.0229168 -0.00155914 0.999997 0.00177357 -0.0133586 0.012823 -0.00175344 0.999916 0.945625 
0.999913 -9.89977e-05 -0.0132087 -0.0205288 0.000155283 0.999991 0.00426022 -0.0172734 0.0132082 -0.0042619 0.999904 0.922447 
0.999927 0.000182139 -0.0120749 -0.0222893 -0.000169157 0.999999 0.00107589 -0.0208793 0.0120752 -0.00107376 0.999927 0.919502 
0.99991 -0.000141861 -0.0133844 -0.0216045 0.000155522 1 0.00101959 -0.011904 0.0133842 -0.00102158 0.99991 0.913864 
0.999914 -0.00151451 -0.01306 -0.0205269 0.0015098 0.999999 -0.000370752 -0.0176463 0.0130606 0.000351005 0.999915 0.940323 
0.999895 0.0013072 -0.0144349 -0.0030632 -0.0013776 0.999987 -0.00486874 -0.0186964 0.0144283 0.00488811 0.999884 0.930504 
0.999922 -0.00308757 -0.012104 -0.0200186 0.00298136 0.999957 -0.00878345 -0.0170336 0.0121306 0.00874668 0.999888 0.906975 
0.999894 0.000367608 -0.0145774 -0.0119534 -0.000438584 0.999988 -0.00486588 -0.0114561 0.0145754 0.00487176 0.999882 0.916069 
0.999922 0.00240064 -0.0122918 -0.0145512 -0.00235845 0.999991 0.00344605 -0.0118923 0.0123 -0.00341679 0.999918 0.934891 
0.999913 0.000621236 -0.013146 -0.0201588 -0.000577141 0.999994 0.00335756 -0.0156918 0.0131479 -0.00334969 0.999908 0.902184 
0.999941 0.00238812 -0.010639 -0.0199757 -0.00240793 0.999995 -0.00184854 -0.0199271 0.0106345 0.00187405 0.999942 0.90303 
0.999961 0.00445549 -0.00761446 -0.0179682 -0.00450266 0.999971 -0.00618946 -0.0234108 0.00758669 0.0062235 0.999952 0.913429 
0.999959 0.00713736 -0.00551713 -0.0183201 -0.00718117 0.999943 -0.00796161 -0.0103531 0.00546005 0.0080009 0.999953 0.88826 
0.999992 0.00194746 -0.00355646 -0.016325 -0.00195844 0.999993 -0.00308674 -0.0127579 0.0035505 0.00309369 0.999989 0.899231 
0.999991 9.73828e-05 -0.00416639 -0.00794315 -9.67551e-05 1 0.000150277 -0.0189277 0.00416636 -0.000149882 0.999991 0.905159 
0.999986 0.00175186 -0.00507662 -0.0152726 -0.00175463 0.999998 -0.000540134 -0.0120522 0.00507557 0.000549041 0.999987 0.892792 
0.999977 0.00151312 -0.00660074 -0.00923586 -0.00148783 0.999991 0.00383415 -0.0129404 0.00660655 -0.00382426 0.999971 0.906425 
0.999984 0.000821782 -0.00564638 -0.00925684 -0.000799438 0.999992 0.00395805 -0.0143368 0.00564954 -0.00395348 0.999976 0.916061 
0.99998 0.00212342 -0.00603405 -0.015089 -0.00210834 0.999995 0.00250368 -0.0150124 0.00603935 -0.00249091 0.999979 0.893356 
0.999951 0.00734945 -0.00657505 -0.0191226 -0.00735285 0.999973 -0.000493333 -0.0228335 0.00657117 0.000541649 0.999978 0.916077 
0.999951 0.00731814 -0.00673693 -0.0225995 -0.0073395 0.999968 -0.00315079 -0.0107772 0.00671369 0.00320007 0.999972 0.888542 
0.999972 -0.00246189 -0.00707886 -0.0105386 0.00243817 0.999991 -0.00335709 -0.0184268 0.00708708 0.00333973 0.999969 0.890869 
0.999971 -0.00189418 -0.00736284 -0.00803447 0.00187428 0.999995 -0.00270965 -0.0123019 0.00736794 0.00269578 0.999969 0.898705 
0.999974 0.000949431 -0.00721419 -0.0071708 -0.000940789 0.999999 0.00120366 -0.00705707 0.00721535 -0.00119685 0.999973 0.905708 
0.999975 0.000201881 -0.00706705 -0.0148548 -0.000165414 0.999987 0.00515969 -0.0131433 0.00706798 -0.00515839 0.999962 0.896767 
0.999969 0.000379059 -0.00783268 -0.00650388 -0.000357881 0.999996 0.00270495 -0.0182369 0.00783372 -0.00270205 0.999966 0.905106 
0.999977 0.00237519 -0.00636008 -0.0158803 -0.00240143 0.999989 -0.00412288 -0.0126205 0.00635022 0.00413806 0.999971 0.890022 
0.999977 -0.000677664 -0.00671458 -0.0126224 0.000660863 0.999997 -0.00250481 -0.0171277 0.00671613 0.00250032 0.999974 0.891563 
0.999973 0.00191195 -0.0070942 -0.0150895 -0.0019199 0.999997 -0.00111572 -0.011361 0.00709209 0.00112931 0.999974 0.887001 
0.999974 -0.000644762 -0.00714406 -0.0108824 0.000649001 1 0.000592625 -0.0142001 0.00714356 -0.000597241 0.999974 0.896286 
0.999955 -0.00440891 -0.00839353 -0.00570345 0.00442038 0.999989 0.00134896 -0.0149381 0.00838763 -0.001386 0.999964 0.889259 
0.999963 -0.0031728 -0.00799406 -0.00375795 0.00316964 0.999995 -0.000407382 -0.0149208 0.00799526 0.000382025 0.999968 0.88839 
0.999975 -0.0014145 -0.00696632 -0.00713062 0.0014124 0.999999 -0.000307169 -0.0139959 0.00696678 0.000297318 0.999976 0.892433 
0.99996 0.00584728 -0.00669096 -0.025732 -0.00584842 0.999983 -0.000149706 -0.0155231 0.00668991 0.000188834 0.999977 0.894142 
0.999972 0.00381565 -0.00641164 -0.0146394 -0.00380892 0.999992 0.00106205 -0.0155321 0.00641567 -0.00103759 0.999979 0.88839 
0.999987 -0.00265941 -0.00439587 -0.010993 0.0026613 0.999996 0.000423728 -0.00826299 0.00439468 -0.000435431 0.99999 0.889046 
0.999986 -0.00225191 -0.00489265 0.00160885 0.00225352 0.999997 0.00032155 -0.0179937 0.00489192 -0.000332572 0.999988 0.880089 
0.999986 -0.000835042 -0.00531355 -0.00316906 0.000828378 0.999999 -0.00125665 -0.0116385 0.00531463 0.00125224 0.999985 0.893005 
0.999962 -0.00637722 -0.00594454 -0.00299358 0.00638966 0.999977 0.00207602 -0.0091697 0.00593112 -0.00211393 0.99998 0.887299 
0.999964 -0.0072003 -0.0045851 -0.00565338 0.00721381 0.99997 0.00293533 -0.0129474 0.00456387 -0.0029683 0.999985 0.897636 
0.999986 -0.00136295 -0.00510953 -0.000893593 0.00136941 0.999998 0.00126279 -0.0186737 0.00510776 -0.00126977 0.999986 0.879875 
0.99999 0.00169011 -0.00417906 -0.00871468 -0.00170006 0.999996 -0.00237893 -0.00842655 0.00417504 0.00238601 0.999988 0.903374 
0.999992 0.0014401 -0.00375824 -0.00805092 -0.00144807 0.999997 -0.00211847 -0.0107107 0.00375521 0.00212389 0.999991 0.887024 
0.999994 0.0028313 -0.00215825 -0.00733185 -0.00283122 0.999996 4.24385e-05 -0.015662 0.00215834 -3.63216e-05 0.999998 0.891075 
0.999999 7.98926e-05 -0.00104971 -0.00365257 -7.85999e-05 0.999999 0.00122892 -0.0125545 0.0010498 -0.00122885 0.999999 0.895966 
0.999999 -0.00111918 -0.000388622 -0.0108423 0.00112116 0.999986 0.00509938 -0.0120175 0.0003829 -0.00509981 0.999987 0.89563 
0.999998 0.00146533 -0.000849828 -0.00730705 -0.00146138 0.999988 0.00463787 -0.0130641 0.000856623 -0.00463663 0.999989 0.88797 
0.999999 -0.00084676 -0.00123483 0.00078392 0.000849387 0.999997 0.00212691 -0.0183356 0.00123304 -0.00212796 0.999997 0.87709 
0.999999 -0.00045904 -0.00123762 -0.00502014 0.000453223 0.999989 -0.00469068 -0.0157794 0.00123973 0.00469012 0.999988 0.86969 
1 0.000132727 0.000291124 -0.00708961 -0.000131585 0.999992 -0.00392235 -0.012114 -0.000291646 0.00392231 0.999992 0.869308 
0.999994 0.00366127 8.84235e-05 -0.0112362 -0.00366131 0.999993 0.000442077 -0.0127586 -8.67844e-05 -0.000442395 1 0.873901 
0.999999 0.00118149 -0.000825688 -0.00420666 -0.00118112 0.999999 0.000445078 -0.0189736 0.00082621 -0.000444109 1 0.85585 
0.999991 -0.0041797 -0.00075835 0.00619411 0.00417981 0.999991 0.000144423 -0.0150296 0.000757709 -0.000147589 1 0.854233 
0.999998 0.00155107 -0.00144659 0.00210667 -0.00155585 0.999993 -0.00331506 -0.0095374 0.00144146 0.00331731 0.999993 0.849182 
0.999966 0.00819135 0.000749737 -0.0210981 -0.00818961 0.999964 -0.00229209 -0.0181455 -0.000768468 0.00228587 0.999997 0.847595 
0.999977 0.00676171 -0.00097324 -0.0128956 -0.00676388 0.999975 -0.00223592 -0.016616 0.00095807 0.00224245 0.999997 0.848709 
0.999994 -0.0033445 -0.000338063 -0.00170898 0.00334344 0.999989 -0.00313722 -0.0140758 0.000348523 0.00313607 0.999995 0.839493 
0.999999 -0.0012493 -0.000148222 -0.0035181 0.00124916 0.999999 -0.000752958 -0.0154634 0.000149146 0.000752774 1 0.845062 
0.999998 0.000917122 -0.00184062 -0.00600624 -0.00091951 0.999999 -0.00130094 -0.0116941 0.00183946 0.00130261 0.999997 0.834534 
0.999955 -0.00931621 -0.00175296 0.00693989 0.00931994 0.999954 0.0021355 -0.0112367 0.00173299 -0.00215174 0.999996 0.846878 
0.999969 -0.00699154 -0.00368336 0.00952625 0.00700768 0.999966 0.00438551 -0.0150203 0.00365259 -0.00441118 0.999984 0.835144 
0.999993 -0.00320262 -0.00179999 -0.000220299 0.00321312 0.999978 0.0058641 -0.0163901 0.00178114 -0.00586984 0.999981 0.828644 
0.999992 -0.00169025 -0.00370443 -0.00269508 0.00169195 0.999998 0.000454874 -0.0147112 0.00370368 -0.000461135 0.999993 0.826828 
0.999986 -0.00145676 -0.00515772 -0.00119305 0.00143328 0.999989 -0.0045531 -0.0223157 0.0051643 0.00454564 0.999976 0.814224 
0.999979 -0.000992285 -0.00645082 -0.00978279 0.000971286 0.999994 -0.00325708 -0.0121945 0.00645404 0.00325074 0.999974 0.806046 
0.999967 -0.000367045 -0.00813043 -0.0132294 0.000359165 1 -0.000970996 -0.00523338 0.0081308 0.000968052 0.999967 0.807724 
0.999953 -0.00161324 -0.00960444 -0.0118465 0.00165868 0.999987 0.00472469 -0.00924391 0.00959668 -0.0047404 0.999943 0.805481 
0.999924 -0.00384027 -0.0116791 -0.0117455 0.00386465 0.99999 0.00206585 -0.0163823 0.0116711 -0.00211083 0.99993 0.800873 
0.999887 -0.00510338 -0.0141602 -0.00758553 0.00507271 0.999985 -0.00220113 -0.0124851 0.0141713 0.00212905 0.999897 0.796249 
0.999898 0.000128598 -0.0142628 -0.0164051 -0.000144274 1 -0.00109796 -0.0113699 0.0142626 0.00109991 0.999898 0.791916 
0.999903 -0.00139998 -0.0138544 -0.0150127 0.00140262 0.999999 0.00018099 -0.0133259 0.0138541 -0.000200413 0.999904 0.787872 
0.999908 -0.00139811 -0.0134798 -0.0159245 0.00137809 0.999998 -0.00149395 -0.0159857 0.0134819 0.00147525 0.999908 0.784073 
0.999901 0.0022 -0.0138777 -0.0208759 -0.00228903 0.999977 -0.00640267 -0.0224889 0.0138633 0.0064338 0.999883 0.771088 
0.999894 0.0064004 -0.0130973 -0.0254745 -0.00652617 0.999933 -0.00958319 -0.0122861 0.0130351 0.00966764 0.999868 0.765198 
0.999899 0.00340784 -0.013783 -0.0264626 -0.00351873 0.999962 -0.00802867 -0.0087893 0.0137552 0.00807638 0.999873 0.767059 
0.999914 4.10378e-05 -0.0131272 -0.0174561 -5.17452e-05 1 -0.000815508 -0.00500655 0.0131272 0.000816119 0.999914 0.766586 
0.999919 0.00295253 -0.0123697 -0.0174446 -0.0029074 0.999989 0.0036643 -0.00703931 0.0123804 -0.00362804 0.999917 0.776306 
0.999935 0.003333 -0.0109051 -0.0209923 -0.0033051 0.999991 0.00257544 -0.0161231 0.0109136 -0.00253922 0.999937 0.766129 
0.999954 0.00405718 -0.00870454 -0.0215416 -0.00411369 0.99997 -0.00648373 -0.0190773 0.00867798 0.00651922 0.999941 0.759979 
0.999972 0.00273749 -0.00703879 -0.01371 -0.00279441 0.999963 -0.00809024 -0.00848866 0.00701638 0.00810968 0.999942 0.748581 
0.999992 0.00233485 -0.00333076 -0.00546646 -0.00234308 0.999994 -0.00246692 -0.00615025 0.00332498 0.00247472 0.999991 0.753174 
0.999997 0.00237382 3.65684e-05 -0.00690842 -0.00237396 0.999987 0.0045445 -0.0062418 -2.57827e-05 -0.00454459 0.99999 0.75705 
0.999997 0.00211682 0.00157357 -0.00218582 -0.00212389 0.999987 0.00451555 -0.0166464 -0.001564 -0.00451886 0.999989 0.759186 
0.999995 -0.00122705 0.00308432 0.00194168 0.00121792 0.999995 0.00296015 -0.00846338 -0.00308793 -0.00295638 0.999991 0.750748 
0.999995 -0.00127859 0.00282804 0.00255203 0.00127979 0.999999 -0.000426385 -0.00658655 -0.00282749 0.000430008 0.999996 0.741699 
0.999991 -0.00178836 0.00379537 0.00533295 0.00178942 0.999999 -0.000272813 -0.0123062 -0.00379488 0.000279602 0.999993 0.758926 
0.999989 0.00103556 0.00462053 -0.000843048 -0.00104181 0.999999 0.00134932 -0.0112653 -0.00461912 -0.00135411 0.999988 0.741791 
0.999984 0.00113583 0.00553996 -0.00101471 -0.00113289 0.999999 -0.00053497 -0.00505543 -0.00554057 0.000528677 0.999985 0.73645 
0.999983 0.00216368 0.00545931 0.00857925 -0.00217389 0.999996 0.00186707 -0.00777817 -0.00545525 -0.00187891 0.999983 0.754333 
0.999982 -0.0018415 0.00576433 0.00711823 0.00182522 0.999994 0.00282759 -0.0151772 -0.00576951 -0.00281701 0.999979 0.738907 
0.999983 0.00135275 0.00561319 -0.000225067 -0.00135294 0.999999 2.76621e-05 -0.011251 -0.00561316 -3.52724e-05 0.999984 0.742523 
0.999984 0.00207052 0.00531657 -0.00245285 -0.00206134 0.999996 -0.00172937 -0.00648856 -0.00532013 0.00171839 0.999984 0.726181 
0.999996 -0.000884265 0.00287079 0.0150948 0.000890102 0.999998 -0.00203146 -0.0184057 -0.00286898 0.00203401 0.999994 0.7453 
0.999996 0.000111282 0.00266188 0.0023613 -0.00010547 0.999997 -0.00218864 -0.0119977 -0.00266213 0.00218836 0.999994 0.721115 
0.999995 -0.00309391 0.00110783 0.00910187 0.00309547 0.999994 -0.00141209 -0.00961161 -0.00110346 0.00141551 0.999999 0.719223 
0.999996 -0.00274836 -0.000198193 -0.000679016 0.00274861 0.999996 0.00126767 -0.00623083 0.000194721 -0.00126822 0.999999 0.727371 
0.999982 -0.00413291 -0.00436017 0.00756454 0.00415137 0.999982 0.00423404 -0.0139866 0.00434258 -0.00425207 0.999982 0.735077 
0.99997 -0.00115402 -0.00763837 -0.00600815 0.00115605 0.999999 0.000260537 -0.0153418 0.00763808 -0.000269353 0.999971 0.704041 
0.999939 -0.0029944 -0.010642 -0.0166016 0.00298226 0.999995 -0.00115664 -0.00985527 0.0106455 0.00112483 0.999943 0.69577 
0.999899 -0.00282894 -0.0139298 -0.0156059 0.00282861 0.999996 -4.32651e-05 -0.0109129 0.0139298 3.85796e-06 0.999903 0.694397 
0.999878 -0.000419648 -0.015618 -0.0128632 0.000458507 0.999997 0.00248495 -0.0115123 0.0156169 -0.00249182 0.999875 0.678391 
0.99986 0.00429138 -0.0161527 -0.0286903 -0.00421144 0.999979 0.00497977 -0.00969124 0.0161737 -0.00491105 0.999857 0.684845 
0.999864 0.000635285 -0.0165061 -0.0228157 -0.00052489 0.999978 0.00669125 -0.0102718 0.01651 -0.00668166 0.999842 0.686386 
0.999855 -0.000455532 -0.0170366 -0.0201874 0.000574235 0.999976 0.00696343 -0.00624907 0.017033 -0.0069722 0.99983 0.679184 
0.999846 -0.00019031 -0.0175643 -0.0220604 0.000317579 0.999974 0.00724318 -0.00981939 0.0175625 -0.00724765 0.999819 0.675278 
0.999851 0.00147439 -0.0172274 -0.0243187 -0.00137518 0.999983 0.00576896 -0.012943 0.0172357 -0.00574442 0.999835 0.666611 
0.999838 0.000898581 -0.0179685 -0.0232353 -0.000846682 0.999996 0.0028959 -0.0206196 0.017971 -0.00288022 0.999834 0.648941 
0.999841 -0.00160562 -0.0177568 -0.022377 0.00162775 0.999998 0.00123171 -0.012419 0.0177548 -0.00126042 0.999841 0.652115 
0.999843 0.000623601 -0.0176967 -0.0242462 -0.000614595 1 0.000514422 -0.00897312 0.017697 -0.000503459 0.999843 0.649139 
0.999853 0.00535461 -0.0162863 -0.0243149 -0.00532555 0.999984 0.00182716 -0.0121715 0.0162958 -0.00174016 0.999866 0.627151 
0.999887 0.00205465 -0.0148804 -0.023468 -0.00199315 0.999989 0.0041466 -0.0121207 0.0148888 -0.00411647 0.999881 0.641342 
0.999922 -0.00336175 -0.0119958 -0.0137253 0.00339622 0.99999 0.00285449 -0.00945592 0.0119861 -0.00289501 0.999924 0.635269 
0.999935 -0.00216553 -0.0111868 -0.0102997 0.00217412 0.999997 0.000755085 -0.0127292 0.0111851 -0.000779357 0.999937 0.630585 
0.999937 0.00461808 -0.0102405 -0.0170746 -0.00464984 0.999984 -0.0030793 -0.0159473 0.0102261 0.00312672 0.999943 0.619583 
0.999949 0.00384171 -0.00936151 -0.0200806 -0.00390038 0.999973 -0.00625579 -0.0154901 0.00933717 0.00629198 0.999937 0.610916 
0.999956 -0.000459336 -0.00940141 -0.00852966 0.000363898 0.999949 -0.0101515 -0.0117304 0.00940564 0.0101476 0.999904 0.599258 
0.999951 -0.00581344 -0.00798301 -0.00534058 0.00575823 0.99996 -0.00692052 -0.00863695 0.00802293 0.00687422 0.999944 0.618271 
0.999981 -0.000245729 -0.00617918 -0.014946 0.000257049 0.999998 0.00182895 -0.000163257 0.00617872 -0.0018305 0.999979 0.62674 
0.999976 0.0029108 -0.00624774 -0.0133667 -0.00285928 0.999962 0.00824143 0.000890255 0.00627147 -0.00822337 0.999947 0.625366 
0.999981 0.00403933 -0.00467864 -0.0121918 -0.00398309 0.99992 0.0119689 -0.00936544 0.00472656 -0.0119501 0.999917 0.639236 
0.999998 0.000168581 -0.00217482 -0.00476837 -0.00015026 0.999965 0.00841364 -0.0154505 0.00217625 -0.00841329 0.999962 0.629562 
0.999995 -0.00312013 -0.000959963 -0.000335693 0.0031203 0.999995 0.000174899 -0.01969 0.000959337 -0.000177891 1 0.627548 
0.999993 -0.00355104 -0.00097093 0.000267029 0.0035477 0.999988 -0.00342992 -0.00715828 0.000983149 0.00342646 0.999994 0.621246 
0.999991 -0.00366766 -0.00230831 0.00646973 0.00366696 0.999993 -0.000311313 -0.0065484 0.00230935 0.000302848 0.999997 0.626297 
0.999996 0.00228249 -0.00149956 -0.010704 -0.00227856 0.999994 0.00261839 0.000117302 0.00150552 -0.00261497 0.999995 0.635529 
0.999997 0.000566037 -0.00250769 -0.0111008 -0.000556288 0.999992 0.00388274 -0.00963688 0.00250983 -0.00388133 0.999989 0.642014 
0.999995 -0.000563912 -0.00326836 -0.00428009 0.000581224 0.999986 0.00529911 -0.0150595 0.00326526 -0.00530098 0.999981 0.623764 
0.999988 -0.00141276 -0.00463629 -0.00322723 0.001424 0.999996 0.00242207 -0.00793457 0.00463289 -0.00242865 0.999986 0.648544 
0.999977 -0.00173004 -0.00652167 -0.0113068 0.00174202 0.999997 0.00183048 -0.00618076 0.00651842 -0.0018418 0.999977 0.636871 
0.999966 -0.00137595 -0.00813624 -0.010994 0.00139981 0.999995 0.00292742 -0.0131927 0.00813219 -0.00293871 0.999963 0.652588 
0.999943 -0.00227179 -0.0104602 -0.00244141 0.00228399 0.999997 0.00115473 -0.0133171 0.0104575 -0.00117856 0.999945 0.646912 
0.999932 0.00186701 -0.0115141 -0.0190582 -0.00188709 0.999997 -0.00173397 -0.013711 0.0115108 0.00175559 0.999932 0.649078 
0.999928 0.001113 -0.0119851 -0.0202103 -0.00115228 0.999994 -0.00327113 -0.0131235 0.0119813 0.0032847 0.999923 0.65126 
0.999919 0.00102497 -0.0127149 -0.0150604 -0.00106091 0.999995 -0.00282018 -0.00892782 0.012712 0.00283344 0.999915 0.647339 
0.99992 -0.00136197 -0.0126189 -0.00974274 0.0013508 0.999999 -0.000893989 -0.00414991 0.0126201 0.000876874 0.99992 0.662247 
0.999925 -0.000783989 -0.0122482 -0.0117722 0.00081986 0.999995 0.00292418 -0.00495577 0.0122458 -0.002934 0.999921 0.677017 
0.999931 0.00194714 -0.0115483 -0.0246582 -0.0019247 0.999996 0.00195336 -0.0120821 0.0115522 -0.001931 0.999931 0.674149 
0.999925 0.00186973 -0.0120815 -0.0201721 -0.00185418 0.999997 0.00129778 -0.00907087 0.0120839 -0.00127528 0.999926 0.680161 
0.999938 0.00396623 -0.0103716 -0.0176163 -0.00393678 0.999988 0.00285675 -0.00860643 0.0103829 -0.00281574 0.999942 0.687286 
0.999965 0.00363709 -0.00752902 -0.019577 -0.00363297 0.999993 0.000561415 -0.00742388 0.00753102 -0.000534039 0.999971 0.687851 
0.999988 -0.000175156 -0.00493243 -0.00682831 0.000192378 0.999994 0.00348986 -0.0134492 0.00493169 -0.00349077 0.999982 0.698471 
0.999994 -0.00259361 -0.00226438 -0.00624084 0.00260008 0.999992 0.00286156 -0.00990486 0.00225693 -0.00286742 0.999993 0.706345 
0.999992 -0.00400356 0.000114262 0.00144196 0.0040039 0.999987 -0.00312566 -0.00683975 -0.000101656 0.00312609 0.999995 0.717606 
0.999998 -0.00152444 0.000947952 0.001297 0.00152554 0.999998 -0.00114527 -0.0102863 -0.000946224 0.00114672 0.999999 0.720734 
0.999996 -0.00288407 0.000715733 0.000701904 0.002886 0.999992 -0.00271516 -0.0108547 -0.000707924 0.00271721 0.999996 0.728363 
0.999992 -0.00406391 -5.61178e-05 0.00843811 0.00406394 0.999992 0.000542218 -0.00231075 5.39422e-05 -0.000542443 1 0.731445 
0.999992 -0.00389763 0.00114968 0.00856018 0.0038922 0.999981 0.00469793 -0.0095911 -0.00116798 -0.00469342 0.999988 0.736938 
0.999999 -0.000358162 0.00131738 0.000740051 0.000354225 0.999996 0.00298451 -0.0122576 -0.00131842 -0.00298404 0.999995 0.750046 
0.999998 -0.000879863 0.00168428 0.00206757 0.000875678 0.999996 0.0024818 -0.0150089 -0.00168651 -0.00248032 0.999995 0.747559 
0.999997 0.0018119 0.0013904 0.00115967 -0.00181234 0.999998 0.000318624 -0.00958061 -0.00138986 -0.000321138 0.999999 0.747284 
0.999997 0.00120762 0.00226665 -0.00276947 -0.001209 0.999999 0.000609985 -0.00825691 -0.00226581 -0.000612724 0.999997 0.751511 
0.999998 0.000717321 0.00172147 -0.000976562 -0.000716355 1 -0.00056186 -0.0189447 -0.00172189 0.000560624 0.999999 0.741394 
0.999999 -0.000453757 0.0011569 0.000236511 0.000458555 0.999991 -0.00415283 -0.0176964 -0.00115502 0.00415335 0.999991 0.737564 
1 -1.93808e-05 0.000440121 0.00267792 2.23052e-05 0.999978 -0.00664013 -0.00766277 -0.000440031 0.00664013 0.999978 0.746643 
0.999994 0.00281588 0.00173488 -0.009758 -0.00281151 0.999993 -0.00251538 -0.00374794 -0.00174183 0.00251049 0.999995 0.747696 
0.999999 5.76433e-05 0.00132281 0.00395966 -6.27786e-05 0.999992 0.0038885 -0.0163584 -0.00132269 -0.00388858 0.999992 0.757782 
0.999999 0.00116552 0.000678539 0.00614166 -0.00116846 0.99999 0.00433808 -0.0144463 -0.000673443 -0.00433887 0.99999 0.749161 
0.999987 0.00382987 0.00326255 -0.00673676 -0.00383279 0.999992 0.000887981 -0.0171347 -0.00325909 -0.000900473 0.999994 0.749084 
0.999978 0.00403047 0.00527614 -0.00932312 -0.00403503 0.999991 0.000853663 -0.0173178 -0.00527257 -0.000874938 0.999986 0.75946 
0.999973 -0.00111509 0.00722399 0.00609589 0.00110845 0.999999 0.000924249 -0.00577164 -0.0072251 -0.000916213 0.999973 0.747253 
0.999954 0.000122644 0.00961134 0.00984192 -0.000127114 1 0.00046431 -0.0231037 -0.00961128 -0.000465516 0.999954 0.743912 
0.99994 -0.00386025 0.0102486 0.0159912 0.00388607 0.999989 -0.00250086 -0.0119343 -0.0102389 0.00254055 0.999944 0.746033 
0.99994 0.00109127 0.010893 0.0164032 -0.00106322 0.999996 -0.00258054 -0.0167866 -0.0108956 0.00256881 0.999937 0.733353 
0.999922 0.00247294 0.0122139 0.00942993 -0.00247351 0.999997 3.06405e-05 -0.000471115 -0.0122137 -6.08452e-05 0.999925 0.739578 
0.999918 -0.00579255 0.0114291 0.0186157 0.00571251 0.999959 0.00702442 -0.0112886 -0.0114693 -0.00695855 0.99991 0.737625 
0.999947 -0.0046224 0.00919878 0.0105133 0.00455366 0.999962 0.00747974 -0.0164099 -0.00923291 -0.00743745 0.99993 0.737549 
0.999971 -0.000800032 0.00752893 0.00925446 0.00075746 0.999984 0.00565554 -0.0137548 -0.00753331 -0.00564968 0.999956 0.745026 
0.999976 0.0054267 0.00437245 -0.000587463 -0.00543812 0.999982 0.00260331 -0.0122614 -0.00435829 -0.00262703 0.999987 0.740997 
0.999997 -0.000571206 0.00240409 -0.000709534 0.0005675 0.999999 0.00154434 -0.0133266 -0.00240502 -0.00154297 0.999996 0.749985 
0.999998 -6.81989e-05 0.0018684 0.000686646 6.66343e-05 1 0.00083805 -0.0141954 -0.00186846 -0.000837928 0.999998 0.735291 
1 -0.000140071 0.000596404 0.0016861 0.000141189 0.999998 -0.00187653 -0.014102 -0.000596076 0.00187662 0.999998 0.742477 
0.999994 0.00347763 0.000793904 -0.00786591 -0.00347659 0.999993 -0.0013043 -0.00954914 -0.000798494 0.00130153 0.999999 0.746429 
0.999999 0.00143591 0.000134349 -0.0186691 -0.00143603 0.999999 0.000858283 -0.0116882 -0.000133157 -0.000858465 1 0.75853 
0.999998 0.000712018 -0.00172684 -0.00221252 -0.000709411 0.999998 0.00150677 -0.012455 0.00172797 -0.00150555 0.999997 0.750885 
0.999997 -0.00104311 -0.00224134 0.00510406 0.0010475 0.999997 0.00195229 -0.0203705 0.00223932 -0.00195464 0.999996 0.762283 
0.999993 -0.00322846 -0.00193474 0.00252533 0.00322897 0.999995 0.000255591 -0.014719 0.00193384 -0.000261834 0.999998 0.755753 
0.999996 -0.000446055 -0.00278509 -0.0118332 0.000448976 0.999999 0.00105051 -0.00762367 0.00278464 -0.00105176 0.999995 0.760452 
0.999989 0.00183819 -0.0042575 -0.0101547 -0.00182911 0.999996 0.00213453 -0.0135679 0.00426143 -0.00212672 0.999989 0.775208 
0.999982 0.00256943 -0.00540802 -0.011795 -0.00254368 0.999985 0.00476322 -0.0122595 0.00542021 -0.00474937 0.999974 0.781082 
0.999988 0.000189483 -0.00494486 -0.015892 -0.000166878 0.99999 0.00457143 -0.0161953 0.00494567 -0.00457054 0.999977 0.782822 
0.999988 0.00249516 -0.00429344 -0.00667572 -0.00249383 0.999997 0.000312626 -0.01544 0.00429419 -0.00030192 0.999991 0.764084 
0.999975 0.00531949 -0.00471902 -0.00908661 -0.00533411 0.999981 -0.00309222 -0.0198269 0.00470251 0.00311731 0.999984 0.78009 
0.999979 0.00489945 -0.0042021 -0.0214996 -0.00491934 0.999977 -0.00473588 -0.00873184 0.00417873 0.00475645 0.99998 0.780396 
0.999982 0.00313557 -0.00513461 -0.0113983 -0.00314412 0.999994 -0.00165681 -0.0108461 0.00512952 0.00167293 0.999985 0.777817 
0.999988 0.00223515 -0.00429529 -0.0147476 -0.0022308 0.999997 0.00101624 -0.0149002 0.00429755 -0.00100664 0.99999 0.787308 
0.999989 0.00154202 -0.00435504 -0.0117188 -0.00155037 0.999997 -0.00191328 -0.0147953 0.00435197 0.00192 0.999989 0.793365 
0.99999 0.00107288 -0.00441292 -0.00545502 -0.00108609 0.999995 -0.00298822 -0.0128736 0.0044097 0.00299298 0.999986 0.766495 
0.999988 0.000714824 -0.00493759 -0.0102997 -0.000714976 1 -3.03984e-05 -0.0120611 0.00493756 3.3943e-05 0.999988 0.796127 
0.99999 2.76193e-05 -0.00446075 -0.0115967 -2.03028e-05 0.999999 0.00164151 -0.016304 0.00446084 -0.0016414 0.999989 0.797775 
0.99998 -0.00418951 -0.00477946 -0.00287628 0.00418498 0.999991 -0.00095911 -0.0162258 0.00478348 0.000939092 0.999988 0.789261 
