1 0 0 0 0 1 0 0 0 0 1 0 
0.999874 -0.00147782 -0.0158192 -0.0085028 0.00149232 0.999999 0.000904701 0.00314211 0.0158178 -0.000928194 0.999875 -0.126611 
0.999764 -0.00286832 -0.0215442 -0.0116413 0.00285609 0.999996 -0.000598279 0.00100579 0.0215458 0.000536607 0.999768 -0.146769 
0.999628 -0.00172942 -0.0272317 -0.0182331 0.00168801 0.999997 -0.00154336 0.000579775 0.0272343 0.00149682 0.999628 -0.165082 
0.999423 3.79576e-05 -0.0339728 -0.0287957 -0.000121649 0.999997 -0.00246138 -9.74187e-05 0.0339726 0.00246409 0.99942 -0.175145 
0.999259 0.00281897 -0.0383803 -0.0356277 -0.00290302 0.999994 -0.00213439 0.00231812 0.038374 0.00224423 0.999261 -0.189585 
0.999188 0.00275706 -0.0401863 -0.0375894 -0.00276931 0.999996 -0.000249302 0.0001707 0.0401855 0.000360388 0.999192 -0.205715 
0.999015 -1.64257e-05 -0.0443656 -0.035883 -3.91209e-05 0.999999 -0.00125116 -0.00195391 0.0443655 0.00125167 0.999015 -0.218411 
0.998757 -0.000997371 -0.0498291 -0.031245 0.000850674 0.999995 -0.00296509 -0.0011507 0.0498319 0.00291901 0.998753 -0.233887 
0.998768 0.00129636 -0.0495961 -0.0429093 -0.00165719 0.999972 -0.00723497 0.00882146 0.0495853 0.00730825 0.998743 -0.234582 
0.998726 0.00694306 -0.0499905 -0.0539759 -0.00733785 0.999943 -0.00771817 0.00888383 0.0499341 0.00807515 0.99872 -0.249296 
0.998488 0.00383076 -0.0548384 -0.050712 -0.00404141 0.999985 -0.00373088 0.00649488 0.0548232 0.00394687 0.998488 -0.265211 
0.998323 -0.000302342 -0.0578879 -0.0428432 9.76725e-05 0.999994 -0.00353839 0.00465261 0.0578887 0.00352681 0.998317 -0.281347 
0.998324 -7.53161e-05 -0.0578754 -0.0441399 -0.000181112 0.99999 -0.00442536 0.00903414 0.057875 0.00442842 0.998314 -0.266663 
0.998194 0.0026871 -0.0600193 -0.0447672 -0.00291415 0.999989 -0.00369575 0.00407098 0.0600087 0.00386398 0.99819 -0.294948 
0.998127 0.00480086 -0.0609937 -0.0478887 -0.0050061 0.999982 -0.0032126 0.0142697 0.0609771 0.00351194 0.998133 -0.308221 
0.998199 0.00304122 -0.0599135 -0.0430359 -0.00316646 0.999993 -0.00199554 0.0064407 0.0599071 0.00218165 0.998202 -0.314669 
0.998265 0.00393466 -0.05876 -0.0440986 -0.00396624 0.999992 -0.000420831 0.00440474 0.0587581 0.000653164 0.998272 -0.338381 
0.998284 0.00154646 -0.0585456 -0.0337844 -0.00158838 0.999999 -0.000669379 0.00262597 0.0585444 0.000761226 0.998285 -0.373034 
0.998418 -0.00248805 -0.0561729 -0.0298499 0.00238462 0.999995 -0.0019083 0.00403094 0.0561773 0.00177133 0.998419 -0.37839 
0.998617 -0.000444718 -0.0525759 -0.0340465 0.000397217 1 -0.000913966 0.00299433 0.0525762 0.000891827 0.998616 -0.406055 
0.998804 0.000966951 -0.0488881 -0.0266151 -0.00100167 0.999999 -0.000685625 0.00139989 0.0488874 0.000733769 0.998804 -0.431944 
0.998941 0.000538656 -0.0460075 -0.0230647 -0.000632744 0.999998 -0.0020306 0.00708517 0.0460064 0.00205754 0.998939 -0.457343 
0.999092 -0.000614926 -0.0425963 -0.0244851 0.000607077 1 -0.000197092 0.0092041 0.0425963 0.000171065 0.999092 -0.47593 
0.999153 0.000977004 -0.0411296 -0.0212519 -0.000913823 0.999998 0.00155482 0.0036888 0.0411311 -0.00151592 0.999153 -0.503263 
0.999318 0.00338902 -0.0367548 -0.0267861 -0.00327988 0.99999 0.00302918 0.0027166 0.0367647 -0.00290655 0.99932 -0.52097 
0.999503 0.00368968 -0.031305 -0.0263495 -0.00357242 0.999987 0.00380095 -0.00132547 0.0313186 -0.00368722 0.999503 -0.542827 
0.999636 0.00254935 -0.0268725 -0.0193224 -0.00247617 0.999993 0.0027558 0.00235431 0.0268794 -0.00268825 0.999635 -0.578888 
0.999765 0.00205816 -0.0215726 -0.0147512 -0.0020319 0.999997 0.00123912 0.00140626 0.0215752 -0.001195 0.999767 -0.59865 
0.999879 0.00154534 -0.0154843 -0.00111103 -0.00154642 0.999999 -5.8441e-05 0.00478841 0.015484 8.23801e-05 0.99988 -0.643229 
0.999927 0.00124877 -0.0120217 -0.00507402 -0.00125775 0.999999 -0.000739849 0.000664145 0.0120208 0.000754902 0.999927 -0.660083 
0.999933 -0.000757543 -0.0115541 -0.000933409 0.000735991 0.999998 -0.00186945 -0.000305519 0.0115555 0.00186083 0.999932 -0.685411 
0.99994 -0.000669447 -0.0109712 -0.00122166 0.000642171 0.999997 -0.00248942 0.0118796 0.0109728 0.00248221 0.999937 -0.69291 
0.999941 -0.000767831 -0.0108425 0.00496292 0.000751447 0.999999 -0.00151522 0.00262865 0.0108437 0.001507 0.99994 -0.735074 
0.999945 -0.000371197 -0.0104866 -0.00334406 0.000349935 0.999998 -0.00202901 0.00667453 0.0104873 0.00202523 0.999943 -0.741981 
0.999936 0.000277795 -0.0112952 0.00780487 -0.000292409 0.999999 -0.00129233 0.00443134 0.0112948 0.00129556 0.999935 -0.775697 
0.999951 0.000594512 -0.00991474 -0.0133793 -0.000606988 0.999999 -0.0012558 0.00981449 0.00991401 0.00126175 0.99995 -0.773994 
0.999939 -0.00099019 -0.0110133 0.00292683 0.000955783 0.999995 -0.00312879 0.0128751 0.0110164 0.00311807 0.999934 -0.80655 
0.999929 -0.00103538 -0.011845 0.00418806 0.000992335 0.999993 -0.00363887 0.00787169 0.0118487 0.00362686 0.999923 -0.805379 
0.99993 0.000830246 -0.0118469 -0.00824404 -0.000874214 0.999993 -0.00370659 0.0118064 0.0118437 0.00371669 0.999923 -0.803439 
0.999908 -0.000556672 -0.0135469 0.00103188 0.000524146 0.999997 -0.00240411 0.0173677 0.0135482 0.00239679 0.999905 -0.808541 
0.99989 -4.42378e-05 -0.0148459 0.0119991 3.49674e-05 1 -0.000624859 0.0184661 0.0148459 0.000624279 0.99989 -0.842928 
0.999892 -0.000365825 -0.014684 -0.000454903 0.000379981 1 0.000961807 0.0139133 0.0146837 -0.000967274 0.999892 -0.824799 
0.999868 0.000195613 -0.0162589 -0.00822973 -0.00017323 0.999999 0.00137778 0.0124087 0.0162591 -0.00137479 0.999867 -0.827494 
0.999795 -0.00129664 -0.0202119 -0.00929689 0.00131236 0.999999 0.000764549 0.0225592 0.0202109 -0.00079092 0.999795 -0.844151 
0.999633 -0.00269932 -0.0269349 0.0157323 0.00273411 0.999995 0.00125484 0.0117439 0.0269314 -0.00132802 0.999636 -0.829769 
0.999523 -0.00213432 -0.0308023 -0.00263739 0.00214623 0.999998 0.000353196 0.0125902 0.0308015 -0.000419139 0.999525 -0.84157 
0.999462 -0.000564871 -0.032806 -0.0119228 0.000566496 1 4.01911e-05 0.0173515 0.032806 -5.8758e-05 0.999462 -0.843067 
0.999409 0.000206532 -0.0343558 -0.00804424 -0.000184398 1 0.000647503 0.0170518 0.0343559 -0.000640788 0.999409 -0.840141 
0.999401 0.000306945 -0.0345998 0.00626469 -0.000266125 0.999999 0.00118441 0.0136297 0.0346001 -0.0011745 0.999401 -0.869286 
0.999443 -0.000140613 -0.0333768 -0.00215149 0.000211116 0.999998 0.00210889 0.0162681 0.0333764 -0.00211475 0.999441 -0.830507 
0.999445 -0.000734804 -0.0332895 0.00228596 0.000829944 0.999996 0.00284426 0.0142798 0.0332872 -0.00287031 0.999442 -0.855057 
0.999463 0.00492364 -0.0323999 -0.0127172 -0.00479995 0.999981 0.00389411 0.0183188 0.0324184 -0.0037365 0.999467 -0.848339 
0.999485 0.0061142 -0.0315076 -0.017231 -0.00594466 0.999967 0.00547197 0.0107537 0.03154 -0.00528185 0.999489 -0.84461 
0.999522 0.00762625 -0.0299738 -0.0181456 -0.00747597 0.999959 0.00512259 0.0145678 0.0300116 -0.00489606 0.999538 -0.827517 
0.999548 0.00698764 -0.0292211 -0.0197744 -0.0068604 0.999967 0.00445262 0.0134451 0.0292512 -0.00425014 0.999563 -0.852001 
0.999556 0.00929311 -0.0283004 -0.017436 -0.00917621 0.999949 0.00425761 0.0126624 0.0283385 -0.00399603 0.999591 -0.840572 
0.99961 0.00666742 -0.0271105 -0.0194435 -0.00642941 0.99994 0.00885709 0.0188891 0.027168 -0.00867934 0.999593 -0.844893 
0.999642 0.00464507 -0.0263554 -0.0105267 -0.0042515 0.999879 0.0149695 0.00849366 0.0264218 -0.0148521 0.999541 -0.831738 
0.999658 0.00117329 -0.0261198 -0.00987816 -0.000703547 0.999838 0.0179862 0.00496602 0.0261366 -0.0179617 0.999497 -0.821617 
0.99964 -0.00048601 -0.0268303 -0.000925064 0.000914376 0.999872 0.0159557 -0.00105095 0.0268191 -0.0159745 0.999513 -0.839453 
0.999648 0.00261297 -0.0264006 -0.00946808 -0.00235219 0.999948 0.00990421 0.00716782 0.0264252 -0.00983863 0.999602 -0.830761 
0.999673 0.00222996 -0.0254873 -0.015522 -0.00213077 0.99999 0.0039185 0.00771427 0.0254958 -0.0038629 0.999667 -0.829329 
0.999689 0.00220771 -0.024826 -0.00387001 -0.00224112 0.999997 -0.00131781 0.0109019 0.0248231 0.00137304 0.999691 -0.826002 
0.999742 0.00192868 -0.0226326 -0.0109558 -0.0020604 0.999981 -0.00579816 0.0179019 0.022621 0.00584331 0.999727 -0.824707 
0.999769 0.00672096 -0.0204211 -0.0142307 -0.00682337 0.999964 -0.00494936 0.0173397 0.0203871 0.00508756 0.999779 -0.823025 
0.999882 0.00165574 -0.0152404 -0.0107708 -0.00166338 0.999998 -0.000487955 0.0180373 0.0152395 0.000513252 0.999884 -0.807701 
0.999909 0.00407807 -0.0128544 -0.00698853 -0.00404083 0.999988 0.00292112 0.0173938 0.0128662 -0.00286891 0.999913 -0.808199 
0.999934 6.82101e-05 -0.0114461 -0.00413895 -3.70685e-05 0.999996 0.00272093 0.0119174 0.0114461 -0.00272033 0.999931 -0.797922 
0.999908 -0.00630941 -0.0120358 0.00980568 0.00634421 0.999976 0.00285558 0.017617 0.0120177 -0.00293167 0.999924 -0.808552 
0.999916 -0.00119669 -0.0129068 0.00549507 0.00118304 0.999999 -0.00106575 0.0137818 0.0129081 0.00105039 0.999916 -0.802643 
0.999943 0.0019332 -0.0104682 -0.0025444 -0.00192676 0.999998 0.000625739 0.0105009 0.0104693 -0.000605526 0.999945 -0.793262 
0.999961 0.00185838 -0.00859022 -0.00263596 -0.00183946 0.999996 0.00220869 0.00437331 0.00859439 -0.00219282 0.999961 -0.818596 
0.99999 0.00153109 -0.0041565 -0.000284195 -0.00152081 0.999996 0.00247787 0.00962377 0.00416026 -0.00247153 0.999988 -0.822834 
1 -0.000824608 0.000103146 0.0100937 0.000824295 0.999995 0.00301766 0.00206542 -0.000105649 -0.00301756 0.999996 -0.833046 
0.999991 0.00232597 0.00365856 -0.00182152 -0.00232194 0.999997 -0.00110165 0.00820708 -0.00366107 0.00109313 0.999993 -0.844902 
0.999971 -0.00149123 0.00746307 -0.00161362 0.0014945 0.999999 -0.000432454 0.0113001 -0.0074625 0.000443594 0.999972 -0.872131 
0.999964 -0.00170045 0.00826499 0.00998116 0.00170496 0.999998 -0.000537548 0.00821304 -0.00826389 0.000551633 0.999966 -0.893253 
0.999962 -0.00132873 0.00857726 0.0065403 0.00132627 0.999999 0.00029198 0.00769186 -0.00857773 -0.000280591 0.999963 -0.897243 
0.999969 -0.00205234 0.0076454 1.90735e-06 0.00205404 0.999998 -0.000215314 0.00896859 -0.00764495 0.000231023 0.999971 -0.915821 
0.999978 -0.00445842 0.00486478 0.0148296 0.00445883 0.99999 -7.2957e-05 0.00573349 -0.00486436 9.46354e-05 0.999988 -0.924095 
0.999987 -0.00467313 0.00189507 0.0122814 0.00467468 0.999989 -0.000812453 0.00962496 -0.00189137 0.000821305 0.999998 -0.949459 
0.999998 -0.00217568 -0.000561059 0.0133038 0.00217476 0.999996 -0.00164218 0.0197463 0.000564724 0.00164095 0.999999 -0.963085 
0.999999 -0.00106869 -0.000994265 0.00514793 0.00106803 0.999999 -0.000665037 0.0118866 0.00099504 0.00066398 0.999999 -0.976482 
1 -0.00032238 -0.000487566 0.00480461 0.000322063 1 -0.000653899 0.010216 0.000487685 0.000653751 1 -1.00289 
1 -0.000112211 0.000100583 0.00123596 0.000112241 1 -0.000348999 0.00895858 -0.000100642 0.000349011 1 -1.00698 
1 -1.38562e-05 -0.000576437 0.00889015 1.30879e-05 0.999999 -0.00135016 0.0142376 0.000576586 0.00135015 0.999999 -1.01239 
1 0.000309992 0.00019145 0.00116539 -0.000309929 1 -0.000333242 0.0156786 -0.000191569 0.000333174 1 -1.02989 
0.999998 -0.00213745 -0.000122726 0.00393867 0.00213739 0.999998 -0.000449874 0.0106753 0.00012362 0.000449622 1 -1.04005 
0.999999 -0.00113709 -0.000167131 0.010273 0.00113699 0.999999 -0.000573505 0.017179 0.000167668 0.000573323 1 -1.01901 
0.999999 -0.000991311 0.000613511 0.00699997 0.00099145 0.999999 -0.000226218 0.0185857 -0.000613242 0.000226815 1 -1.03277 
0.999999 -0.000261296 0.0016571 -0.00205612 0.000263949 0.999999 -0.00160326 0.0160056 -0.00165668 0.0016037 0.999997 -1.03072 
0.999996 0.000215746 0.0027881 -0.000652313 -0.000208656 0.999997 -0.00254287 0.019437 -0.00278878 0.00254228 0.999993 -1.02522 
0.999997 0.000462493 0.0024679 0.00769043 -0.000457245 0.999998 -0.0021245 0.0248178 -0.00246859 0.00212335 0.999995 -1.01328 
0.999995 0.000430738 0.00301856 0.00212669 -0.000429603 1 -0.000377066 0.0177168 -0.00301886 0.000375767 0.999995 -1.02224 
0.999998 -0.000181363 0.00199294 0.00786591 0.00018104 1 0.000160727 0.0202619 -0.00199303 -0.000160347 0.999998 -1.01625 
0.999999 0.000351406 0.0014703 -0.00353432 -0.00035223 1 0.000563717 0.0169437 -0.00146997 -0.000564246 0.999999 -1.02223 
1 -0.000174826 -0.000969708 0.00450516 0.000176655 0.999998 0.00188085 0.0183588 0.00096938 -0.00188103 0.999998 -1.00648 
0.999992 -0.00177375 -0.00349802 0.00950623 0.00178331 0.999995 0.00273426 0.0192775 0.00349307 -0.00274049 0.99999 -1.00401 
0.999985 -0.00170332 -0.00510618 0.00441551 0.0017116 0.999997 0.0016184 0.0120884 0.00510338 -0.00162711 0.999986 -1.019 
0.999978 0.00137036 -0.00654405 0.00384712 -0.00138682 0.999996 -0.00251069 0.0202606 0.00654066 0.00251971 0.999975 -1.00227 
0.999979 0.000814711 -0.00637844 0.00124741 -0.000835547 0.999994 -0.00326452 0.0226504 0.00637567 0.00326978 0.999974 -0.998817 
0.999976 -0.00316464 -0.0061281 0.0111771 0.00315995 0.999995 -0.000774966 0.0133759 0.00613049 0.000755594 0.999981 -1.00642 
0.999979 0.00223252 -0.00600985 0.00319099 -0.00221749 0.999994 0.00250811 0.0189077 0.00601548 -0.00249474 0.999979 -0.993702 
0.99998 0.000491974 -0.00627318 0.00679779 -0.000478761 0.999998 0.00210739 0.00913894 0.00627419 -0.00210435 0.999978 -0.991364 
0.999983 -0.00210002 -0.00534615 0.00669479 0.00211116 0.999996 0.00208048 0.0181804 0.00534162 -0.00209174 0.999983 -0.978203 
0.99999 -0.00121276 -0.00435621 0.00265121 0.00121626 0.999999 0.000800551 0.0189476 0.00435519 -0.00080584 0.99999 -0.976448 
0.999992 -3.29167e-05 -0.00410452 0.00690269 2.67159e-05 0.999999 -0.0015115 0.02307 0.00410461 0.00151138 0.999991 -0.973267 
0.999996 0.00156997 -0.00236791 -0.00540543 -0.00158948 0.999965 -0.0082621 0.0130041 0.00235513 0.00826582 0.999963 -0.987671 
0.999995 -0.00101558 -0.00297016 0.00719261 0.00098524 0.999948 -0.0101963 0.0280741 0.0029802 0.0101934 0.999944 -0.977142 
0.999997 0.00114118 -0.00214285 0.00563812 -0.00114602 0.999997 -0.00226626 0.0233077 0.00214034 0.00226871 0.999995 -0.974632 
0.999999 0.000620984 -0.00142929 0.00289726 -0.000613589 0.999986 0.00517162 0.0219727 0.00143254 -0.00517074 0.999986 -0.959251 
0.999998 0.00141784 -0.00106409 0.000232697 -0.00141053 0.999976 0.00683896 0.00490856 0.00107366 -0.00683746 0.999976 -0.95179 
0.999985 0.00550908 -0.000928402 -0.0025959 -0.00550851 0.999985 0.000605766 0.0170642 0.000931829 -0.000600637 0.999999 -0.947311 
0.999994 0.00346054 0.000262439 -0.00853157 -0.00346037 0.999994 -0.000632532 0.0179437 -0.000264585 0.00063162 1 -0.961182 
0.999999 -0.00155673 0.000286251 0.0106487 0.00155759 0.999994 -0.00303767 0.0135894 -0.000281662 0.00303812 0.999995 -0.95929 
0.999998 -0.00216772 0.000392556 0.0114765 0.00216947 0.999987 -0.00450773 0.0113307 -0.000382781 0.00450856 0.99999 -0.931633 
0.999996 -0.00248946 0.00108054 0.00898933 0.00249671 0.999974 -0.00676215 0.0301737 -0.0010637 0.00676482 0.999977 -0.93911 
0.999965 -0.00838711 2.3514e-05 0.0268822 0.00838712 0.999964 -0.000870542 0.0158891 -1.62125e-05 0.000870707 1 -0.942215 
0.999974 -0.00685954 0.00223768 0.0130615 0.00686281 0.999975 -0.00145568 0.016957 -0.00222766 0.001471 0.999997 -0.936325 
0.999995 0.00259933 0.0018695 0.00816536 -0.00259716 0.999996 -0.00116074 0.0163569 -0.00187248 0.00115588 0.999998 -0.945763 
0.99998 0.0048497 0.00403053 -0.00489616 -0.0048536 0.999988 0.000958106 0.0247909 -0.00402585 -0.00097765 0.999992 -0.947929 
0.999982 0.00168971 0.0058105 0.00806236 -0.0017057 0.999995 0.00274831 0.00636011 -0.00580576 -0.00275817 0.999979 -0.915756 
0.999941 0.00543643 0.00934988 -0.00713158 -0.0054296 0.999985 -0.000755811 0.0162069 -0.00935391 0.000705004 0.999956 -0.932503 
0.999927 0.00783272 0.00922099 -0.00607681 -0.00782671 0.999969 -0.000688409 0.0220033 -0.00922599 0.000616183 0.999957 -0.938599 
0.999937 -0.00303628 0.010786 0.011673 0.00303061 0.999995 0.000542417 0.0106878 -0.0107877 -0.0005097 0.999942 -0.927292 
0.999917 -0.00155914 0.012823 0.0107594 0.00158175 0.999997 -0.00175343 0.015053 -0.0128202 0.00177357 0.999916 -0.945816 
0.999913 0.000155282 0.013208 0.00834084 -9.89987e-05 0.999991 -0.0042619 0.0212028 -0.0132086 0.00426022 0.999904 -0.922562 
0.999927 -0.000169158 0.012075 0.0111809 0.000182136 0.999999 -0.00107376 0.0218709 -0.0120749 0.00107588 0.999927 -0.919685 
0.999911 0.000155523 0.0133843 0.00937653 -0.000141862 1 -0.00102158 0.0128347 -0.0133844 0.00101959 0.99991 -0.914062 
0.999914 0.0015098 0.0130607 0.00827599 -0.00151451 0.999999 0.000351002 0.017285 -0.01306 -0.000370756 0.999915 -0.940514 
0.999895 -0.0013776 0.0144283 -0.0103884 0.0013072 0.999987 0.00488811 0.0141516 -0.0144349 -0.00486874 0.999884 -0.930542 
0.999922 0.00298136 0.0121306 0.00906563 -0.00308757 0.999957 0.00874668 0.00903836 -0.0121041 -0.00878345 0.999888 -0.907257 
0.999894 -0.000438581 0.0145754 -0.00140572 0.000367607 0.999988 0.00487176 0.00699764 -0.0145774 -0.00486588 0.999882 -0.916199 
0.999922 -0.00235845 0.0122999 0.00301552 0.00240064 0.999991 -0.00341679 0.0151215 -0.0122918 0.00344604 0.999918 -0.934952 
0.999913 -0.000577144 0.013148 0.00828362 0.000621233 0.999994 -0.00334968 0.0187263 -0.013146 0.00335757 0.999908 -0.902306 
0.99994 -0.00240792 0.0106345 0.0103235 0.00238813 0.999995 0.00187405 0.0182824 -0.010639 -0.00184854 0.999942 -0.903236 
0.999961 -0.00450266 0.00758666 0.0109329 0.00445549 0.999971 0.0062235 0.0178056 -0.00761446 -0.00618946 0.999952 -0.913673 
0.999959 -0.00718117 0.00545996 0.0133896 0.00713736 0.999943 0.00800091 0.00337672 -0.00551718 -0.00796161 0.999953 -0.888405 
0.999992 -0.00195844 0.00355044 0.0131025 0.00194746 0.999993 0.00309368 0.0100074 -0.00355652 -0.00308675 0.999989 -0.89933 
0.999991 -9.67607e-05 0.00416639 0.0041728 9.7381e-05 1 -0.000149874 0.0190643 -0.00416631 0.000150283 0.999991 -0.905197 
0.999985 -0.00175463 0.0050756 0.0107112 0.00175186 0.999998 0.000549035 0.0115888 -0.00507656 -0.000540146 0.999987 -0.892876 
0.999977 -0.00148783 0.00660646 0.00322104 0.00151312 0.999992 -0.00382426 0.0164201 -0.00660083 0.00383416 0.999971 -0.906425 
0.999984 -0.00079944 0.00564957 0.00406456 0.00082178 0.999992 -0.00395348 0.0179653 -0.00564638 0.00395806 0.999976 -0.916046 
0.999979 -0.00210834 0.00603932 0.00966501 0.00212342 0.999995 -0.00249091 0.0172694 -0.00603408 0.00250368 0.999979 -0.893394 
0.999951 -0.00735285 0.00657126 0.0129364 0.00734945 0.999973 0.00054165 0.0224772 -0.00657499 -0.000493335 0.999978 -0.916191 
0.999951 -0.0073395 0.00671369 0.0165572 0.00731814 0.999968 0.00320008 0.00809872 -0.00673696 -0.00315079 0.999972 -0.88871 
0.999972 0.00243817 0.00708708 0.00427175 -0.0024619 0.999991 0.00333974 0.0154251 -0.00707886 -0.00335709 0.999969 -0.890991 
0.999971 0.00187428 0.00736791 0.00143898 -0.00189419 0.999995 0.00269577 0.00986362 -0.0073629 -0.00270966 0.999969 -0.898781 
0.999974 -0.00094077 0.00721532 0.000625193 0.000949446 0.999999 -0.00119684 0.00814843 -0.00721419 0.00120366 0.999973 -0.905724 
0.999975 -0.000165418 0.00706798 0.00851268 0.000201873 0.999987 -0.00515839 0.0177726 -0.00706697 0.00515968 0.999962 -0.896767 
0.999969 -0.000357885 0.00783369 -0.000594795 0.000379054 0.999996 -0.00270206 0.0206853 -0.00783271 0.00270494 0.999966 -0.905098 
0.999977 -0.00240143 0.00635022 0.010201 0.00237518 0.999989 0.00413806 0.00897461 -0.00636011 -0.00412288 0.999971 -0.890167 
0.999977 0.000660863 0.00671625 0.00664854 -0.000677668 0.999997 0.00250032 0.0148897 -0.00671452 -0.00250482 0.999974 -0.891685 
0.999973 -0.00191991 0.00709206 0.00877285 0.00191193 0.999998 0.00112932 0.0103887 -0.00709426 -0.00111572 0.999974 -0.887108 
0.999974 0.000649009 0.00714365 0.00448561 -0.000644747 1 -0.000597239 0.0147291 -0.00714394 0.000592618 0.999974 -0.896332 
0.999955 0.00442038 0.00838748 -0.00169039 -0.00440891 0.999989 -0.001386 0.0161462 -0.00839365 0.00134895 0.999964 -0.889244 
0.999963 0.00316964 0.00799529 -0.00329876 -0.0031728 0.999995 0.000382032 0.0145701 -0.00799404 -0.000407384 0.999968 -0.888382 
0.999975 0.0014124 0.00696675 0.000928879 -0.0014145 0.999999 0.000297325 0.0137206 -0.00696638 -0.000307168 0.999976 -0.892464 
0.999961 -0.00584841 0.00668995 0.0196586 0.00584728 0.999983 0.000188836 0.0155047 -0.00669092 -0.00014971 0.999978 -0.894295 
0.999972 -0.00380892 0.00641565 0.00887585 0.00381565 0.999992 -0.00103759 0.0165093 -0.00641166 0.00106205 0.999979 -0.888451 
0.999987 0.0026613 0.00439472 0.00710964 -0.00265941 0.999996 -0.000435419 0.0086205 -0.00439584 0.000423736 0.99999 -0.889069 
0.999986 0.00225351 0.00489192 -0.00587368 -0.00225192 0.999997 -0.000332571 0.0182896 -0.00489266 0.000321552 0.999988 -0.880066 
0.999985 0.000828378 0.0053146 -0.00156307 -0.000835046 0.999999 0.00125223 0.0105176 -0.00531359 -0.00125666 0.999985 -0.893013 
0.999962 0.00638967 0.00593117 -0.00221252 -0.00637722 0.999978 -0.00211393 0.0110258 -0.00594451 0.00207602 0.99998 -0.887283 
0.999963 0.0072138 0.00456381 0.001647 -0.0072003 0.99997 -0.00296829 0.0155705 -0.00458516 0.00293533 0.999985 -0.897621 
0.999986 0.00136942 0.00510781 -0.00357819 -0.00136294 0.999999 -0.00126977 0.0197897 -0.00510952 0.00126279 0.999986 -0.879852 
0.99999 -0.00170006 0.00417502 0.00492477 0.0016901 0.999996 0.002386 0.00628529 -0.00417909 -0.00237893 0.999988 -0.903412 
0.999992 -0.00144807 0.0037552 0.00470734 0.0014401 0.999997 0.0021239 0.00883806 -0.00375827 -0.00211847 0.999991 -0.887054 
0.999994 -0.00283122 0.00215837 0.00536537 0.0028313 0.999996 -3.63314e-05 0.0157147 -0.00215824 4.24292e-05 0.999998 -0.891075 
1 -7.86018e-05 0.0010498 0.00270748 7.98944e-05 0.999999 -0.00122884 0.0136554 -0.0010497 0.00122894 0.999999 -0.895966 
0.999999 0.00112115 0.000382915 0.0105095 -0.00111919 0.999986 -0.00509982 0.0165723 -0.000388622 0.00509938 0.999987 -0.895554 
0.999999 -0.00146138 0.000856623 0.00652885 0.00146533 0.999988 -0.00463663 0.0171917 -0.000849828 0.00463788 0.999989 -0.887894 
0.999999 0.000849385 0.00123301 -0.00185013 -0.000846762 0.999997 -0.00212796 0.0202022 -0.00123483 0.00212691 0.999997 -0.877045 
0.999999 0.00045323 0.00123975 0.0039444 -0.000459036 0.999989 0.00469011 0.0116976 -0.00123759 -0.00469068 0.999988 -0.869766 
1 -0.000131581 -0.000291631 0.00734138 0.000132727 0.999992 0.00392231 0.00870442 0.000291139 -0.00392235 0.999992 -0.869339 
0.999993 -0.00366131 -8.67993e-05 0.0112677 0.00366127 0.999993 -0.000442397 0.0131863 8.83937e-05 0.000442075 1 -0.873917 
0.999999 -0.00118113 0.000826195 0.00347424 0.00118149 0.999999 -0.000444101 0.0193587 -0.000825673 0.000445082 1 -0.855865 
0.999991 0.00417981 0.000757739 -0.00678158 -0.0041797 0.999991 -0.00014759 0.0151814 -0.000758335 0.000144419 1 -0.854218 
0.999998 -0.00155586 0.00144145 -0.00334644 0.00155107 0.999993 0.0033173 0.00671719 -0.0014466 -0.00331507 0.999993 -0.849213 
0.999966 -0.00818962 -0.000768498 0.021595 0.00819135 0.999964 0.00228587 0.0163808 0.000749707 -0.00229209 0.999997 -0.847626 
0.999977 -0.00676388 0.000958085 0.0119686 0.00676171 0.999974 0.00224245 0.0148001 -0.00097324 -0.00223592 0.999997 -0.84874 
0.999994 0.00334342 0.000348538 0.00146389 -0.00334451 0.99999 0.00313606 0.0114367 -0.000338063 -0.00313721 0.999995 -0.839523 
0.999999 0.00124918 0.00014919 0.00341415 -0.00124928 0.999999 0.000752768 0.0148231 -0.000148192 -0.000752962 1 -0.845062 
0.999998 -0.000919517 0.00183946 0.00446606 0.000917111 0.999999 0.00130263 0.0106124 -0.00184067 -0.00130093 0.999997 -0.834579 
0.999955 0.00931995 0.00173301 -0.00829792 -0.00931621 0.999954 -0.00215175 0.0131216 -0.00175297 0.0021355 0.999996 -0.846848 
0.999969 0.00700768 0.00365259 -0.0124655 -0.00699154 0.999966 -0.00441118 0.0187702 -0.00368337 0.00438551 0.999984 -0.835037 
0.999993 0.00321312 0.00178117 -0.00120354 -0.00320262 0.999978 -0.00586984 0.0212532 -0.00179997 0.00586409 0.999981 -0.828522 
0.999992 0.00169194 0.00370367 -0.000344276 -0.00169025 0.999999 -0.000461139 0.0150872 -0.00370444 0.000454873 0.999993 -0.826813 
0.999986 0.00143328 0.0051643 -0.00298119 -0.00145676 0.999989 0.00454564 0.0186123 -0.00515772 -0.00455309 0.999976 -0.814331 
0.999979 0.000971287 0.00645401 0.0045929 -0.000992282 0.999994 0.00325075 0.00956437 -0.00645083 -0.00325707 0.999974 -0.806137 
0.999967 0.000359162 0.0081308 0.00666428 -0.000367048 0.999999 0.000968044 0.00444645 -0.00813046 -0.000970996 0.999967 -0.807816 
0.999953 0.00165868 0.00959674 0.00413322 -0.00161324 0.999988 -0.0047404 0.013043 -0.00960444 0.00472469 0.999943 -0.805527 
0.999924 0.00386465 0.0116711 0.00246811 -0.00384027 0.99999 -0.00211083 0.0180281 -0.0116792 0.00206585 0.99993 -0.800949 
0.999887 0.00507271 0.0141713 -0.0036335 -0.00510338 0.999985 0.00212905 0.0107519 -0.0141603 -0.00220113 0.999897 -0.79628 
0.999898 -0.000144273 0.0142627 0.00510979 0.0001286 0.999999 0.00109991 0.0105009 -0.0142628 -0.00109796 0.999898 -0.792084 
0.999903 0.00140262 0.0138541 0.00411987 -0.00139998 0.999999 -0.000200405 0.0134626 -0.0138544 0.000180994 0.999904 -0.78801 
0.999908 0.00137809 0.0134819 0.00537109 -0.00139811 0.999998 0.00147525 0.0148072 -0.0134798 -0.00149396 0.999908 -0.784271 
0.999901 -0.00228903 0.0138633 0.0101318 0.0022 0.999977 0.00643381 0.0175734 -0.0138777 -0.00640266 0.999883 -0.771423 
0.999894 -0.00652617 0.0130351 0.015419 0.0064004 0.999933 0.00966764 0.0050509 -0.0130973 -0.00958318 0.999868 -0.765533 
0.999899 -0.00351873 0.0137552 0.0158844 0.00340784 0.999962 0.00807636 0.00268459 -0.013783 -0.00802868 0.999873 -0.76741 
0.999914 -5.17452e-05 0.0131272 0.00739288 4.10369e-05 1 0.000816126 0.00438237 -0.0131272 -0.000815504 0.999914 -0.766739 
0.999919 -0.00290741 0.0123804 0.00780869 0.00295253 0.999989 -0.00362803 0.00990796 -0.0123697 0.00366429 0.999917 -0.776428 
0.999935 -0.0033051 0.0109136 0.0125809 0.003333 0.999991 -0.00253923 0.0181382 -0.0109051 0.00257543 0.999937 -0.766251 
0.999954 -0.00411369 0.00867798 0.0148697 0.00405718 0.999971 0.00651923 0.0142088 -0.00870454 -0.00648371 0.999941 -0.760269 
0.999971 -0.00279441 0.00701638 0.00842667 0.00273749 0.999963 0.00810969 0.00245619 -0.00703879 -0.00809024 0.999943 -0.748734 
0.999992 -0.00234308 0.00332498 0.00294495 0.00233485 0.999994 0.00247471 0.00429964 -0.00333076 -0.00246694 0.999992 -0.753204 
0.999997 -0.00237396 -2.57818e-05 0.00691605 0.00237382 0.999987 -0.00454456 0.0097003 3.65712e-05 0.00454452 0.99999 -0.757034 
0.999997 -0.00212391 -0.00156399 0.00333405 0.0021168 0.999988 -0.00451888 0.020082 0.00157357 0.00451554 0.999989 -0.759079 
0.999994 0.00121792 -0.00308793 0.000385284 -0.00122704 0.999995 -0.00295638 0.010685 0.00308432 0.00296015 0.999991 -0.750702 
0.999995 0.0012798 -0.00282749 -0.00044632 -0.00127858 0.999999 0.000430011 0.00627232 0.00282804 -0.000426389 0.999996 -0.741699 
0.999991 0.00178941 -0.00379488 -0.00242996 -0.00178837 0.999998 0.000279606 0.012104 0.00379537 -0.000272817 0.999993 -0.758942 
0.999989 -0.00104181 -0.00461912 0.00425339 0.00103557 0.999999 -0.00135412 0.0122705 0.00462053 0.00134932 0.999988 -0.741745 
0.999984 -0.00113288 -0.00554056 0.00508499 0.00113584 0.999999 0.000528677 0.00466633 0.00553996 -0.000534959 0.999984 -0.73642 
0.999983 -0.0021739 -0.00545525 -0.00448608 0.00216367 0.999996 -0.00187891 0.00917673 0.00545931 0.00186707 0.999984 -0.754349 
0.999982 0.00182523 -0.00576951 -0.00283051 -0.0018415 0.999994 -0.00281701 0.0172722 0.00576433 0.00282757 0.999979 -0.738892 
0.999983 -0.00135293 -0.00561315 0.00436783 0.00135277 0.999999 -3.52535e-05 0.0112784 0.0056132 2.76768e-05 0.999984 -0.742538 
0.999984 -0.00206135 -0.00532013 0.00630188 0.00207051 0.999996 0.00171839 0.00524664 0.00531657 -0.00172938 0.999985 -0.726212 
0.999995 0.000890095 -0.00286899 -0.0129395 -0.000884268 0.999997 0.00203401 0.0169029 0.00287078 -0.00203146 0.999994 -0.745361 
0.999997 -0.000105463 -0.00266212 -0.000450134 0.000111297 0.999998 0.00218836 0.0104203 0.00266189 -0.00218864 0.999994 -0.72113 
0.999995 0.00309548 -0.00110345 -0.00827789 -0.00309391 0.999994 0.00141552 0.00862122 0.00110783 -0.00141209 0.999998 -0.719238 
0.999996 0.00274861 0.000194713 0.000553131 -0.00274836 0.999995 -0.00126821 0.0071516 -0.000198204 0.00126768 0.999999 -0.727371 
0.999982 0.00415138 0.0043426 -0.0107002 -0.00413291 0.999982 -0.00425206 0.0171437 -0.00436016 0.00423404 0.999982 -0.73497 
0.99997 0.00115605 0.00763806 0.000644684 -0.00115403 0.999999 -0.000269357 0.0155239 -0.00763839 0.000260529 0.999971 -0.704041 
0.999939 0.00298226 0.0106455 0.00922012 -0.00299441 0.999995 0.00112483 0.009022 -0.010642 -0.00115665 0.999943 -0.695923 
0.999899 0.00282861 0.0139298 0.00596237 -0.00282894 0.999996 3.858e-06 0.0108659 -0.0139298 -4.32725e-05 0.999903 -0.69455 
0.999878 0.000458511 0.0156169 0.00226974 -0.000419643 0.999997 -0.00249182 0.0131984 -0.015618 0.00248497 0.999875 -0.678513 
0.99986 -0.00421144 0.0161737 0.0175705 0.00429138 0.999979 -0.00491104 0.0131783 -0.0161527 0.00497977 0.999857 -0.685165 
0.999863 -0.000524893 0.01651 0.0114784 0.000635276 0.999978 -0.00668167 0.0148729 -0.0165061 0.00669123 0.999841 -0.6866 
0.999855 0.00057424 0.017033 0.00862503 -0.00045553 0.999976 -0.00697221 0.0109746 -0.0170366 0.00696343 0.999831 -0.679398 
0.999846 0.000317579 0.0175625 0.0102043 -0.00019031 0.999974 -0.00724764 0.0147095 -0.0175643 0.00724318 0.99982 -0.675491 
0.999851 -0.00137518 0.0172357 0.0128059 0.00147439 0.999982 -0.00574441 0.0168085 -0.0172274 0.00576897 0.999835 -0.66687 
0.999838 -0.000846678 0.017971 0.0115471 0.000898585 0.999995 -0.00288022 0.0225093 -0.0179685 0.0028959 0.999834 -0.649185 
0.999841 0.00162775 0.0177548 0.0108261 -0.00160562 0.999998 -0.00126041 0.0132051 -0.0177568 0.00123171 0.999842 -0.652435 
0.999843 -0.000614593 0.017697 0.0127487 0.000623602 1 -0.000503465 0.00931478 -0.0176967 0.000514418 0.999843 -0.649475 
0.999853 -0.00532555 0.0162958 0.0140228 0.00535461 0.999984 -0.00174015 0.0133922 -0.0162863 0.00182716 0.999866 -0.627426 
0.999887 -0.00199315 0.0148887 0.0138931 0.00205464 0.99999 -0.00411647 0.0148087 -0.0148804 0.0041466 0.999881 -0.641541 
0.999922 0.00339623 0.0119861 0.00614166 -0.00336174 0.99999 -0.00289501 0.0112491 -0.0119958 0.00285449 0.999924 -0.635361 
0.999935 0.00217411 0.0111851 0.00328064 -0.00216554 0.999997 -0.000779357 0.0131989 -0.0111868 0.000755085 0.999937 -0.630646 
0.999937 -0.00464983 0.0102261 0.0106735 0.00461808 0.999985 0.00312672 0.0140886 -0.0102404 -0.0030793 0.999943 -0.619766 
0.999949 -0.00390036 0.00933723 0.014328 0.00384171 0.999973 0.00629198 0.0117233 -0.00936149 -0.00625579 0.999937 -0.611145 
0.999956 0.00036389 0.00940561 0.0029068 -0.000459351 0.999949 0.0101476 0.0056448 -0.00940147 -0.0101515 0.999904 -0.599396 
0.999951 0.00575824 0.00802293 0.000427246 -0.00581344 0.99996 0.00687422 0.00435573 -0.00798303 -0.00692052 0.999944 -0.618332 
0.999981 0.000257039 0.00617872 0.0110703 -0.000245742 0.999998 -0.0018305 0.00130683 -0.0061792 0.00182895 0.999979 -0.626831 
0.999976 -0.00285927 0.00627148 0.00943756 0.00291082 0.999962 -0.00822337 0.00429106 -0.00624771 0.00824143 0.999946 -0.625427 
0.999981 -0.00398309 0.0047266 0.0091095 0.00403934 0.999921 -0.0119501 0.0170519 -0.00467862 0.0119689 0.999918 -0.63913 
0.999998 -0.000150271 0.0021762 0.00338745 0.000168569 0.999964 -0.00841329 0.0207477 -0.00217491 0.00841363 0.999962 -0.629425 
0.999995 0.0031203 0.000959396 -0.000198364 -0.00312012 0.999995 -0.000177893 0.0198007 -0.000959903 0.000174898 1 -0.627548 
0.999993 0.00354769 0.000983089 -0.000839233 -0.00355105 0.999988 0.00342646 0.00503063 -0.000970989 -0.00342993 0.999994 -0.621246 
0.999991 0.00366696 0.00230941 -0.00789642 -0.00366766 0.999993 0.000302847 0.00638294 -0.00230825 -0.000311315 0.999997 -0.626266 
0.999996 -0.00227856 0.00150552 0.009758 0.0022825 0.999994 -0.00261496 0.00156879 -0.00149956 0.00261839 0.999995 -0.635529 
0.999997 -0.000556292 0.00250983 0.0094986 0.000566028 0.999992 -0.00388133 0.0121355 -0.00250769 0.00388274 0.999989 -0.641983 
0.999995 0.000581229 0.00326532 0.00225067 -0.000563912 0.999986 -0.00530098 0.0183635 -0.00326833 0.00529911 0.999981 -0.623657 
0.999988 0.001424 0.00463286 0.000228882 -0.00141276 0.999996 -0.00242865 0.00950575 -0.00463632 0.00242207 0.999986 -0.648514 
0.999977 0.00174202 0.00651842 0.007164 -0.00173005 0.999997 -0.0018418 0.00733471 -0.00652161 0.00183048 0.999977 -0.636932 
0.999966 0.00139981 0.00813216 0.00571442 -0.00137595 0.999995 -0.00293871 0.0150948 -0.00813621 0.00292742 0.999963 -0.652618 
0.999943 0.00228399 0.0104575 -0.00429535 -0.00227179 0.999997 -0.00117856 0.0140734 -0.0104601 0.00115473 0.999945 -0.646896 
0.999932 -0.00188709 0.0115108 0.0115433 0.00186701 0.999997 0.00175559 0.0126066 -0.0115142 -0.00173397 0.999932 -0.649277 
0.999928 -0.00115229 0.0119814 0.0123749 0.001113 0.999994 0.0032847 0.0110073 -0.0119851 -0.00327113 0.999923 -0.651505 
0.999919 -0.00106091 0.0127119 0.00679779 0.00102497 0.999996 0.00283344 0.00710869 -0.0127149 -0.00282018 0.999915 -0.647491 
0.99992 0.00135079 0.0126202 0.00138855 -0.00136197 0.999999 0.00087687 0.00355625 -0.0126189 -0.00089399 0.99992 -0.662323 
0.999925 0.00081986 0.0122458 0.00349426 -0.000783984 0.999995 -0.002934 0.00693321 -0.0122481 0.00292418 0.999921 -0.677094 
0.999931 -0.0019247 0.0115522 0.0168457 0.00194714 0.999996 -0.001931 0.0134325 -0.0115485 0.00195336 0.999931 -0.674347 
0.999925 -0.00185419 0.012084 0.0119476 0.00186973 0.999997 -0.00127528 0.00997639 -0.0120815 0.00129778 0.999926 -0.680344 
0.999938 -0.00393679 0.0103828 0.0104294 0.00396622 0.999988 -0.00281574 0.0106111 -0.0103716 0.00285675 0.999942 -0.687378 
0.999965 -0.00363296 0.00753099 0.0143509 0.0036371 0.999993 -0.000534045 0.00786304 -0.00752902 0.000561412 0.999972 -0.687943 
0.999988 0.000192378 0.00493175 0.00338745 -0.000175167 0.999994 -0.00349077 0.0158873 -0.00493237 0.00348986 0.999982 -0.698441 
0.999994 0.00260008 0.00225696 0.00466919 -0.00259361 0.999993 -0.00286743 0.0119143 -0.00226438 0.00286156 0.999993 -0.706345 
0.999992 0.0040039 -0.000101745 -0.00133514 -0.00400357 0.999987 0.0031261 0.00460243 0.000114143 -0.00312566 0.999995 -0.717621 
0.999999 0.00152553 -0.000946224 -0.000579834 -0.00152446 0.999998 0.00114672 0.00946236 0.000947952 -0.00114527 0.999999 -0.720779 
0.999995 0.002886 -0.000707895 -0.000144958 -0.00288406 0.999992 0.00271721 0.0088768 0.000715792 -0.00271516 0.999996 -0.728394 
0.999992 0.00406394 5.38826e-05 -0.00845337 -0.0040639 0.999992 -0.000542443 0.00274372 -5.61178e-05 0.000542218 1 -0.731445 
0.999992 0.00389219 -0.00116798 -0.00766754 -0.00389764 0.999982 -0.00469342 0.0130835 0.00114971 0.00469793 0.999988 -0.736862 
0.999999 0.000354229 -0.00131848 0.000236511 -0.000358159 0.999995 -0.00298404 0.0144949 0.00131735 0.00298451 0.999995 -0.75 
0.999998 0.000875684 -0.00168645 -0.000816345 -0.000879858 0.999997 -0.00248032 0.0168657 0.00168434 0.00248179 0.999996 -0.747528 
0.999997 -0.00181235 -0.00138977 -0.000144958 0.0018119 0.999998 -0.000321144 0.00981903 0.00139043 0.000318618 0.999999 -0.747253 
0.999997 -0.001209 -0.00226584 0.0044632 0.00120762 0.999999 -0.00061272 0.00871849 0.00226656 0.000609985 0.999997 -0.751465 
0.999998 -0.000716355 -0.00172189 0.00225067 0.00071732 1 0.000560625 0.018528 0.00172144 -0.000561857 0.999998 -0.741379 
0.999999 0.000458559 -0.00115505 0.00062561 -0.000453753 0.999991 0.00415336 0.0146322 0.00115687 -0.00415283 0.999991 -0.737625 
1 2.23033e-05 -0.000439942 -0.00234985 -1.93808e-05 0.999978 0.00664013 0.00270557 0.00044018 -0.00664012 0.999978 -0.746658 
0.999995 -0.00281151 -0.00174195 0.0110474 0.00281588 0.999993 0.0025105 0.00189781 0.00173476 -0.00251538 0.999995 -0.747681 
0.999999 -6.27842e-05 -0.00132263 -0.00295258 5.76358e-05 0.999992 -0.00388858 0.0193043 0.0013229 0.00388849 0.999991 -0.757721 
0.999999 -0.00116845 -0.000673443 -0.00566101 0.00116552 0.99999 -0.00433886 0.0176878 0.000678539 0.00433808 0.99999 -0.7491 
0.999987 -0.00383279 -0.00325909 0.00911713 0.00382987 0.999992 -0.000900474 0.0178337 0.00326255 0.000887979 0.999994 -0.749023 
0.999978 -0.00403503 -0.00527266 0.0132599 0.00403047 0.999991 -0.000874937 0.0180206 0.00527608 0.000853668 0.999986 -0.759415 
0.999973 0.00110845 -0.00722501 -0.000671387 -0.00111509 0.999999 -0.000916217 0.006464 0.00722408 0.000924247 0.999974 -0.747269 
0.999954 -0.000127114 -0.00961128 -0.00270081 0.000122644 1 -0.000465509 0.023448 0.00961131 0.000464318 0.999954 -0.743958 
0.99994 0.00388607 -0.0102389 -0.00832367 -0.00386025 0.999989 0.00254054 0.0100985 0.0102487 -0.00250087 0.999945 -0.746185 
0.99994 -0.00106322 -0.0108958 -0.00845337 0.00109127 0.999996 0.00256881 0.014883 0.0108929 -0.00258054 0.999937 -0.733521 
0.999922 -0.0024735 -0.0122137 -0.000396729 0.00247295 0.999997 -6.08498e-05 0.000492096 0.0122139 3.06396e-05 0.999925 -0.739624 
0.999918 0.00571251 -0.0114693 -0.0100784 -0.00579255 0.999959 -0.00695855 0.0165281 0.0114291 0.00702442 0.99991 -0.737701 
0.999947 0.00455366 -0.00923297 -0.0036087 -0.0046224 0.999962 -0.00743745 0.0219431 0.00919876 0.00747973 0.99993 -0.737473 
0.999971 0.000757461 -0.00753334 -0.00362396 -0.000800028 0.999984 -0.00564967 0.017972 0.0075289 0.00565554 0.999956 -0.744965 
0.999976 -0.00543811 -0.00435829 0.00376129 0.0054267 0.999982 -0.00262702 0.0142097 0.00437245 0.0026033 0.999987 -0.740936 
0.999997 0.000567492 -0.00240496 0.00253296 -0.000571206 0.999999 -0.00154297 0.0144825 0.00240412 0.00154434 0.999996 -0.749954 
0.999998 6.66343e-05 -0.00186846 0.000694275 -6.81989e-05 1 -0.000837919 0.0148144 0.0018684 0.000838058 0.999998 -0.735275 
1 0.000141192 -0.000596166 -0.00122833 -0.000140071 0.999998 0.00187662 0.0127096 0.000596344 -0.00187654 0.999998 -0.742508 
0.999994 -0.00347659 -0.000798404 0.00843811 0.00347763 0.999993 0.00130153 0.00860596 0.000793934 -0.00130429 0.999999 -0.746445 
0.999999 -0.00143602 -0.000133067 0.0187531 0.00143591 0.999998 -0.000858475 0.0123653 0.000134379 0.000858275 1 -0.758499 
0.999998 -0.000709414 0.00172791 0.000915527 0.000712018 0.999999 -0.00150555 0.0135889 -0.0017269 0.00150677 0.999997 -0.750839 
0.999997 0.0010475 0.00223932 -0.0067749 -0.00104312 0.999998 -0.00195463 0.0218668 -0.00224134 0.0019523 0.999996 -0.762238 
0.999993 0.00322897 0.0019339 -0.00392914 -0.00322847 0.999995 -0.000261826 0.014924 -0.00193468 0.000255586 0.999998 -0.755768 
0.999996 0.000448983 0.00278464 0.00972748 -0.000446051 1 -0.00105175 0.00841713 -0.00278509 0.00105052 0.999996 -0.760498 
0.999989 -0.00182912 0.00426137 0.00683594 0.00183818 0.999996 -0.00212672 0.015234 -0.00425753 0.00213452 0.999989 -0.775223 
0.999982 -0.00254367 0.00542015 0.00753021 0.00256943 0.999986 -0.00474937 0.0160036 -0.00540805 0.00476321 0.999974 -0.781067 
0.999988 -0.000166882 0.00494567 0.0120316 0.000189491 0.999989 -0.00457055 0.0197754 -0.00494483 0.00457142 0.999977 -0.782822 
0.999988 -0.00249384 0.00429422 0.0033493 0.00249516 0.999997 -0.000301927 0.015686 -0.00429341 0.00031263 0.999991 -0.764084 
0.999975 -0.00533411 0.00470248 0.00530243 0.00531948 0.999981 0.00311731 0.0174417 -0.00471908 -0.00309222 0.999984 -0.780182 
0.999979 -0.00491934 0.00417882 0.0182037 0.00489945 0.999977 0.00475645 0.00512314 -0.00420204 -0.00473589 0.99998 -0.780472 
0.999982 -0.00314412 0.00512937 0.00737762 0.00313557 0.999994 0.00167293 0.00957775 -0.00513473 -0.00165681 0.999986 -0.777893 
0.999988 -0.0022308 0.00429752 0.011322 0.00223514 0.999997 -0.00100665 0.0157223 -0.00429529 0.00101624 0.99999 -0.787338 
0.999989 -0.00155036 0.00435212 0.00827026 0.00154201 0.999997 0.00192001 0.0132875 -0.00435495 -0.00191327 0.999989 -0.793411 
0.99999 -0.00108607 0.00440967 0.0020752 0.00107288 0.999995 0.00299299 0.0105848 -0.00441292 -0.00298822 0.999986 -0.766556 
0.999987 -0.000714976 0.00493756 0.00636292 0.000714816 1 3.39299e-05 0.0120392 -0.00493753 -3.04077e-05 0.999988 -0.796158 
0.99999 -2.02954e-05 0.00446078 0.00805664 2.7623e-05 0.999999 -0.0016414 0.0176144 -0.00446075 0.00164151 0.999989 -0.797806 
0.99998 0.00418497 0.00478339 -0.000816345 -0.00418952 0.999991 0.000939092 0.0154734 -0.00477952 -0.000959117 0.999988 -0.789291 
