1 9.04368e-12 2.32681e-11 5.55112e-17 9.04368e-12 1 2.39237e-10 3.33067e-16 2.32681e-11 2.39237e-10 1 -4.44089e-16 
0.999998 0.000527263 -0.00206693 -0.0469029 -0.000529651 0.999999 -0.00115487 -0.0283993 0.00206632 0.00115596 0.999997 0.858694 
0.999998 0.000524099 -0.00206381 -0.0450533 -0.000526482 0.999999 -0.00115434 -0.0273947 0.00206321 0.00115542 0.999997 0.857708 
0.999998 0.000522283 -0.00206604 -0.0433235 -0.000524675 0.999999 -0.0011568 -0.0264604 0.00206544 0.00115788 0.999997 0.858939 
0.999998 0.000519192 -0.00206317 -0.0414852 -0.000521577 0.999999 -0.00115641 -0.0254575 0.00206257 0.00115749 0.999997 0.858051 
0.999998 0.000517306 -0.00206513 -0.0397467 -0.000519699 0.999999 -0.00115874 -0.0245135 0.00206453 0.00115981 0.999997 0.859167 
0.999998 0.0005142 -0.0020622 -0.0379127 -0.00051659 0.999999 -0.00115831 -0.0235079 0.0020616 0.00115937 0.999997 0.858239 
0.999998 0.000512389 -0.00206447 -0.0361775 -0.000514787 0.999999 -0.00116082 -0.0225613 0.00206387 0.00116188 0.999997 0.859481 
0.999998 0.000509257 -0.0020614 -0.0343464 -0.000511649 0.999999 -0.00116031 -0.0215526 0.0020608 0.00116136 0.999997 0.858489 
0.999998 0.000507274 -0.00206299 -0.0325969 -0.000509673 0.999999 -0.00116244 -0.0205927 0.00206239 0.00116349 0.999997 0.859442 
0.999998 0.000504955 -0.00206322 -0.0308226 -0.000507357 0.999999 -0.00116381 -0.0196146 0.00206264 0.00116486 0.999997 0.859821 
0.999998 0.000501616 -0.00205924 -0.0289878 -0.000504011 0.999999 -0.0011628 -0.0185958 0.00205865 0.00116383 0.999997 0.858444 
0.999998 0.000499882 -0.00206189 -0.0272506 -0.000502286 0.999999 -0.00116552 -0.0176368 0.00206131 0.00116656 0.999997 0.859819 
0.999998 0.000497346 -0.00206122 -0.0254653 -0.000499753 0.999999 -0.0011664 -0.0166449 0.00206064 0.00116742 0.999997 0.859819 
0.999998 0.000623558 -0.00207051 -0.0237238 -0.000626148 0.999999 -0.00125076 -0.0157536 0.00206972 0.00125205 0.999997 0.859121 
0.999997 -0.00146718 -0.00187406 -0.020832 0.0014674 0.999999 0.000114648 -0.0127877 0.00187389 -0.000117388 0.999998 0.855521 
0.999995 0.0023216 -0.0022352 -0.0212638 -0.00232688 0.999995 -0.00236289 -0.016323 0.00222971 0.00236806 0.999995 0.86325 
0.999998 0.000948765 -0.00165292 -0.0205517 -0.00095309 0.999996 -0.00261685 -0.0141899 0.00165044 0.00261843 0.999995 0.870366 
0.999991 0.0037226 -0.00199902 -0.0247083 -0.00372648 0.999991 -0.00194002 -0.0131143 0.00199178 0.00194744 0.999996 0.881171 
0.999999 0.0011546 -0.00135451 -0.0197384 -0.00115415 0.999999 0.000333244 -0.0107428 0.00135489 -0.000331683 0.999999 0.89164 
0.999999 -0.000299292 -0.00160627 -0.0191429 0.000301988 0.999999 0.00168064 -0.0117747 0.00160578 -0.00168112 0.999997 0.901443 
0.999999 0.000168778 -0.00152116 -0.0145755 -0.00016656 0.999999 0.00146051 -0.0121373 0.0015214 -0.00146026 0.999998 0.905966 
0.999999 -0.000485789 -0.00118369 -0.0169309 0.000486346 1 0.000466315 -0.0119979 0.00118347 -0.000466889 0.999999 0.912809 
0.999998 0.000239449 -0.00175645 -0.0134897 -0.000240588 1 -0.000647472 -0.0127333 0.00175629 0.000647889 0.999998 0.914911 
0.999998 -0.00167959 -0.00105404 -0.0125178 0.00167831 0.999998 -0.00121635 -0.0126567 0.00105609 0.00121458 0.999999 0.918335 
1 -0.000311512 -0.000780571 -0.0103681 0.000312748 0.999999 0.00158286 -0.0105012 0.000780072 -0.0015831 0.999998 0.928581 
0.999999 0.00152643 -4.38988e-05 -0.0133788 -0.00152625 0.999991 0.00393183 -0.0139375 4.99077e-05 -0.00393176 0.999992 0.935947 
1 0.000626892 0.000806708 -0.0107493 -0.000629869 0.999993 0.00369933 -0.0183504 -0.000804398 -0.00369983 0.999993 0.937092 
0.999998 -0.00105604 0.00142493 -0.00811693 0.00105235 0.999996 0.00258154 -0.0171577 -0.00142766 -0.00258004 0.999996 0.943817 
0.999999 -0.000251611 0.00143864 -0.00937644 0.000249897 0.999999 0.00119568 -0.0162953 -0.00143894 -0.00119532 0.999998 0.946692 
0.999999 0.000351662 0.00118347 -0.0101611 -0.000348634 0.999997 -0.00255804 -0.0172923 -0.00118434 0.00255763 0.999996 0.949217 
0.999999 0.00123176 0.000946704 -0.0116631 -0.00122675 0.999985 -0.00527133 -0.0171412 -0.00095319 0.00527017 0.999986 0.953075 
0.999999 -0.000563089 0.0012393 -0.00980437 0.000567436 0.999994 -0.00351019 -0.0133905 -0.00123732 0.00351089 0.999993 0.959892 
0.999997 -0.00246488 0.000713672 -0.00887913 0.00246402 0.999996 0.0012171 -0.0116414 -0.000716668 -0.00121534 0.999999 0.969759 
0.999998 -0.00189308 -0.000209868 -0.0101461 0.00189408 0.999986 0.00489251 -0.0108014 0.000200599 -0.0048929 0.999988 0.976917 
0.999994 -0.00340634 -0.000943206 -0.0101423 0.00341014 0.999986 0.00405034 -0.0151733 0.0009294 -0.00405353 0.999991 0.980661 
0.99997 -0.00766971 -0.00107567 -0.00146148 0.00766931 0.999971 -0.000379049 -0.0157228 0.00107854 0.000370788 0.999999 0.980492 
0.999995 -0.00289848 -0.00161904 -0.00730526 0.00289211 0.999988 -0.00392838 -0.014173 0.0016304 0.00392368 0.999991 0.980442 
0.999998 0.00100298 -0.00156095 -0.0135336 -0.00100982 0.99999 -0.00438238 -0.0150042 0.00155655 0.00438394 0.999989 0.985622 
0.999998 0.000631424 -0.00190285 -0.0151425 -0.000633836 0.999999 -0.00126703 -0.0238414 0.00190203 0.00126823 0.999997 1.01296 
0.999999 -0.000161181 -0.0010626 -0.0160246 0.000163456 0.999998 0.00214094 -0.044485 0.00106225 -0.00214111 0.999997 1.05939 
0.999994 0.00318415 -0.00101243 -0.0189962 -0.00318096 0.99999 0.00313311 -0.0376648 0.00102241 -0.00312988 0.999995 1.04379 
0.999999 0.000194066 -0.00129349 -0.0161923 -0.000192788 0.999999 0.000988248 -0.0408025 0.00129367 -0.000987992 0.999999 1.04562 
0.999999 0.000767189 -0.000992883 -0.0135445 -0.000764898 0.999997 0.00230574 -0.0308974 0.000994656 -0.00230497 0.999997 1.03452 
1 -0.000582639 -5.60731e-05 -0.0134867 0.000582849 0.999992 0.00382425 -0.0330793 5.38453e-05 -0.00382428 0.999993 1.03727 
0.999983 0.00589882 -0.000457741 -0.0227405 -0.00589802 0.999981 0.0017201 -0.0269856 0.000467878 -0.00171737 0.999998 1.02517 
1 0.000470906 8.46647e-05 -0.0181001 -0.000470931 1 0.000305729 -0.0290092 -8.45157e-05 -0.000305769 1 1.02429 
1 -0.000186673 -0.000144508 -0.0145125 0.000186415 0.999998 -0.00178142 -0.0242122 0.000144828 0.00178139 0.999998 1.01213 
0.999997 0.00245179 0.000239804 -0.0197737 -0.00245111 0.999993 -0.00281391 -0.0270547 -0.0002467 0.00281331 0.999996 1.00735 
1 -0.000169191 -0.000973959 -0.0135878 0.000169078 1 -0.000114015 -0.0279338 0.000973981 0.000113851 1 1.00318 
0.999997 -0.00202627 -0.00131885 -0.010469 0.0020283 0.999997 0.00153959 -0.0246505 0.00131572 -0.00154226 0.999998 1.00134 
1 0.00014544 -0.00087386 -0.0145816 -0.000144558 1 0.00101048 -0.0284352 0.000874002 -0.00101035 0.999999 0.99712 
0.999996 0.00288854 -0.000267807 -0.0190305 -0.00288911 0.999994 -0.00217266 -0.0281938 0.000261534 0.00217343 0.999998 0.988449 
0.999999 0.000699878 -0.000738721 -0.0178186 -0.000703893 0.999985 -0.00543525 -0.0245463 0.00073491 0.00543577 0.999985 0.980072 
1 0.000455095 -0.000465117 -0.0129304 -0.000455464 1 -0.000797049 -0.0174266 0.000464749 0.000797255 1 0.984245 
1 -0.000559487 -0.000308789 -0.0103799 0.000560493 0.999994 0.00325762 -0.0229778 0.000306975 -0.00325778 0.999995 0.983238 
0.999996 -0.00287789 -0.000321064 -0.00923429 0.00287888 0.999991 0.00309647 -0.0207386 0.000312146 -0.00309738 0.999995 0.978878 
0.999999 -0.00126704 -0.000286732 -0.0103205 0.00126729 0.999999 0.000859626 -0.022617 0.000285648 -0.000859988 1 0.972282 
0.999995 -0.00302141 -0.000185627 -0.00747332 0.00302124 0.999995 -0.000882639 -0.0207683 0.000188295 0.000882072 1 0.965172 
0.999995 -0.0033348 -0.000550114 -0.00327983 0.00333382 0.999993 -0.00178074 -0.0196166 0.000556037 0.0017789 0.999998 0.965649 
0.999998 -0.00149941 -0.00120766 -0.00791056 0.00150052 0.999998 0.000917037 -0.0172064 0.00120628 -0.000918851 0.999999 0.960827 
0.999995 -0.00304445 -0.00109734 -0.00505537 0.00304914 0.999986 0.00429489 -0.0150802 0.00108427 -0.00429821 0.99999 0.964203 
0.999998 -0.00191155 -0.000470359 -0.010945 0.00191413 0.999983 0.00555424 -0.0133284 0.000459723 -0.00555513 0.999984 0.963875 
0.999999 0.00144024 -0.000536714 -0.0159594 -0.00143916 0.999997 0.00201464 -0.019292 0.000539605 -0.00201386 0.999998 0.95401 
0.999998 0.00162726 -0.00152351 -0.0116253 -0.00163073 0.999996 -0.00227426 -0.0241802 0.00151981 0.00227674 0.999996 0.943249 
0.999997 0.0016801 -0.00155157 -0.0058575 -0.0016932 0.999963 -0.00847571 -0.0233438 0.00153726 0.00847831 0.999963 0.927021 
0.999999 0.00116113 -0.00112481 -0.00402807 -0.00116748 0.999983 -0.00566735 -0.0197703 0.00111821 0.00566866 0.999983 0.917336 
0.999986 0.00512611 -0.00126974 -0.0143022 -0.00512514 0.999987 0.000766144 -0.0159591 0.00127364 -0.000759638 0.999999 0.913555 
0.999995 0.00310514 -0.000843413 -0.00908002 -0.00310268 0.999991 0.0029044 -0.0219065 0.000852421 -0.00290177 0.999995 0.901299 
0.999996 0.00265273 -0.00135625 -0.0100428 -0.00265035 0.999995 0.00174624 -0.0240042 0.00136088 -0.00174264 0.999998 0.885574 
0.999999 0.000150839 -0.00123482 -0.00672597 -0.000151941 1 -0.000889786 -0.0208973 0.00123469 0.000889976 0.999999 0.871529 
0.999998 0.00143404 -0.00163352 -0.00937653 -0.00143262 0.999999 0.000875258 -0.0193886 0.00163475 -0.000872917 0.999998 0.857819 
0.999998 0.00130679 -0.00148847 -0.00818563 -0.00130583 0.999999 0.000640893 -0.0220977 0.00148931 -0.000638949 0.999999 0.845825 
0.999999 -0.000288521 -0.00162224 -0.00568008 0.000290137 0.999999 0.000999636 -0.0208795 0.00162193 -0.0010001 0.999998 0.83149 
0.999999 -0.000455233 -0.00145269 -0.00456607 0.000456266 1 0.000713615 -0.0191976 0.00145236 -0.000714276 0.999999 0.819382 
0.999997 0.00217464 -0.00138821 -0.00760806 -0.00217157 0.999995 0.00221186 -0.0195042 0.00139303 -0.00220884 0.999997 0.807289 
0.999998 0.00152285 -0.0011462 -0.00803304 -0.0015175 0.999988 0.00465642 -0.0184667 0.00115329 -0.00465467 0.999988 0.796776 
0.999996 0.00239182 -0.00186204 -0.00303245 -0.00238861 0.999996 0.00172232 -0.0263941 0.00186614 -0.00171786 0.999997 0.778961 
0.999993 0.00330215 -0.00155552 -0.00912118 -0.00330719 0.999989 -0.00323836 -0.0286181 0.00154483 0.00324349 0.999994 0.756042 
0.999999 0.00113083 -0.00123177 -0.00562799 -0.0011401 0.999971 -0.00755884 -0.027106 0.0012232 0.00756023 0.999971 0.733467 
0.999999 -0.000721407 -0.0015709 -0.00506163 0.000712369 0.999983 -0.00574765 -0.0173362 0.00157504 0.00574652 0.999982 0.715775 
0.999999 0.000901667 -0.000393607 -0.00638652 -0.000902518 0.999997 -0.00216394 -0.0168178 0.000391662 0.00216429 0.999997 0.698059 
0.999997 0.00216282 -0.00076773 -0.00864184 -0.0021602 0.999992 0.00341208 -0.0198891 0.000775099 -0.00341042 0.999994 0.679665 
0.999999 0.000972254 -0.00128345 -0.00520742 -0.000967807 0.999994 0.00345499 -0.0273387 0.0012868 -0.00345374 0.999993 0.659248 
0.999995 -0.00289754 -0.00133629 0.000758648 0.00289328 0.999991 -0.00317656 -0.0247434 0.00134549 0.00317268 0.999994 0.633446 
0.999972 -0.00747556 -5.85541e-05 0.00838864 0.00747519 0.99996 -0.00491052 -0.0209334 9.52631e-05 0.00490994 0.999988 0.613792 
0.999991 -0.00410749 0.000797518 0.00441134 0.00411199 0.999975 -0.00573687 -0.02081 -0.000773937 0.00574009 0.999983 0.596382 
0.999994 0.00172149 0.00296343 -0.00228631 -0.00171996 0.999998 -0.00051612 -0.0157986 -0.00296431 0.000511028 0.999996 0.58419 
0.999978 0.00534312 0.00393644 -0.00547552 -0.00535579 0.999981 0.00321181 -0.0161516 -0.0039192 -0.00323282 0.999987 0.572342 
0.999989 -0.00131293 0.00450461 0.00373495 0.00129881 0.999994 0.00313878 -0.0146166 -0.00450873 -0.0031329 0.999985 0.556824 
0.999975 -0.0047911 0.00524369 0.0153705 0.0047702 0.999981 0.00398888 -0.0175685 -0.00526267 -0.00396376 0.999978 0.543587 
0.999959 -0.00460298 0.00776073 0.0139668 0.00456861 0.99998 0.00444087 -0.0201678 -0.00778103 -0.00440523 0.99996 0.531418 
0.999941 0.00284597 0.0104674 0.00717999 -0.00283877 0.999996 -0.000702642 -0.0184011 -0.0104693 0.000672887 0.999945 0.512268 
0.999874 0.00558228 0.0148972 -0.000725329 -0.00557799 0.999984 -0.000329949 -0.0166548 -0.0148988 0.000246817 0.999889 0.501755 
0.999828 0.0050971 0.0178361 0.00462389 -0.00511025 0.999987 0.000692405 -0.0151247 -0.0178323 -0.000783435 0.999841 0.487831 
0.999767 -0.00144903 0.02156 0.0214286 0.0014345 0.999999 0.000689195 -0.0124893 -0.021561 -0.000658109 0.999767 0.473984 
0.999672 -0.00374108 0.0253439 0.0285501 0.00371068 0.999992 0.00124662 -0.0143056 -0.0253484 -0.00115216 0.999678 0.459175 
0.99958 -0.00141677 0.0289635 0.0315752 0.00136489 0.999997 0.00181086 -0.0140166 -0.0289659 -0.00177057 0.999579 0.45372 
0.999471 -0.000425414 0.0325221 0.0327263 0.000368092 0.999998 0.00176866 -0.0137529 -0.0325228 -0.00175575 0.999469 0.448769 
0.999335 -0.000213349 0.0364736 0.0375156 0.000174875 0.999999 0.0010582 -0.0127988 -0.0364737 -0.00105112 0.999334 0.435921 
0.999151 2.89399e-05 0.0411923 0.0406027 -3.7374e-05 1 0.000203859 -0.011097 -0.0411924 -0.000205225 0.999151 0.436676 
0.998987 -0.00038164 0.0450065 0.0468559 0.000366799 1 0.000337886 -0.0128734 -0.0450067 -0.000321037 0.998987 0.429131 
0.998811 0.0016815 0.048728 0.0515385 -0.00162115 0.999998 -0.00127798 -0.016165 -0.04873 0.00119747 0.998811 0.409607 
0.99854 0.000146255 0.0540144 0.0576057 -2.63629e-05 0.999997 -0.00222022 -0.014425 -0.0540146 0.00221555 0.998538 0.412392 
0.998346 -0.0005484 0.0574841 0.0650139 0.000628851 0.999999 -0.00138151 -0.00937438 -0.0574832 0.00141538 0.998346 0.391487 
0.998162 -3.1854e-05 0.0606048 0.0662422 0.000109071 0.999999 -0.00127068 -0.00545382 -0.0606048 0.00127495 0.998161 0.397713 
0.998014 -0.000650221 0.0629866 0.0687065 0.000752433 0.999999 -0.00159912 -0.00470853 -0.0629855 0.00164334 0.998013 0.390846 
0.997919 -0.00301572 0.0644089 0.0815315 0.00311254 0.999994 -0.00140272 -0.00528455 -0.0644042 0.00160027 0.997923 0.369675 
0.997936 -0.00110012 0.0642053 0.072422 0.00113398 0.999999 -0.000491041 -0.00935805 -0.0642049 0.000562835 0.997936 0.380341 
0.99797 -0.0012279 0.0636719 0.0793915 0.00113093 0.999998 0.00155902 -0.00755262 -0.0636738 -0.00148385 0.99797 0.364967 
0.998008 0.00118764 0.0630691 0.0716629 -0.00135058 0.999996 0.00254105 -0.0039674 -0.0630658 -0.00262116 0.998006 0.381477 
0.998071 -0.000914273 0.0620767 0.0719185 0.000848942 0.999999 0.00107869 -0.00366664 -0.0620777 -0.00102391 0.998071 0.376728 
0.998151 -0.00317355 0.0607036 0.086937 0.00323135 0.999994 -0.000854042 -0.00321841 -0.0607007 0.00104862 0.998155 0.365837 
0.998302 -0.00622266 0.0579201 0.0768738 0.00627285 0.99998 -0.000684822 -0.00485015 -0.0579146 0.00104699 0.998321 0.372452 
0.99846 0.00125503 0.0554673 0.0756149 -0.001207 0.999999 -0.000899255 -0.00806594 -0.0554684 0.000830911 0.99846 0.363113 
0.998516 0.00465209 0.0542611 0.0577698 -0.004622 0.999989 -0.000679903 -0.00537086 -0.0542637 0.0004281 0.998527 0.37582 
0.998726 0.00112156 0.0504401 0.0582733 -0.00105207 0.999998 -0.00140433 -0.00490618 -0.0504415 0.00134948 0.998726 0.376625 
0.998914 -0.00607688 0.0461944 0.0716934 0.00611946 0.999981 -0.000780466 -0.00240517 -0.0461888 0.0010623 0.998932 0.369579 
0.999006 -0.0154884 0.0417869 0.0744553 0.0153939 0.999878 0.00258377 0.00142598 -0.0418219 -0.00193793 0.999123 0.38121 
0.999299 -0.00546265 0.0370361 0.0587921 0.00539336 0.999983 0.00197098 -0.00244903 -0.0370462 -0.00176986 0.999312 0.381092 
0.999414 0.00199511 0.034176 0.0422668 -0.00189743 0.999994 -0.00289001 -0.00747779 -0.0341815 0.00282347 0.999412 0.383295 
0.999422 0.0117394 0.0318989 0.0202255 -0.0115967 0.999922 -0.00465467 -0.0140412 -0.0319511 0.00428205 0.99948 0.387808 
0.999555 0.00602257 0.0292002 0.0261841 -0.00593434 0.999978 -0.00310744 -0.0150115 -0.0292183 0.00293278 0.999569 0.392502 
0.999661 -0.000806311 0.0260273 0.0369186 0.000861958 0.999997 -0.00212715 -0.00925136 -0.0260256 0.00214887 0.999659 0.402378 
0.999697 -0.00613573 0.0238184 0.042572 0.00618479 0.999979 -0.00198578 -0.00461602 -0.0238056 0.0021325 0.999714 0.409122 
0.99976 -0.00825704 0.0203078 0.0456314 0.00841389 0.999935 -0.00764999 0.0100315 -0.0202433 0.00781901 0.999764 0.421576 
0.999805 -0.0018738 0.0196856 0.033783 0.0020404 0.999962 -0.00844645 0.0102941 -0.0196691 0.00848497 0.999771 0.428125 
0.999838 0.00296017 0.0177278 0.0220032 -0.00294477 0.999995 -0.000894592 0.00178039 -0.0177303 0.000842234 0.999842 0.449841 
0.999875 0.00301908 0.0155419 0.0212326 -0.00310336 0.999981 0.00540141 -0.00618774 -0.0155253 -0.00544896 0.999865 0.467892 
0.999891 0.000107434 0.0147496 0.0279007 -0.000162479 0.999993 0.00373144 -0.00863072 -0.0147491 -0.00373343 0.999884 0.474598 
0.999906 -0.00217897 0.0135227 0.0306091 0.00215121 0.999996 0.00206667 -0.00761986 -0.0135271 -0.00203739 0.999906 0.486831 
0.999922 -0.0037424 0.0119634 0.0326843 0.00373426 0.999993 0.000703623 -0.00509337 -0.011966 -0.00065889 0.999928 0.49714 
0.999941 -0.00318411 0.0104093 0.0304947 0.00319343 0.999995 -0.000878612 -0.00650859 -0.0104064 0.000911794 0.999946 0.514166 
0.999962 -0.00208588 0.00847461 0.026825 0.00209261 0.999997 -0.000785557 -0.00678229 -0.00847296 0.000803269 0.999964 0.529916 
0.99998 -0.00169028 0.00605153 0.0243454 0.00169237 0.999999 -0.000339187 -0.00511205 -0.00605094 0.000349415 0.999982 0.545706 
0.999982 -0.00139527 0.00582084 0.022049 0.00140252 0.999998 -0.00124024 -0.00275409 -0.00581908 0.00124838 0.999982 0.563728 
0.99998 -0.000296913 0.0063041 0.0205917 0.000303153 1 -0.000987799 -0.000805974 -0.00630381 0.000989687 0.99998 0.583904 
0.999986 -0.00235328 0.00470704 0.0203705 0.00235375 0.999997 -9.40084e-05 -0.00248301 -0.0047068 0.00010509 0.999989 0.602999 
0.999992 -0.00164476 0.00348811 0.0260315 0.00164438 0.999999 0.00011444 -0.00170183 -0.00348829 -0.0001087 0.999994 0.619008 
0.999993 -0.00102694 0.0034951 0.0222015 0.00102577 0.999999 0.000331603 -0.00313377 -0.00349544 -0.00032802 0.999994 0.639473 
0.999994 -0.00147111 0.00322348 0.0266037 0.00146934 0.999999 0.000550514 -0.00271535 -0.00322428 -0.000545768 0.999995 0.654489 
0.999988 -0.00464163 0.00133324 0.026268 0.00464142 0.999989 0.000166115 -0.00295353 -0.00133399 -0.000159922 0.999999 0.673503 
0.999992 -0.00399168 -0.00011614 0.0291138 0.00399171 0.999992 0.000197499 -0.00199461 0.000115339 -0.000197969 1 0.685827 
0.999997 -0.00189137 -0.00179471 0.0216064 0.00189152 0.999998 8.71515e-05 -0.00301647 0.00179455 -9.05409e-05 0.999998 0.707212 
0.999992 -0.0024883 -0.0031819 0.0191956 0.00248721 0.999997 -0.000345622 -0.00403786 0.00318275 0.000337707 0.999995 0.723202 
0.999993 -0.000856489 -0.00372709 0.0198669 0.000856906 1 0.000109081 -0.00411677 0.003727 -0.000112283 0.999993 0.739073 
0.999992 -0.00149476 -0.00375646 0.0131226 0.00150158 0.999997 0.00180827 -0.00781989 0.00375375 -0.00181388 0.999991 0.759296 
0.999993 5.40912e-06 -0.00385771 0.0115738 4.32134e-07 0.999999 0.00151273 -0.0094409 0.00385772 -0.00151273 0.999991 0.771921 
0.999989 0.00270186 -0.00398589 0.00645447 -0.00269256 0.999994 0.00233594 -0.00802779 0.00399217 -0.00232518 0.999989 0.788107 
0.999992 0.000967689 -0.00398082 0.00801849 -0.000963055 0.999999 0.00116719 -0.00900435 0.00398195 -0.00116334 0.999992 0.795465 
0.999989 0.00245111 -0.00401834 0.00592041 -0.00245377 0.999997 -0.000656622 -0.0122828 0.00401672 0.000666468 0.999992 0.803421 
0.999992 0.00200711 -0.0033811 0.0055542 -0.00201803 0.999993 -0.0032296 -0.015269 0.00337459 0.00323641 0.999989 0.805384 
0.999983 0.00557336 -0.00136902 0.00344086 -0.00558129 0.999967 -0.00586418 -0.0133159 0.0013363 0.00587173 0.999982 0.810568 
0.999997 0.00262439 0.000317149 0.0101776 -0.00262345 0.999992 -0.00287635 -0.00786352 -0.000324689 0.0028755 0.999996 0.815716 
0.999997 0.00242877 -8.49068e-05 0.00953674 -0.00242877 0.999997 9.7536e-05 -0.0133629 8.51676e-05 -9.73246e-05 1 0.819798 
0.999996 0.00282077 0.000176363 0.00888062 -0.00282126 0.999992 0.00284601 -0.0160198 -0.000168346 -0.00284649 0.999996 0.820267 
1 -0.000885844 0.000170089 0.0140839 0.000885744 0.999999 0.000546153 -0.0163389 -0.000170581 -0.000545995 1 0.818861 
0.999997 0.00228784 -0.00015761 0.0128632 -0.00228763 0.999997 0.00128531 -0.0175126 0.000160545 -0.00128495 0.999999 0.819143 
0.999999 0.0017027 0.000335559 0.0151825 -0.00170273 0.999999 8.3925e-05 -0.0219545 -0.000335403 -8.45043e-05 1 0.816986 
0.999997 0.00253162 -8.29697e-05 0.0107803 -0.00253167 0.999997 -0.000667571 -0.0183738 8.12709e-05 0.000667776 1 0.81386 
0.999995 0.00302564 0.00131547 0.0119629 -0.00302425 0.999995 -0.00104837 -0.0173444 -0.00131864 0.00104439 0.999999 0.812431 
0.999992 0.00293002 0.00274844 0.0112305 -0.00293033 0.999996 0.000112685 -0.0166941 -0.0027481 -0.000120738 0.999996 0.813316 
0.999989 0.00271156 0.00395136 0.0138321 -0.00271747 0.999995 0.00148801 -0.0168693 -0.0039473 -0.00149873 0.999991 0.811543 
0.999985 0.00218568 0.0049807 0.0140152 -0.00219885 0.999994 0.00263844 -0.0189674 -0.00497493 -0.00264935 0.999984 0.813419 
0.999978 0.00220965 0.00632145 0.0175171 -0.00222543 0.999995 0.00249104 -0.0196185 -0.00631591 -0.00250506 0.999977 0.812702 
0.999971 0.000672381 0.00754311 0.0219955 -0.000672713 1 4.0759e-05 -0.0204021 -0.00754307 -4.58277e-05 0.999972 0.807426 
0.999961 0.000706051 0.00883388 0.0229111 -0.000697151 0.999999 -0.00101009 -0.0185928 -0.00883459 0.00100388 0.99996 0.802036 
0.999949 -0.000370987 0.0101091 0.0280457 0.000379033 1 -0.000794236 -0.0172039 -0.0101088 0.000798033 0.999949 0.801231 
0.999947 -0.000947192 0.0102805 0.0270538 0.0009383 0.999999 0.000869727 -0.0175845 -0.0102813 -0.000860038 0.999947 0.79755 
0.999941 0.0011939 0.010824 0.0247803 -0.00121021 0.999998 0.00150022 -0.0184664 -0.0108222 -0.00151324 0.99994 0.792202 
0.999936 -0.00119638 0.0112051 0.028656 0.0011888 0.999999 0.000683056 -0.0155046 -0.0112059 -0.000669689 0.999937 0.791821 
0.999938 -0.000216391 0.0111541 0.0284729 0.000216588 1 -1.58027e-05 -0.0165049 -0.011154 1.82245e-05 0.999938 0.786701 
0.999938 -1.0848e-05 0.0111234 0.0265808 1.79745e-05 1 -0.000639436 -0.0175351 -0.0111234 0.000639584 0.999938 0.779709 
0.999942 0.000459261 0.0107737 0.0259399 -0.000446919 0.999999 -0.00114774 -0.0164135 -0.0107742 0.00114287 0.999941 0.775887 
0.999946 -0.000633117 0.0103577 0.0261993 0.000643559 0.999999 -0.00100549 -0.0150353 -0.0103571 0.0010121 0.999946 0.769154 
0.999953 -0.00071618 0.00962563 0.0258942 0.000723135 0.999999 -0.00071937 -0.0151393 -0.00962511 0.000726302 0.999953 0.761333 
0.999953 -0.000500768 0.00968009 0.0277939 0.000504721 1 -0.000404658 -0.016105 -0.00967988 0.000409522 0.999953 0.754261 
0.999954 -0.000427458 0.00958201 0.0244522 0.000428237 1 -7.97757e-05 -0.0142691 -0.00958199 8.38737e-05 0.999954 0.746944 
0.999961 -0.00130216 0.00870267 0.0270309 0.00129931 0.999999 0.000332615 -0.0154992 -0.00870309 -0.000321295 0.999962 0.739876 
0.999971 -0.00149529 0.00746372 0.0255737 0.00148464 0.999998 0.00143295 -0.0154316 -0.00746586 -0.00142182 0.999971 0.732327 
0.999981 -0.00276488 0.00543959 0.0246201 0.00275556 0.999995 0.00172147 -0.0182078 -0.00544432 -0.00170645 0.999984 0.723404 
0.999988 -0.00302051 0.00401157 0.0230103 0.00301221 0.999993 0.00207289 -0.0149643 -0.0040177 -0.00206078 0.99999 0.717701 
0.999994 -0.00171675 0.00290913 0.0192871 0.00171265 0.999998 0.00141347 -0.015245 -0.00291169 -0.00140847 0.999995 0.705799 
0.999998 -0.00046812 0.00185295 0.0162506 0.000466678 0.999999 0.000773655 -0.0160642 -0.00185331 -0.000772791 0.999998 0.690674 
0.999999 -0.000416771 0.00100379 0.0147781 0.000416845 1 -7.35475e-05 -0.01578 -0.00100376 7.39656e-05 0.999999 0.677452 
0.999999 -0.00104589 -0.000745207 0.0143738 0.00104507 0.999999 -0.00109056 -0.0155892 0.000746362 0.00108979 0.999999 0.659492 
0.999996 -0.00118265 -0.00270727 0.0119934 0.00117957 0.999999 -0.00113719 -0.0147591 0.00270858 0.001134 0.999996 0.643116 
0.999988 -0.000105157 -0.00496377 0.00605774 0.000101343 1 -0.000769783 -0.0141911 0.0049639 0.000769271 0.999987 0.624165 
0.999972 0.000608105 -0.00747049 0.000938416 -0.000612225 1 -0.000547601 -0.0139909 0.00747015 0.000552153 0.999972 0.604813 
0.99994 0.000879977 -0.0109635 -0.00353241 -0.000883196 1 -0.000290019 -0.0145736 0.0109633 0.000299684 0.99994 0.584869 
0.999908 0.000284903 -0.0135301 -0.00627136 -0.0002863 1 -0.000101182 -0.0145664 0.01353 0.000105048 0.999908 0.564213 
0.999863 0.000971477 -0.0165234 -0.0118332 -0.00099206 0.999999 -0.00123673 -0.0135861 0.0165222 0.00125296 0.999863 0.543491 
0.999784 0.00103476 -0.0207525 -0.0226517 -0.00109037 0.999996 -0.00266842 -0.0173621 0.0207496 0.00269048 0.999781 0.535019 
0.99971 0.00144978 -0.0240509 -0.0261688 -0.00152335 0.999994 -0.00304087 -0.0157366 0.0240463 0.00307662 0.999706 0.52726 
0.999616 0.00134607 -0.0276717 -0.0225143 -0.00139341 0.999998 -0.00169182 -0.0118037 0.0276694 0.00172973 0.999616 0.523312 
0.999464 0.00105703 -0.0327169 -0.0329132 -0.00104686 0.999999 0.000327967 -0.0106053 0.0327172 -0.000293534 0.999465 0.524055 
0.999297 0.00033588 -0.0374812 -0.037178 -0.000244498 0.999997 0.00244286 -0.0102799 0.0374819 -0.00243198 0.999294 0.520657 
0.999139 0.00115811 -0.0414835 -0.0339432 -0.0010077 0.999993 0.00364696 -0.0126064 0.0414874 -0.00360202 0.999133 0.512802 
0.998993 0.00212703 -0.0448135 -0.0488281 -0.00190119 0.999985 0.00508145 -0.0127682 0.0448238 -0.00499114 0.998983 0.511658 
0.998817 0.00362741 -0.0484971 -0.0526505 -0.00342898 0.999986 0.00417391 -0.0157717 0.0485114 -0.00400267 0.998815 0.513557 
0.998645 0.00330334 -0.0519265 -0.0487213 -0.00317898 0.999992 0.00247733 -0.0187936 0.0519343 -0.00230889 0.998648 0.494606 
0.998411 0.000800094 -0.0563477 -0.0618515 -0.00077261 1 0.000509497 -0.0143485 0.056348 -0.000465157 0.998411 0.495171 
0.998131 -0.0030308 -0.0610283 -0.0620804 0.00293112 0.999994 -0.00172281 -0.0154946 0.0610332 0.00154071 0.998135 0.489914 
0.99791 -0.0016838 -0.0645997 -0.0505562 0.00142582 0.999991 -0.00403936 -0.0145763 0.0646058 0.00393881 0.997903 0.462868 
0.997772 -0.00277522 -0.0666646 -0.0693665 0.0024236 0.999983 -0.00535499 -0.0136292 0.0666784 0.00518149 0.997761 0.474884 
0.997696 0.00211705 -0.067812 -0.0627289 -0.00236468 0.999991 -0.00357165 -0.00749135 0.0678039 0.00372377 0.997692 0.451424 
0.99767 0.00203724 -0.0681976 -0.080265 -0.00221049 0.999995 -0.00246514 -0.00675839 0.0681921 0.00261015 0.997669 0.470634 
0.997654 -0.000546223 -0.0684642 -0.0769615 0.000424322 0.999998 -0.00179493 -0.00632948 0.0684652 0.00176166 0.997652 0.469894 
0.997699 -0.00173035 -0.0677768 -0.0638046 0.00176822 0.999998 0.000498528 -0.00795424 0.0677758 -0.000617215 0.9977 0.447807 
0.997741 -0.000161624 -0.0671845 -0.0756435 0.000498679 0.999987 0.00500009 -0.00791597 0.067183 -0.0050223 0.997728 0.471375 
0.997752 -0.000197187 -0.0670174 -0.077774 0.000664042 0.999976 0.00694406 -0.0105727 0.0670143 -0.00697295 0.997728 0.471481 
0.997879 0.000955462 -0.0650867 -0.0751371 -0.000574624 0.999983 0.00586977 -0.012109 0.0650911 -0.00581991 0.997862 0.450729 
0.998106 0.000661303 -0.061521 -0.0740798 -0.000247129 0.999977 0.00673951 -0.0101864 0.061524 -0.00671153 0.998083 0.475388 
0.998407 0.00324526 -0.0563217 -0.0718889 -0.00294411 0.999981 0.00542923 -0.0150373 0.0563383 -0.00525477 0.998398 0.476646 
0.998712 0.00307528 -0.0506377 -0.0660648 -0.00293139 0.999992 0.00291558 -0.0132904 0.0506463 -0.00276338 0.998713 0.465195 
0.99906 0.00759641 -0.0426752 -0.0680828 -0.00748856 0.999968 0.00268664 -0.00839043 0.0426941 -0.00236454 0.999085 0.486046 
0.999297 0.00411786 -0.0372665 -0.0567398 -0.00419207 0.999989 -0.00191359 -0.0054965 0.0372583 0.00206847 0.999303 0.475937 
0.999475 0.00209558 -0.0323326 -0.0432129 -0.00213221 0.999997 -0.00109872 -0.0042038 0.0323301 0.00116708 0.999477 0.489723 
0.999707 -0.0061092 -0.0234403 -0.0213833 0.00609784 0.999981 -0.000556471 -0.00703239 0.0234433 0.000413378 0.999725 0.491928 
0.999859 -0.00300685 -0.0164937 -0.0163193 0.00301634 0.999995 0.000550264 -0.0114567 0.016492 -0.000599943 0.999864 0.495682 
0.999909 0.00402426 -0.0128898 -0.0205154 -0.00403113 0.999992 -0.000505931 -0.00605392 0.0128876 0.000557852 0.999917 0.506866 
0.999935 0.00566782 -0.00993526 -0.0190887 -0.00566602 0.999984 0.00020845 0.000558376 0.00993621 -0.000152148 0.999951 0.517868 
0.999958 0.00698401 -0.00599734 -0.0165977 -0.00699255 0.999975 -0.00140252 -0.00767088 0.00598747 0.0014444 0.999981 0.525368 
0.99998 0.00570201 -0.00289327 -0.0106735 -0.00571336 0.999976 -0.00393054 -0.0120504 0.00287078 0.00394699 0.999988 0.535812 
0.999999 0.00120591 -0.000737771 -0.000846863 -0.00120738 0.999997 -0.00198412 -0.013906 0.000735387 0.00198501 0.999998 0.545662 
0.999996 -0.00150534 0.00240867 0.00645447 0.00151232 0.999995 -0.0028953 -0.0108552 -0.00240436 0.00289893 0.999993 0.556381 
0.999985 -0.00342056 0.00428951 0.0111313 0.0034502 0.99997 -0.00692097 -0.0058881 -0.00426565 0.00693567 0.999967 0.564468 
0.99999 -0.00126434 0.0042711 0.00712967 0.00128591 0.999986 -0.00505484 -0.00297022 -0.00426468 0.00506029 0.999978 0.576523 
0.999977 0.00515339 0.00449526 -0.00186539 -0.00515773 0.999986 0.000958789 -0.0050714 -0.0044902 -0.000981949 0.99999 0.597656 
0.999974 0.00455578 0.00568782 -0.00395203 -0.00457824 0.999982 0.00394114 -0.00694937 -0.00566973 -0.00396707 0.999976 0.608826 
0.999986 -0.00199051 0.00484335 0.00874329 0.00196786 0.999987 0.00467808 -0.00865555 -0.0048528 -0.0046685 0.999977 0.623283 
0.999988 -0.00320829 0.00371529 0.0110283 0.00318603 0.999977 0.00598015 -0.00990069 -0.00373422 -0.00596823 0.999975 0.633347 
0.999993 -0.0015481 0.00348526 0.00765991 0.00153123 0.999987 0.00483747 -0.0118515 -0.00349268 -0.0048321 0.999982 0.646561 
0.999986 -0.00430114 0.0031229 0.00773621 0.00429784 0.99999 0.0010643 -0.0109606 -0.00312744 -0.00105087 0.999995 0.652679 
0.99999 -0.00443288 0.000566676 0.00872231 0.00443435 0.999987 -0.00262344 -0.0128736 -0.000555113 0.00262593 0.999996 0.661667 
0.999997 -0.00239692 -0.000344828 0.00388908 0.00239474 0.999978 -0.00615699 -0.0129762 0.000359505 0.00615614 0.999981 0.665932 
1 -0.00026062 -0.00071992 -0.00198555 0.000254949 0.999969 -0.0078724 -0.00986266 0.000721946 0.00787222 0.999969 0.678703 
0.999994 0.00268793 -0.00232397 -0.00470161 -0.0026987 0.999985 -0.0046437 -0.0047425 0.00231139 0.00464994 0.999987 0.692924 
0.999997 -0.000413031 -0.00255837 -0.00157547 0.000423967 0.999991 0.00427716 -0.0017904 0.00255665 -0.00427823 0.999988 0.713593 
0.999994 -0.00288979 -0.00171618 0.00260925 0.00290234 0.999969 0.00735576 -0.00896525 0.00169481 -0.00736069 0.999972 0.729759 
0.999995 0.00208399 -0.00259773 -0.00300598 -0.00206607 0.999974 0.00688208 -0.0153573 0.00261192 -0.00687668 0.999973 0.739418 
0.999993 0.00318358 -0.00187522 -0.00763321 -0.00318494 0.999995 -0.000725404 -0.0163772 0.00187291 0.000731381 0.999998 0.743073 
0.999985 0.00510409 -0.00184308 -0.0116234 -0.00511266 0.999976 -0.00467175 -0.0140133 0.00181928 0.00468109 0.999987 0.748817 
0.999993 -0.000324355 -0.00377384 -0.00377274 0.000303568 0.999985 -0.00550451 -0.00972724 0.00377554 0.00550333 0.999978 0.761185 
0.99999 -0.00157059 -0.0041399 -0.00268936 0.00155749 0.999994 -0.00316486 -0.00799453 0.00414486 0.00315838 0.999986 0.773727 
0.999991 -0.00164653 -0.00384979 -0.000965118 0.0016522 0.999997 0.00147222 -0.00861299 0.00384739 -0.00147856 0.999991 0.789413 
0.999985 -0.0041629 -0.00363179 0.00260544 0.00416803 0.99999 0.00140603 -0.0124598 0.00362583 -0.00142114 0.999992 0.797905 
0.999998 -0.000895643 -0.00186935 0.00147247 0.000901127 0.999995 0.00293682 -0.0131465 0.00186674 -0.0029385 0.999994 0.811729 
0.999995 -0.00253084 -0.00160351 0.000518799 0.00253509 0.999993 0.00265273 -0.0110488 0.00159675 -0.00265678 0.999995 0.830528 
0.999987 -0.00514042 -0.000660807 0.00606537 0.00514125 0.999986 0.0012593 -0.0123966 0.00065428 -0.00126268 0.999999 0.831131 
0.999999 0.000923366 -0.000665337 -0.000823975 -0.000922382 0.999999 0.00146109 -0.0156775 0.000666767 -0.00146048 0.999999 0.840256 
0.99999 0.00456602 0.000580639 -0.00653458 -0.00456485 0.999988 -0.00198524 -0.0172577 -0.000589758 0.00198257 0.999998 0.838913 
0.999984 0.00556756 0.000628248 -0.00743866 -0.00556555 0.999979 -0.00318672 -0.0153358 -0.000645936 0.00318317 0.999995 0.843765 
0.999971 0.00758743 0.00074172 -0.0080986 -0.0075863 0.99997 -0.00151858 -0.0114074 -0.000753254 0.00151289 0.999999 0.84906 
0.999969 0.00741949 0.00275014 -0.00991058 -0.00742174 0.999972 0.000812348 -0.0141793 -0.00274405 -0.000832721 0.999996 0.856247 
0.999988 0.00359798 0.00327285 -0.00505829 -0.00360701 0.99999 0.00275577 -0.0164338 -0.00326289 -0.00276754 0.999991 0.861343 
0.999997 0.000363959 0.00251715 0.001194 -0.000362798 1 -0.000463717 -0.017242 -0.00251737 0.000462799 0.999997 0.861435 
0.999997 -0.000953162 0.00208259 -0.00107956 0.000959972 0.999994 -0.00327339 -0.0125182 -0.00207937 0.00327538 0.999992 0.8638 
0.999973 -0.00730029 0.000939086 0.00256348 0.00729925 0.999973 0.0011158 -0.000771165 -0.000947312 -0.00110891 0.999999 0.88002 
0.999976 -0.00690117 0.000317588 0.00631714 0.00690126 0.999976 -0.000300715 -0.00843549 -0.000315383 0.000302892 1 0.873215 
0.999998 -0.00131214 0.00152148 -0.000511169 0.00131203 0.999999 7.77952e-05 -0.011066 -0.00152168 -7.5791e-05 0.999999 0.871399 
0.999992 0.00381262 0.00106519 -0.00876999 -0.00381441 0.999991 0.0016958 -0.00847268 -0.00105867 -0.00169985 0.999998 0.8741 
0.999996 0.00261292 0.000936121 -0.00875854 -0.00261801 0.999982 0.00545041 -0.00819087 -0.000921905 -0.00545285 0.999985 0.874878 
0.999988 0.00488029 0.00103936 -0.005867 -0.00488613 0.999972 0.00569937 -0.0178399 -0.00101149 -0.00570437 0.999983 0.869492 
0.999998 -0.0017724 0.00129469 0.0071106 0.00177973 0.999982 -0.00568577 -0.0302341 -0.0012847 0.00568806 0.999983 0.846603 
0.999977 -0.00675754 0.000486732 0.0181656 0.00676366 0.99988 -0.0139282 -0.0288551 -0.000392511 0.0139312 0.999903 0.836441 
0.99998 -0.0063665 -0.000355646 0.0191231 0.0063625 0.999927 -0.0102747 -0.0176528 0.000421166 0.0102723 0.999947 0.83844 
1 -0.000446808 -0.000904724 0.00993729 0.000451676 0.999985 0.00539327 -0.0079431 0.000902221 -0.00539366 0.999985 0.853439 
0.999999 -0.000894799 -0.00126149 0.00654602 0.000923011 0.999746 0.0225365 -0.00913215 0.00124109 -0.0225377 0.999745 0.869858 
0.999999 0.000979417 -0.00127707 0.00688553 -0.000955275 0.999823 0.0187747 -0.0297241 0.00129516 -0.0187735 0.999823 0.86113 
0.999999 0.00136108 -0.000588998 0.00810242 -0.00136503 0.999976 -0.00676643 -0.0282512 0.000579759 0.00676722 0.999977 0.832504 
0.99999 0.00435204 -0.00116093 0.00656128 -0.00437 0.999863 -0.0159413 -0.0152349 0.00109145 0.0159462 0.999872 0.81955 
0.999999 -0.00103088 -0.00105399 0.013813 0.00102098 0.999956 -0.00934427 -0.00233221 0.00106354 0.00934319 0.999956 0.823456 
0.999988 -0.00442211 -0.00195611 0.0171623 0.0044201 0.99999 -0.00103351 -0.0108441 0.00196069 0.00102486 0.999998 0.829803 
0.999996 0.000483489 -0.0027654 0.000377655 -0.000473982 0.999994 0.00343897 -0.00742233 0.00276694 -0.00343765 0.99999 0.832779 
0.999994 -0.000828868 -0.00349879 -0.000297546 0.000823085 0.999998 -0.00165267 -0.000501156 0.00350024 0.00164978 0.999992 0.822083 
0.999988 3.94457e-05 -0.00492799 0.00164032 -5.1084e-05 0.999997 -0.00236061 0.00480008 0.00492786 0.00236084 0.999985 0.817551 
0.999982 0.00505598 -0.00321819 -0.00649643 -0.00505201 0.999987 0.00123963 -0.00387561 0.00322449 -0.00122335 0.999994 0.832275 
0.999979 0.00616329 -0.00208114 -0.00546646 -0.00616783 0.999979 -0.00218415 -0.00193727 0.00206757 0.00219693 0.999995 0.802551 
0.999995 0.00240304 -0.00186075 0.000255585 -0.00239803 0.999993 0.00269823 -0.00562632 0.00186723 -0.00269376 0.999995 0.820236 
0.999998 -0.00102981 -0.00148043 0.00625229 0.00103704 0.999987 0.00488097 -0.0067687 0.00147538 -0.00488249 0.999987 0.819748 
0.999998 -0.00114806 -0.00130288 0.00634384 0.00114837 0.999999 0.000239956 -0.0119319 0.00130267 -0.000241451 0.999999 0.81366 
0.999993 -0.00272729 -0.00265405 0.00261307 0.00271728 0.999989 -0.00376822 -0.0117276 0.00266424 0.00376098 0.999989 0.81015 
0.999977 -0.00512225 -0.00443892 0.00690842 0.00510928 0.999983 -0.00292791 -0.00478935 0.00445384 0.00290516 0.999986 0.802795 
0.999971 -0.00365775 -0.00669663 -0.00230408 0.00364456 0.999991 -0.00198068 -0.00784695 0.00670382 0.00195622 0.999976 0.810638 
0.999977 -0.000155977 -0.00673431 -0.00927353 0.000187528 0.999989 0.00468543 -0.00823629 0.00673354 -0.00468658 0.999966 0.815994 
0.999981 -0.000351608 -0.00625452 -0.00662994 0.000407063 0.999961 0.00886796 -0.0119798 0.00625114 -0.00887033 0.999941 0.818466 
0.999987 -0.00285651 -0.00417967 -0.0112114 0.0028929 0.999958 0.00872784 -0.00936151 0.00415452 -0.00873983 0.999953 0.817337 
0.99996 0.00807923 -0.00399657 -0.0197906 -0.00806198 0.999958 0.00431356 -0.0154896 0.00403121 -0.00428117 0.999983 0.810944 
0.999988 0.00230458 -0.00441688 -0.0182037 -0.00232897 0.999982 -0.00552409 -0.0193639 0.00440422 0.0055343 0.999975 0.801559 
0.999974 -0.00150844 -0.00704846 -0.0080986 0.00143526 0.999945 -0.0103754 -0.013721 0.00706369 0.010365 0.999921 0.797379 
0.999971 -0.00398049 -0.00655486 -0.00597382 0.0039353 0.999969 -0.00689256 -0.00397706 0.00658211 0.00686656 0.999955 0.805511 
0.999977 -0.00128467 -0.00668667 -0.00899506 0.00128983 0.999999 0.00076817 -0.00632262 0.00668558 -0.000776775 0.999977 0.815826 
0.999941 0.00759621 -0.00773884 -0.0199585 -0.00756693 0.999964 0.00380533 -0.0135977 0.0077676 -0.00374655 0.999963 0.821884 
0.999952 0.00589211 -0.00777943 -0.0212097 -0.00589877 0.999982 -0.00083336 -0.0127635 0.00777435 0.000879219 0.99997 0.817551 
0.999949 0.00182566 -0.0099366 -0.0101585 -0.00188555 0.99998 -0.00602168 -0.0101123 0.00992541 0.00604011 0.999932 0.812561 
0.999962 -0.0017678 -0.00857938 -0.00619888 0.00174436 0.999995 -0.00274048 -0.00114083 0.00858409 0.0027254 0.999959 0.815964 
0.999967 0.000139151 -0.00811178 -0.00761032 -0.000129439 0.999999 0.00119794 -0.00191236 0.00811206 -0.00119684 0.999966 0.822815 
0.999961 0.00400036 -0.00789513 -0.0207062 -0.00394456 0.999967 0.00706931 -0.000976562 0.00792313 -0.00703789 0.999944 0.828186 
0.99996 0.00379674 -0.0081096 -0.0214157 -0.0037503 0.999976 0.00573363 -0.0105453 0.00813116 -0.00570299 0.999951 0.830612 
0.999971 -0.000606508 -0.00760658 -0.0140915 0.000634005 0.999993 0.00361426 -0.0130379 0.00760436 -0.00361898 0.999965 0.825089 
0.99998 6.79746e-05 -0.00629459 -0.0102234 -5.99274e-05 0.999999 0.00127868 -0.0144746 0.00629468 -0.00127828 0.999979 0.823685 
0.99999 -0.000744208 -0.00440139 -0.00998688 0.000739548 0.999999 -0.00106143 -0.0171964 0.00440218 0.00105816 0.99999 0.823746 
0.999982 0.00412917 -0.00438007 -0.0144997 -0.00415797 0.99997 -0.00658339 -0.0193939 0.00435276 0.00660148 0.999969 0.820084 
0.999973 0.00655206 -0.00337616 -0.0218773 -0.0065708 0.999963 -0.00557106 -0.0108232 0.00333953 0.00559309 0.999979 0.818512 
0.999996 0.000753904 -0.00263364 -0.0171661 -0.000764051 0.999992 -0.00385119 -0.00397301 0.00263072 0.0038532 0.999989 0.81752 
0.999992 0.00216847 -0.00327348 -0.0131874 -0.00214753 0.999977 0.00638368 0.00121566 0.00328725 -0.0063766 0.999974 0.835297 
0.999994 0.00272279 -0.00230241 -0.0174332 -0.00270092 0.999952 0.00944847 -0.00213897 0.00232802 -0.00944219 0.999953 0.840179 
0.999993 0.00130654 -0.00353507 -0.0133171 -0.00127757 0.999966 0.00818232 -0.0115185 0.00354563 -0.00817774 0.99996 0.835968 
0.999986 -0.00247151 -0.00478201 -0.00979614 0.00245777 0.999993 -0.00287417 -0.0157444 0.0047891 0.00286238 0.999985 0.823715 
0.999927 -0.0110134 -0.00501306 0.0030632 0.0109697 0.999902 -0.00865934 -0.0124638 0.00510795 0.00860372 0.99995 0.815445 
0.999961 -0.00547748 -0.00694109 -0.00432587 0.00542595 0.999958 -0.00742188 9.25064e-05 0.00698144 0.00738393 0.999948 0.81842 
0.999967 0.00415024 -0.00692188 -0.0198746 -0.00413726 0.99999 0.00188864 0.00141311 0.00692964 -0.00185995 0.999974 0.827728 
0.999971 -0.00160238 -0.00747699 -0.0135498 0.00163866 0.999987 0.00485076 -0.00374186 0.00746911 -0.00486286 0.99996 0.834747 
