1 -9.04368e-12 -2.32681e-11 -5.55112e-17 -9.04368e-12 1 -2.39237e-10 -3.33067e-16 -2.32681e-11 -2.39237e-10 1 4.44089e-16 
0.999998 -0.000529651 0.00206632 0.0451134 0.000527263 0.999999 0.00115596 0.0274314 -0.00206693 -0.00115487 0.999997 -0.858822 
0.999998 -0.000526482 0.00206321 0.0432692 0.000524099 0.999999 0.00115542 0.0264273 -0.00206381 -0.00115434 0.999997 -0.85783 
0.999998 -0.000524674 0.00206543 0.0415354 0.000522284 0.999999 0.00115788 0.0254885 -0.00206604 -0.0011568 0.999997 -0.859056 
0.999998 -0.000521578 0.00206257 0.039702 0.000519191 0.999999 0.00115749 0.0244858 -0.00206318 -0.00115641 0.999997 -0.858164 
0.999998 -0.0005197 0.00206453 0.0379601 0.000517305 0.999999 0.00115981 0.0235375 -0.00206513 -0.00115874 0.999997 -0.859276 
0.999998 -0.000516589 0.0020616 0.0361311 0.0005142 0.999999 0.00115937 0.0225324 -0.0020622 -0.00115831 0.999997 -0.858343 
0.999998 -0.000514786 0.00206387 0.0343919 0.00051239 0.999999 0.00116188 0.0215812 -0.00206447 -0.00116082 0.999997 -0.859581 
0.999998 -0.00051165 0.0020608 0.0325661 0.000509257 0.999999 0.00116136 0.020573 -0.0020614 -0.00116031 0.999997 -0.858582 
0.999998 -0.000509673 0.0020624 0.0308138 0.000507274 0.999999 0.00116349 0.0196092 -0.00206298 -0.00116244 0.999997 -0.859531 
0.999998 -0.000507357 0.00206264 0.029039 0.000504954 0.999999 0.00116485 0.0186286 -0.00206323 -0.00116381 0.999997 -0.859905 
0.999998 -0.00050401 0.00205865 0.027211 0.000501615 0.999999 0.00116383 0.0176112 -0.00205924 -0.0011628 0.999997 -0.858523 
0.999998 -0.000502285 0.0020613 0.0254692 0.000499882 0.999999 0.00116656 0.0166474 -0.00206189 -0.00116553 0.999997 -0.859893 
0.999998 -0.000499752 0.00206064 0.0236852 0.000497348 0.999999 0.00116743 0.0156537 -0.00206122 -0.00116639 0.999997 -0.859889 
0.999998 -0.000626148 0.00206973 0.0219358 0.000623558 0.999999 0.00125205 0.0146926 -0.00207051 -0.00125075 0.999997 -0.859187 
0.999997 0.0014674 0.00187389 0.0192475 -0.00146718 0.999999 -0.000117397 0.0128576 -0.00187407 0.000114638 0.999998 -0.855558 
0.999995 -0.00232688 0.00222971 0.0193009 0.0023216 0.999994 0.00236807 0.014328 -0.0022352 -0.00236287 0.999995 -0.863333 
0.999998 -0.000953089 0.00165043 0.0191017 0.000948767 0.999996 0.00261841 0.0119303 -0.00165293 -0.00261685 0.999995 -0.870433 
0.999991 -0.00372648 0.00199178 0.022904 0.0037226 0.999991 0.00194745 0.0114902 -0.00199902 -0.00194001 0.999996 -0.881243 
0.999998 -0.00115415 0.0013549 0.0185179 0.0011546 0.999999 -0.000331681 0.0110613 -0.0013545 0.000333246 0.999999 -0.89166 
0.999999 0.000301991 0.00160576 0.0176988 -0.000299289 0.999999 -0.00168112 0.0132844 -0.00160628 0.00168064 0.999997 -0.901449 
0.999999 -0.000166558 0.00152141 0.0131954 0.000168783 0.999999 -0.00146026 0.0134627 -0.00152116 0.00146051 0.999998 -0.90597 
0.999999 0.00048634 0.00118347 0.0158565 -0.000485794 1 -0.000466892 0.0124159 -0.0011837 0.000466309 0.999999 -0.912825 
0.999998 -0.000240587 0.00175629 0.0118797 0.000239449 1 0.000647891 0.0121437 -0.00175644 -0.000647468 0.999998 -0.91494 
0.999998 0.00167831 0.00105608 0.0115689 -0.00167959 0.999998 0.00121457 0.0115202 -0.00105405 -0.00121634 0.999999 -0.918362 
1 0.000312747 0.000780076 0.00964706 -0.000311513 0.999999 -0.0015831 0.0119679 -0.000780564 0.00158286 0.999999 -0.928572 
0.999999 -0.00152625 4.98965e-05 0.0133107 0.00152644 0.999991 -0.00393176 0.0176378 -4.39025e-05 0.00393183 0.999992 -0.935886 
0.999999 -0.000629872 -0.000804387 0.0114916 0.00062689 0.999993 -0.00369984 0.0218242 0.000806719 0.00369933 0.999993 -0.937008 
0.999998 0.00105236 -0.00142765 0.00948259 -0.00105603 0.999996 -0.00258004 0.0195842 0.00142493 0.00258154 0.999996 -0.94376 
0.999999 0.00024989 -0.00143894 0.0107429 -0.000251616 0.999999 -0.00119532 0.0174244 0.00143864 0.00119568 0.999998 -0.946659 
0.999999 -0.000348634 -0.00118437 0.0112792 0.000351664 0.999997 0.00255763 0.014868 0.00118345 -0.00255804 0.999996 -0.949247 
0.999999 -0.00122675 -0.000953179 0.0125505 0.00123176 0.999985 0.00527016 0.0121325 0.000946719 -0.00527133 0.999986 -0.953144 
0.999999 0.000567436 -0.00123731 0.0109999 -0.000563087 0.999994 0.00351089 0.0100149 0.0012393 -0.00351019 0.999993 -0.959921 
0.999997 0.00246401 -0.000716671 0.0096029 -0.00246489 0.999996 -0.00121534 0.0127981 0.000713669 0.00121711 0.999999 -0.969736 
0.999998 0.00189408 0.000200607 0.00997055 -0.00189307 0.999986 -0.0048929 0.0155621 -0.000209864 0.00489251 0.999988 -0.976856 
0.999994 0.00341014 0.000929389 0.00928226 -0.00340634 0.999986 -0.00405353 0.0191137 -0.00094321 0.00405034 0.999991 -0.980598 
0.99997 0.00766931 0.00107853 0.000524163 -0.00766971 0.999971 0.000370788 0.0153475 -0.00107567 -0.000379048 0.999999 -0.980499 
0.999995 0.00289211 0.0016304 0.00574747 -0.00289848 0.999988 0.00392367 0.0103047 -0.00161903 -0.00392838 0.999991 -0.980499 
0.999998 -0.00100982 0.00155653 0.011984 0.00100299 0.99999 0.00438394 0.0106966 -0.00156096 -0.00438237 0.999989 -0.985699 
0.999998 -0.000633836 0.00190204 0.0132005 0.000631424 0.999999 0.00126822 0.0225663 -0.00190283 -0.00126702 0.999997 -1.01302 
0.999999 0.000163456 0.00106225 0.0149067 -0.000161181 0.999998 -0.00214111 0.0467505 -0.0010626 0.00214093 0.999997 -1.05931 
0.999995 -0.00318096 0.0010224 0.0178095 0.00318415 0.99999 -0.00312988 0.0409919 -0.00101244 0.00313312 0.999995 -1.04368 
0.999999 -0.000192788 0.00129368 0.0148317 0.000194066 0.999999 -0.000987996 0.041839 -0.00129348 0.000988242 0.999999 -1.0456 
0.999999 -0.000764898 0.000994653 0.012492 0.000767189 0.999997 -0.00230497 0.0332923 -0.00099289 0.00230574 0.999997 -1.03445 
1 0.000582849 5.38491e-05 0.0134503 -0.000582639 0.999993 -0.00382428 0.0370382 -5.60731e-05 0.00382425 0.999993 -1.03713 
0.999983 -0.00589802 0.000467885 0.0221011 0.00589882 0.999981 -0.00171737 0.02888 -0.000457741 0.0017201 0.999999 -1.02513 
1 -0.00047093 -8.45306e-05 0.0181728 0.000470905 1 -0.00030577 0.0293311 8.46572e-05 0.000305729 1 -1.02428 
1 0.000186416 0.000144836 0.0143707 -0.000186673 0.999998 0.00178139 0.0224067 -0.0001445 -0.00178142 0.999998 -1.01217 
0.999997 -0.00245111 -0.000246696 0.0199563 0.00245179 0.999993 0.00281331 0.0242689 0.000239801 -0.0028139 0.999996 -1.00742 
0.999999 0.00016908 0.000973977 0.0126154 -0.000169189 1 0.00011385 0.0278172 -0.000973962 -0.000114016 0.999999 -1.00319 
0.999997 0.0020283 0.00131572 0.00920163 -0.00202627 0.999997 -0.00154226 0.0261736 -0.00131885 0.00153959 0.999998 -1.00131 
1 -0.000144558 0.000874009 0.0137058 0.000145441 1 -0.00101035 0.0294448 -0.00087386 0.00101048 0.999999 -0.997101 
0.999996 -0.00288911 0.000261534 0.0186906 0.00288853 0.999994 0.00217342 0.0261 -0.000267819 -0.00217266 0.999998 -0.988518 
1 -0.000703884 0.000734907 0.0170812 0.000699889 0.999985 0.00543577 0.0192311 -0.000738733 -0.00543525 0.999985 -0.980206 
1 -0.000455465 0.000464756 0.0124647 0.000455094 0.999999 0.000797263 0.0166479 -0.000465102 -0.000797043 1 -0.984272 
1 0.000560491 0.000306964 0.010091 -0.000559491 0.999995 -0.00325779 0.0261749 -0.0003088 0.00325761 0.999995 -0.98317 
0.999996 0.00287887 0.00031215 0.00898826 -0.00287789 0.999991 -0.00309738 0.0237439 -0.00032106 0.00309647 0.999995 -0.978817 
0.999999 0.00126728 0.000285648 0.0100721 -0.00126704 0.999999 -0.000859987 0.02344 -0.000286739 0.000859625 1 -0.972267 
0.999996 0.00302124 0.000188299 0.00735459 -0.00302141 0.999995 0.000882074 0.0198944 -0.000185627 -0.000882638 1 -0.965195 
0.999994 0.00333382 0.000556044 0.00280802 -0.0033348 0.999993 0.00177889 0.0178879 -0.000550106 -0.00178074 0.999998 -0.965679 
0.999998 0.00150052 0.00120628 0.00677711 -0.00149941 0.999998 -0.000918848 0.0180775 -0.00120765 0.000917041 0.999999 -0.960815 
0.999995 0.00304914 0.00108425 0.00405585 -0.00304445 0.999986 -0.00429821 0.0192091 -0.00109736 0.00429488 0.99999 -0.964134 
0.999998 0.00191413 0.000459727 0.0105272 -0.00191155 0.999983 -0.00555513 0.018662 -0.000470351 0.00555424 0.999984 -0.963787 
0.999999 -0.00143916 0.000539608 0.0154166 0.00144024 0.999997 -0.00201386 0.0212359 -0.00053671 0.00201464 0.999998 -0.953979 
0.999998 -0.00163073 0.00151981 0.0101518 0.00162726 0.999996 0.00227674 0.0220512 -0.00152352 -0.00227426 0.999996 -0.943317 
0.999997 -0.0016932 0.00153727 0.00439264 0.0016801 0.999963 0.00847832 0.0154933 -0.00155157 -0.00847571 0.999963 -0.927193 
0.999999 -0.00116748 0.00111821 0.00297931 0.00116113 0.999983 0.00566865 0.0145749 -0.00112481 -0.00566736 0.999983 -0.917435 
0.999986 -0.00512514 0.00127364 0.0130571 0.00512611 0.999986 -0.000759626 0.0167261 -0.00126974 0.000766156 0.999999 -0.913563 
0.999995 -0.00310268 0.000852428 0.00824317 0.00310514 0.999991 -0.00290177 0.0245498 -0.000843406 0.0029044 0.999996 -0.901245 
0.999996 -0.00265036 0.00136088 0.00877339 0.00265272 0.999995 -0.00174264 0.0255738 -0.00135625 0.00174624 0.999997 -0.885544 
0.999999 -0.000151938 0.00123468 0.00564671 0.000150841 1 0.000889973 0.0201226 -0.00123482 -0.000889788 0.999999 -0.871552 
0.999998 -0.00143261 0.00163477 0.00794554 0.00143405 0.999999 -0.000872916 0.0201507 -0.00163351 0.000875259 0.999998 -0.857811 
0.999998 -0.00130584 0.0014893 0.00689554 0.00130679 0.999999 -0.000638948 0.0226492 -0.00148848 0.000640893 0.999999 -0.845825 
0.999999 0.000290144 0.00162195 0.00433695 -0.000288514 0.999999 -0.00100011 0.0217094 -0.00162222 0.000999635 0.999998 -0.831482 
0.999999 0.000456268 0.00145237 0.00338495 -0.000455227 1 -0.000714277 0.019781 -0.00145269 0.000713613 0.999999 -0.819374 
0.999997 -0.00217157 0.00139303 0.00644135 0.00217464 0.999995 -0.00220884 0.0213035 -0.00138823 0.00221186 0.999996 -0.807243 
0.999998 -0.0015175 0.0011533 0.00708604 0.00152285 0.999988 -0.00465467 0.0221877 -0.0011462 0.00465642 0.999989 -0.796692 
0.999995 -0.00238861 0.00186615 0.00151563 0.00239182 0.999996 -0.00171786 0.0277395 -0.00186203 0.00172232 0.999997 -0.778915 
0.999993 -0.00330718 0.00154482 0.00785792 0.00330216 0.999989 0.00324348 0.0261958 -0.00155553 -0.00323836 0.999994 -0.756149 
0.999999 -0.00114011 0.00122319 0.00470018 0.00113082 0.999971 0.00756024 0.0215665 -0.00123177 -0.00755884 0.999971 -0.733658 
0.999998 0.000712364 0.00157503 0.00394797 -0.000721409 0.999983 0.00574652 0.0132189 -0.00157091 -0.00574764 0.999982 -0.715874 
1 -0.000902516 0.000391662 0.00609815 0.000901669 0.999997 0.00216429 0.0153127 -0.000393614 -0.00216394 0.999998 -0.698097 
0.999997 -0.00216019 0.000775106 0.0080725 0.00216283 0.999992 -0.00341042 0.0222253 -0.000767715 0.00341209 0.999994 -0.679604 
0.999999 -0.000967814 0.0012868 0.00433397 0.000972245 0.999994 -0.00345374 0.0296208 -0.00128344 0.00345499 0.999993 -0.659157 
0.999995 0.00289329 0.00134549 -0.00153863 -0.00289753 0.999991 0.00317268 0.022736 -0.00133631 -0.00317656 0.999994 -0.633514 
0.999972 0.00747518 9.52631e-05 -0.00828969 -0.00747557 0.99996 0.00490995 0.0179815 -5.85616e-05 -0.00491052 0.999988 -0.613892 
0.999991 0.004112 -0.000773937 -0.00386417 -0.00410748 0.999975 0.0057401 0.0174044 0.000797532 -0.00573687 0.999983 -0.596497 
0.999994 -0.00171997 -0.00296432 0.00399065 0.00172148 0.999998 0.000511022 0.0155043 0.00296342 -0.000516126 0.999995 -0.584183 
0.999978 -0.00535578 -0.00391921 0.00763214 0.00534313 0.999981 -0.00323283 0.0180308 0.00393644 0.00321181 0.999987 -0.572258 
0.999989 0.0012988 -0.00450872 -0.00120574 -0.00131295 0.999994 -0.0031329 0.0163659 0.00450464 0.00313879 0.999985 -0.556778 
0.999975 0.00477021 -0.0052627 -0.0124256 -0.00479109 0.999981 -0.00396376 0.0197964 0.00524367 0.00398888 0.999978 -0.543571 
0.999959 0.00456861 -0.00778103 -0.00973915 -0.00460298 0.99998 -0.00440523 0.0225725 0.00776075 0.00444087 0.99996 -0.53141 
0.999941 -0.00283877 -0.0104693 -0.00186878 0.00284597 0.999996 0.000672887 0.0180358 0.0104674 -0.000702642 0.999945 -0.512321 
0.999873 -0.00557798 -0.0148988 0.00810885 0.00558229 0.999984 0.000246813 0.0165349 0.0148972 -0.000329955 0.999889 -0.501694 
0.999828 -0.00511027 -0.0178323 0.00399947 0.00509709 0.999987 -0.000783432 0.0154831 0.0178361 0.000692406 0.999841 -0.487839 
0.999766 0.0014345 -0.021561 -0.0111856 -0.00144902 0.999999 -0.000658107 0.0128322 0.02156 0.000689197 0.999767 -0.474327 
0.999672 0.00371068 -0.0253484 -0.0168486 -0.00374109 0.999992 -0.00115217 0.0149415 0.0253439 0.00124662 0.999678 -0.459724 
0.999579 0.00136489 -0.028966 -0.0184002 -0.00141677 0.999997 -0.00177057 0.0148649 0.0289635 0.00181086 0.999579 -0.454422 
0.999471 0.000368089 -0.0325228 -0.0181093 -0.000425418 0.999998 -0.00175575 0.0145547 0.0325221 0.00176866 0.999469 -0.449577 
0.999335 0.000174869 -0.0364738 -0.0215883 -0.000213355 0.999999 -0.00105112 0.0132651 0.0364735 0.0010582 0.999334 -0.436989 
0.999151 -3.73698e-05 -0.0411923 -0.0225773 2.89436e-05 1 -0.000205225 0.0111852 0.0411924 0.000203859 0.999151 -0.437988 
0.998987 0.000366805 -0.0450066 -0.0274887 -0.000381634 1 -0.000321036 0.0130289 0.0450066 0.000337888 0.998987 -0.430801 
0.998811 -0.00162115 -0.0487301 -0.0315456 0.0016815 0.999998 0.00119747 0.0155878 0.048728 -0.00127798 0.998811 -0.411652 
0.99854 -2.63709e-05 -0.0540146 -0.035244 0.00014625 0.999998 0.00221555 0.0135028 0.0540144 -0.00222021 0.998538 -0.414925 
0.998346 0.000628855 -0.0574833 -0.0423965 -0.000548394 0.999999 0.00141538 0.00885606 0.0574839 -0.00138152 0.998346 -0.394569 
0.998162 0.000109064 -0.0606048 -0.0420265 -3.18619e-05 0.999999 0.00127496 0.00494909 0.0606048 -0.00127068 0.998161 -0.400993 
0.998014 0.000752437 -0.0629855 -0.0439568 -0.000650218 0.999998 0.00164333 0.00411105 0.0629866 -0.00159912 0.998013 -0.394402 
0.997919 0.00311253 -0.0644043 -0.0575371 -0.00301573 0.999994 0.00160027 0.00493908 0.0644088 -0.00140271 0.997922 -0.374168 
0.997936 0.00113398 -0.0642048 -0.0478401 -0.00110011 0.999999 0.000562835 0.00922394 0.0642054 -0.00049104 0.997937 -0.384209 
0.99797 0.00113093 -0.0636737 -0.0559731 -0.00122791 0.999998 -0.00148384 0.0081917 0.0636719 0.00155902 0.99797 -0.36927 
0.998008 -0.00135059 -0.0630658 -0.0474663 0.00118764 0.999996 -0.00262117 0.0048821 0.063069 0.00254104 0.998006 -0.385223 
0.998071 0.000848947 -0.0620776 -0.0484009 -0.000914267 0.999999 -0.00102391 0.00411797 0.0620767 0.00107869 0.998071 -0.380459 
0.998151 0.00323135 -0.0607006 -0.0645752 -0.00317355 0.999994 0.00104862 0.00311065 0.0607037 -0.000854041 0.998155 -0.370445 
0.998302 0.00627286 -0.0579148 -0.0551605 -0.00622266 0.99998 0.00104698 0.0049386 0.0579201 -0.00068483 0.998321 -0.376289 
0.99846 -0.00120701 -0.0554684 -0.0553818 0.00125502 0.999999 0.000830921 0.00766921 0.0554674 -0.000899244 0.99846 -0.36676 
0.998516 -0.004622 -0.0542637 -0.0373077 0.00465209 0.999989 0.000428098 0.00494075 0.0542611 -0.000679903 0.998527 -0.378403 
0.998726 -0.00105207 -0.0504416 -0.0392075 0.00112156 0.999998 0.00134948 0.00433242 0.05044 -0.00140433 0.998726 -0.379093 
0.998914 0.00611946 -0.0461888 -0.0545425 -0.00607688 0.999981 0.0010623 0.0024482 0.0461945 -0.000780466 0.998932 -0.372498 
0.999007 0.0153939 -0.0418219 -0.0584717 -0.0154884 0.999878 -0.00193794 0.000466593 0.0417869 0.00258377 0.999123 -0.383984 
0.999299 0.00539335 -0.0370463 -0.0446243 -0.00546266 0.999984 -0.00176985 0.00344416 0.037036 0.00197099 0.999312 -0.382998 
0.999414 -0.00189744 -0.0341816 -0.0291519 0.00199511 0.999994 0.00282346 0.00631019 0.034176 -0.00289001 0.999412 -0.384537 
0.999422 -0.0115967 -0.0319511 -0.00797272 0.0117394 0.999922 0.00428206 0.012142 0.0318989 -0.00465467 0.99948 -0.388319 
0.999555 -0.00593433 -0.0292183 -0.014801 0.00602257 0.999978 0.00293278 0.0137029 0.0292002 -0.00310745 0.999569 -0.393145 
0.999661 0.000861969 -0.0260255 -0.0264359 -0.000806306 0.999997 0.00214887 0.00841665 0.0260274 -0.00212715 0.999659 -0.403223 
0.999698 0.00618478 -0.0238057 -0.0327835 -0.00613575 0.999979 0.00213249 0.0040043 0.0238183 -0.00198579 0.999714 -0.410028 
0.99976 0.00841389 -0.0202433 -0.037178 -0.00825705 0.999935 0.00781902 -0.0129502 0.0203078 -0.00764998 0.999765 -0.422325 
0.999804 0.0020404 -0.0196691 -0.0253754 -0.0018738 0.999962 0.00848496 -0.0138623 0.0196856 -0.00844646 0.99977 -0.428604 
0.999839 -0.00294477 -0.0177304 -0.0140152 0.00296018 0.999995 0.000842243 -0.00222379 0.0177278 -0.000894581 0.999843 -0.450157 
0.999874 -0.00310336 -0.0155253 -0.0139771 0.00301908 0.999981 -0.00544896 0.00867346 0.0155419 0.0054014 0.999865 -0.468126 
0.999891 -0.000162486 -0.0147491 -0.0208893 0.000107426 0.999993 -0.00373343 0.0103993 0.0147496 0.00373144 0.999884 -0.474923 
0.999906 0.00215122 -0.0135272 -0.0240173 -0.00217896 0.999996 -0.00203739 0.00867817 0.0135227 0.00206667 0.999907 -0.487184 
0.999921 0.00373426 -0.011966 -0.0267258 -0.00374241 0.999993 -0.000658895 0.00554299 0.0119634 0.000703616 0.999928 -0.497494 
0.999941 0.00319343 -0.0104064 -0.0251083 -0.00318411 0.999994 0.000911799 0.00613642 0.0104093 -0.000878606 0.999946 -0.514462 
0.999962 0.00209261 -0.00847295 -0.022316 -0.00208588 0.999998 0.000803262 0.00641167 0.00847463 -0.000785564 0.999964 -0.53013 
0.99998 0.00169237 -0.00605094 -0.0210266 -0.00169028 0.999999 0.00034942 0.00496161 0.00605153 -0.000339182 0.999982 -0.545845 
0.999982 0.00140252 -0.0058191 -0.0187531 -0.00139528 0.999998 0.00124838 0.00208104 0.00582082 -0.00124024 0.999982 -0.563851 
0.99998 0.000303153 -0.0063038 -0.0169067 -0.000296917 1 0.000989686 0.000234485 0.00630411 -0.000987798 0.99998 -0.584025 
0.999986 0.00235375 -0.0047068 -0.01754 -0.00235328 0.999997 0.000105084 0.00246787 0.00470703 -9.4011e-05 0.999989 -0.60309 
0.999993 0.00164437 -0.00348829 -0.0238876 -0.00164478 0.999999 -0.000108701 0.00181222 0.00348811 0.000114438 0.999994 -0.619095 
0.999993 0.00102578 -0.00349544 -0.0199509 -0.00102692 1 -0.000328018 0.00336552 0.0034951 0.000331608 0.999994 -0.639544 
0.999994 0.00146934 -0.00322428 -0.0244827 -0.00147111 0.999999 -0.000545777 0.00311112 0.00322349 0.000550512 0.999995 -0.654571 
0.999988 0.00464141 -0.001334 -0.0253677 -0.00464164 0.999989 -0.000159927 0.00318313 0.00133324 0.000166116 0.999999 -0.673536 
0.999992 0.0039917 0.00011535 -0.0291977 -0.00399167 0.999992 -0.000197961 0.00224614 -0.000116121 0.000197509 1 -0.685822 
0.999997 0.00189152 0.00179454 -0.0228806 -0.00189137 0.999998 -9.05469e-05 0.00312161 -0.00179472 8.71492e-05 0.999998 -0.707172 
0.999992 0.00248723 0.00318274 -0.0215073 -0.00248831 0.999997 0.000337705 0.00384283 -0.0031819 -0.000345623 0.999995 -0.723139 
0.999993 0.000856899 0.003727 -0.0226212 -0.000856489 1 -0.000112276 0.00421715 -0.0037271 0.000109088 0.999993 -0.738993 
0.999992 0.00150157 0.00375375 -0.0159607 -0.00149477 0.999997 -0.00181389 0.00921607 -0.00375646 0.00180826 0.999991 -0.759222 
0.999993 4.24683e-07 0.00385772 -0.0145569 5.41657e-06 0.999999 -0.00151273 0.0106075 -0.00385771 0.00151274 0.999992 -0.771854 
0.999988 -0.00269256 0.00399217 -0.0096283 0.00270187 0.999994 -0.00232518 0.00984097 -0.00398588 0.00233594 0.999989 -0.788054 
0.999992 -0.000963062 0.00398194 -0.0112152 0.000967704 0.999999 -0.00116335 0.00992179 -0.00398082 0.00116719 0.999991 -0.795414 
0.999989 -0.00245377 0.00401672 -0.00917816 0.00245111 0.999997 0.000666476 0.0117328 -0.00401834 -0.000656616 0.999992 -0.803394 
0.999992 -0.00201803 0.0033746 -0.00829315 0.00200712 0.999993 0.0032364 0.0126507 -0.0033811 -0.00322961 0.999989 -0.805407 
0.999984 -0.0055813 0.00133629 -0.0045929 0.00557337 0.999967 0.00587173 0.00853634 -0.00136902 -0.00586419 0.999982 -0.810629 
0.999996 -0.00262346 -0.000324689 -0.00991821 0.00262438 0.999992 0.00287551 0.00549078 0.000317149 -0.00287634 0.999996 -0.815739 
0.999997 -0.00242876 8.51527e-05 -0.00963593 0.00242877 0.999997 -9.73307e-05 0.0134194 -8.49217e-05 9.75323e-05 1 -0.819796 
0.999996 -0.00282126 -0.000168346 -0.00878143 0.00282076 0.999992 -0.0028465 0.0183309 0.00017637 0.00284601 0.999996 -0.820221 
1 0.000885747 -0.000170574 -0.0139236 -0.000885844 0.999999 -0.000545998 0.016799 0.000170089 0.000546144 1 -0.818855 
0.999997 -0.00228763 0.000160553 -0.0130386 0.00228784 0.999997 -0.00128495 0.0185356 -0.000157617 0.00128531 0.999999 -0.819118 
0.999999 -0.00170273 -0.000335418 -0.0149612 0.0017027 0.999999 -8.44994e-05 0.0219976 0.000335552 8.3932e-05 1 -0.816992 
0.999997 -0.00253168 8.12709e-05 -0.0109024 0.00253163 0.999997 0.000667779 0.0178037 -8.29771e-05 -0.000667573 1 -0.813873 
0.999995 -0.00302425 -0.00131864 -0.0109482 0.00302564 0.999995 0.00104439 0.0164599 0.00131547 -0.00104837 0.999999 -0.812462 
0.999992 -0.00293034 -0.00274809 -0.00904083 0.00293001 0.999996 -0.000120739 0.0167587 0.00274844 0.000112685 0.999996 -0.813339 
0.999989 -0.00271746 -0.00394731 -0.0106659 0.00271157 0.999995 -0.00149873 0.0180483 0.00395135 0.001488 0.999991 -0.811569 
0.999985 -0.00219883 -0.00497491 -0.0100327 0.00218568 0.999994 -0.00264935 0.0210915 0.00498072 0.00263843 0.999984 -0.813427 
0.999978 -0.00222543 -0.00631591 -0.0124512 0.00220964 0.999994 -0.00250505 0.0216158 0.00632145 0.00249105 0.999977 -0.81274 
0.999971 -0.000672709 -0.00754308 -0.0159302 0.000672381 1 -4.58308e-05 0.0204246 0.0075431 4.07546e-05 0.999971 -0.807571 
0.999961 -0.000697151 -0.00883459 -0.0158157 0.000706043 0.999999 0.00100389 0.0177721 0.00883388 -0.00101008 0.999961 -0.802227 
0.999949 0.000379041 -0.0101088 -0.019928 -0.000370987 1 0.000798026 0.0165752 0.0101091 -0.000794243 0.999949 -0.801487 
0.999947 0.000938296 -0.0102813 -0.018837 -0.000947185 0.999999 -0.000860032 0.0182961 0.0102805 0.000869729 0.999947 -0.797771 
0.999941 -0.00121021 -0.0108222 -0.0162354 0.00119391 0.999998 -0.00151323 0.0196357 0.010824 0.00150023 0.99994 -0.792393 
0.999937 0.0011888 -0.0112059 -0.0197678 -0.00119638 0.999999 -0.000669691 0.0160691 0.0112051 0.000683054 0.999937 -0.792084 
0.999938 0.000216588 -0.011154 -0.0196838 -0.000216395 1 1.82152e-05 0.0164963 0.011154 -1.58082e-05 0.999938 -0.786968 
0.999938 1.79671e-05 -0.0111234 -0.0179062 -1.08518e-05 1 0.000639595 0.0170357 0.0111234 -0.000639427 0.999938 -0.779961 
0.999942 -0.000446927 -0.0107742 -0.0175858 0.000459261 0.999999 0.00114286 0.0155147 0.0107737 -0.00114775 0.999941 -0.776138 
0.999946 0.000643563 -0.0103571 -0.018219 -0.000633106 0.999999 0.0010121 0.0142734 0.0103577 -0.00100549 0.999946 -0.769398 
0.999954 0.000723135 -0.00962511 -0.0185699 -0.000716176 1 0.000726297 0.0146045 0.00962564 -0.000719376 0.999954 -0.761551 
0.999953 0.000504714 -0.00967989 -0.0204849 -0.000500783 1 0.000409526 0.0158105 0.00968008 -0.000404656 0.999953 -0.754501 
0.999954 0.000428244 -0.00958198 -0.0172882 -0.000427458 1 8.38761e-05 0.0142177 0.00958202 -7.97717e-05 0.999954 -0.747145 
0.999961 0.00129931 -0.00870309 -0.0205688 -0.00130216 0.999999 -0.000321293 0.0157726 0.00870266 0.000332616 0.999962 -0.740078 
0.999971 0.00148464 -0.00746585 -0.0200958 -0.0014953 0.999998 -0.00142182 0.016511 0.00746374 0.00143294 0.999971 -0.732475 
0.999982 0.00275555 -0.00544433 -0.0206451 -0.00276488 0.999995 -0.00170645 0.0195103 0.0054396 0.00172147 0.999984 -0.723492 
0.999987 0.00301221 -0.00401781 -0.0200882 -0.00302051 0.999993 -0.00206078 0.0165124 0.00401147 0.00207289 0.99999 -0.717758 
0.999994 0.00171264 -0.00291155 -0.0172043 -0.00171676 0.999997 -0.00140848 0.0162716 0.00290927 0.00141347 0.999995 -0.705826 
0.999998 0.000466682 -0.00185331 -0.0149689 -0.000468113 1 -0.000772788 0.0166054 0.00185294 0.000773659 0.999998 -0.690681 
0.999999 0.000416845 -0.00100376 -0.0140915 -0.000416771 1 7.39656e-05 0.0157351 0.00100379 -7.35442e-05 1 -0.677464 
0.999999 0.00104507 0.00074634 -0.0148544 -0.00104588 0.999999 0.00108978 0.0148854 -0.000745222 -0.00109056 0.999999 -0.659504 
0.999996 0.00117957 0.00270862 -0.0136948 -0.00118264 0.999999 0.001134 0.0140434 -0.00270724 -0.00113719 0.999996 -0.643097 
0.999988 0.000101335 0.00496386 -0.00914001 -0.000105157 1 0.00076927 0.0137107 -0.00496383 -0.000769783 0.999987 -0.624138 
0.999972 -0.000612214 0.00747015 -0.00547028 0.000608116 1 0.000552159 0.0136571 -0.00747051 -0.000547593 0.999972 -0.604801 
0.999939 -0.000883203 0.0109633 -0.00289917 0.000879958 1 0.000299682 0.0144019 -0.0109635 -0.000290019 0.99994 -0.584873 
0.999908 -0.000286296 0.01353 -0.00138092 0.000284899 1 0.000105044 0.0145094 -0.0135301 -0.000101185 0.999909 -0.564236 
0.999863 -0.000992045 0.0165221 0.00283051 0.000971481 0.999999 0.00125296 0.0129168 -0.0165234 -0.00123673 0.999863 -0.543617 
0.999784 -0.00109036 0.0207496 0.0115356 0.00103476 0.999996 0.00269047 0.0159456 -0.0207525 -0.00266843 0.999781 -0.535416 
0.99971 -0.00152335 0.0240463 0.0134583 0.00144978 0.999994 0.00307663 0.014153 -0.0240509 -0.00304086 0.999706 -0.527779 
0.999616 -0.00139342 0.0276694 0.00800323 0.00134606 0.999997 0.00172973 0.0109291 -0.0276717 -0.00169182 0.999616 -0.523754 
0.999464 -0.00104687 0.0327172 0.0157318 0.00105703 0.999999 -0.000293541 0.0107942 -0.0327168 0.000327961 0.999465 -0.524849 
0.999297 -0.000244495 0.0374819 0.0176239 0.000335887 0.999997 -0.00243198 0.0115585 -0.0374812 0.00244286 0.999294 -0.521664 
0.999139 -0.00100769 0.0414874 0.0126343 0.00115813 0.999993 -0.00360202 0.014493 -0.0414835 0.00364696 0.999133 -0.513725 
0.998993 -0.00190119 0.0448237 0.0258255 0.00212703 0.999985 -0.00499113 0.0154256 -0.0448136 0.00508145 0.998982 -0.513268 
0.998817 -0.00342899 0.0485115 0.027626 0.0036274 0.999985 -0.00400268 0.0180182 -0.0484969 0.00417391 0.998815 -0.515442 
0.998645 -0.00317898 0.0519343 0.0228958 0.00330334 0.999992 -0.0023089 0.0200961 -0.0519265 0.00247732 0.998648 -0.496422 
0.998411 -0.00077261 0.0563481 0.0338364 0.000800094 1 -0.00046515 0.0146286 -0.0563477 0.000509501 0.998411 -0.497856 
0.998131 0.00293113 0.0610331 0.0321083 -0.0030308 0.999994 0.00154071 0.0145513 -0.0610283 -0.00172281 0.998134 -0.492805 
0.99791 0.00142582 0.0646059 0.0205612 -0.0016838 0.999991 0.00393881 0.0126684 -0.0645996 -0.00403935 0.997903 -0.465202 
0.997771 0.00242358 0.0666783 0.0375786 -0.00277523 0.999983 0.00518148 0.0109761 -0.0666646 -0.00535499 0.997761 -0.4785 
0.997696 -0.00236468 0.0678039 0.0319633 0.00211705 0.999991 0.00372378 0.00594336 -0.067812 -0.00357164 0.997692 -0.454651 
0.99767 -0.00221049 0.0681922 0.0479622 0.00203724 0.999995 0.00261015 0.00569326 -0.0681975 -0.00246514 0.997669 -0.475029 
0.997653 0.000424327 0.0684651 0.0446129 -0.000546215 0.999998 0.00176167 0.00545919 -0.0684643 -0.00179492 0.997652 -0.47406 
0.997699 0.00176821 0.0677758 0.0333309 -0.00173037 0.999998 -0.000617221 0.00812006 -0.0677768 0.00049852 0.9977 -0.451088 
0.997741 0.000498679 0.067183 0.043808 -0.000161624 0.999987 -0.00502229 0.0102713 -0.0671847 0.00500008 0.997728 -0.475342 
0.997752 0.00066405 0.0670144 0.0460138 -0.00019718 0.999976 -0.00697295 0.0138445 -0.0670174 0.00694406 0.997728 -0.475555 
0.997879 -0.000574622 0.0650912 0.0456293 0.000955468 0.999983 -0.00581992 0.0148039 -0.0650867 0.00586976 0.997862 -0.454582 
0.998106 -0.000247135 0.0615241 0.0446844 0.000661299 0.999977 -0.00671153 0.0134261 -0.061521 0.0067395 0.998083 -0.478966 
0.998408 -0.00294411 0.0563383 0.044878 0.00324527 0.999981 -0.00525477 0.0177758 -0.0563218 0.00542924 0.998398 -0.479851 
0.998712 -0.00293139 0.0506462 0.0423794 0.00307528 0.999991 -0.00276338 0.0147784 -0.0506377 0.00291557 0.998713 -0.467903 
0.99906 -0.00748855 0.0426942 0.0472031 0.00759641 0.999968 -0.00236454 0.0100567 -0.0426751 0.00268664 0.999085 -0.48848 
0.999297 -0.00419208 0.0372583 0.0389442 0.00411786 0.999989 0.00206847 0.00474501 -0.0372666 -0.00191359 0.999304 -0.47773 
0.999475 -0.00213222 0.0323302 0.0273495 0.00209558 0.999997 0.00116708 0.00372362 -0.0323325 -0.00109872 0.999476 -0.490868 
0.999707 0.00609783 0.0234433 0.00989723 -0.0061092 0.999981 0.000413373 0.00669932 -0.0234404 -0.000556477 0.999725 -0.492294 
0.999859 0.00301634 0.016492 0.00817871 -0.00300685 0.999995 -0.000599938 0.0117052 -0.0164937 0.00055027 0.999864 -0.495865 
0.999909 -0.00403112 0.0128876 0.0139542 0.00402427 0.999992 0.000557845 0.00585365 -0.0128898 -0.000505939 0.999917 -0.507103 
0.999935 -0.00566603 0.00993626 0.0139313 0.00566782 0.999984 -0.000152142 -0.000371933 -0.00993517 0.000208454 0.999951 -0.518036 
0.999958 -0.00699254 0.00598739 0.0133934 0.00698401 0.999975 0.0014444 0.00702739 -0.00599739 -0.00140252 0.999981 -0.525452 
0.999979 -0.00571336 0.00287078 0.00906372 0.00570201 0.999976 0.00394699 0.00999546 -0.00289324 -0.00393054 0.999988 -0.535889 
0.999999 -0.00120737 0.000735357 0.000423431 0.00120591 0.999997 0.001985 0.0128233 -0.000737771 -0.00198412 0.999998 -0.5457 
0.999996 0.0015123 -0.00240427 -0.00509644 -0.00150534 0.999995 0.00289893 0.00925171 0.00240873 -0.0028953 0.999993 -0.556435 
0.999985 0.0034502 -0.0042657 -0.00870132 -0.00342056 0.99997 0.00693567 0.00201106 0.00428946 -0.00692097 0.999967 -0.564537 
0.99999 0.00128592 -0.00426467 -0.00466537 -0.00126432 0.999986 0.00506029 6.17504e-05 0.00427112 -0.00505484 0.999978 -0.576553 
0.999977 -0.00515775 -0.00449026 0.00452042 0.00515338 0.999986 -0.000981953 0.00566775 0.0044952 0.000958789 0.999989 -0.597633 
0.999973 -0.00457824 -0.00566977 0.00737 0.00455579 0.999982 -0.00396707 0.00938272 0.0056878 0.00394113 0.999976 -0.608757 
0.999986 0.00196786 -0.00485259 -0.00569916 -0.00199052 0.999987 -0.00466849 0.0115829 0.00484355 0.0046781 0.999977 -0.623276 
0.999988 0.00318603 -0.00373439 -0.00862885 -0.00320829 0.999977 -0.00596824 0.013716 0.00371511 0.00598014 0.999975 -0.633316 
0.999993 0.00153123 -0.00349271 -0.00539017 -0.0015481 0.999987 -0.0048321 0.0149872 0.00348523 0.00483747 0.999982 -0.646515 
0.999986 0.00429783 -0.00312746 -0.00565338 -0.00430114 0.99999 -0.00105086 0.0116794 0.00312287 0.0010643 0.999995 -0.652687 
0.99999 0.00443435 -0.000555083 -0.00830269 -0.00443288 0.999987 0.00262593 0.0111752 0.000566751 -0.00262344 0.999996 -0.661705 
0.999997 0.00239475 0.00035952 -0.00410271 -0.0023969 0.999978 0.00615614 0.00888515 -0.000344753 -0.00615699 0.999981 -0.665993 
1 0.00025494 0.000721902 0.00149536 -0.000260623 0.999969 0.00787222 0.00451934 -0.000719935 -0.00787241 0.999969 -0.678749 
0.999994 -0.0026987 0.00231144 0.00309372 0.00268793 0.999986 0.00464995 0.00153267 -0.00232394 -0.0046437 0.999987 -0.69294 
0.999997 0.000423973 0.00255659 -0.000247955 -0.000413031 0.999991 -0.00427824 0.0048418 -0.00255845 0.00427717 0.999988 -0.713577 
0.999994 0.00290234 0.00169487 -0.0038147 -0.00288979 0.999969 -0.00736069 0.014344 -0.00171615 0.00735575 0.999971 -0.72966 
0.999995 -0.00206607 0.00261202 0.00104904 0.002084 0.999974 -0.00687667 0.0204475 -0.00259764 0.00688209 0.999973 -0.739296 
0.999993 -0.00318495 0.0018729 0.00619125 0.00318358 0.999995 0.000731372 0.0158591 -0.00187522 -0.000725416 0.999998 -0.743103 
0.999985 -0.00511266 0.00181918 0.0101891 0.00510409 0.999976 0.00468111 0.0105674 -0.00184315 -0.00467174 0.999987 -0.748901 
0.999993 0.000303574 0.00377555 0.000904083 -0.000324348 0.999985 0.00550333 0.00553644 -0.00377379 -0.00550451 0.999978 -0.761246 
0.99999 0.00155749 0.00414483 -0.000511169 -0.00157059 0.999994 0.00315838 0.00554645 -0.00413992 -0.00316485 0.999986 -0.77375 
0.999991 0.0016522 0.00384736 -0.00206375 -0.00164653 0.999997 -0.00147857 0.0097785 -0.0038498 0.00147221 0.999992 -0.789391 
0.999985 0.00416803 0.0036259 -0.00544739 -0.0041629 0.99999 -0.00142115 0.0136043 -0.00363171 0.00140603 0.999992 -0.797859 
0.999998 0.00090113 0.00186671 -0.00298691 -0.00089564 0.999995 -0.0029385 0.015533 -0.0018694 0.00293682 0.999994 -0.811676 
0.999996 0.00253509 0.00159678 -0.00182343 -0.00253084 0.999993 -0.00265678 0.0132573 -0.0016035 0.00265273 0.999995 -0.830498 
0.999987 0.00514125 0.00065428 -0.00654984 -0.00514042 0.999986 -0.00126268 0.0134776 -0.000660777 0.0012593 0.999999 -0.831108 
0.999999 -0.000922389 0.000666693 0.000244141 0.000923353 0.999999 -0.00146048 0.0169055 -0.000665411 0.00146109 0.999999 -0.840233 
0.999989 -0.00456486 -0.000589669 0.00695038 0.00456601 0.999988 0.00198257 0.0156236 0.000580683 -0.00198525 0.999998 -0.838943 
0.999984 -0.00556553 -0.00064598 0.00789261 0.00556758 0.999979 0.00318317 0.0126905 0.000628188 -0.00318672 0.999995 -0.843796 
0.999971 -0.0075863 -0.000753254 0.0086441 0.00758743 0.99997 0.00151291 0.0101837 0.00074172 -0.00151856 0.999999 -0.84906 
0.999969 -0.00742175 -0.00274405 0.012146 0.00741949 0.999972 -0.00083273 0.014966 0.00275016 0.000812337 0.999996 -0.856201 
0.999988 -0.00360701 -0.00326291 0.00779724 0.00359798 0.99999 -0.00276755 0.0188353 0.00327285 0.00275577 0.999991 -0.861267 
0.999997 -0.00036279 -0.00251731 0.000961304 0.000363959 1 0.000462801 0.0168424 0.00251719 -0.000463714 0.999997 -0.861435 
0.999997 0.000959979 -0.00207946 0.0028801 -0.000953152 0.999994 0.00327538 0.00968838 0.00208247 -0.00327339 0.999993 -0.863846 
0.999973 0.00729924 -0.000947192 -0.00172806 -0.00730029 0.999973 -0.00110891 0.00176656 0.000939175 0.0011158 0.999999 -0.880005 
0.999976 0.00690126 -0.000315502 -0.00598907 -0.00690117 0.999976 0.0003029 0.00821519 0.000317484 -0.000300707 1 -0.873199 
0.999998 0.00131202 -0.00152159 0.00185776 -0.00131214 0.999999 -7.57948e-05 0.0111322 0.00152157 7.77896e-05 0.999999 -0.871384 
0.999992 -0.00381442 -0.00105871 0.00966644 0.00381261 0.999991 -0.00169985 0.00999141 0.00106515 0.0016958 0.999998 -0.874069 
0.999996 -0.002618 -0.00092186 0.00954437 0.00261294 0.999982 -0.00545284 0.012984 0.000936165 0.00545042 0.999985 -0.874802 
0.999988 -0.00488614 -0.00101154 0.00665283 0.00488028 0.999972 -0.00570438 0.0228283 0.00103934 0.00569937 0.999983 -0.869339 
0.999997 0.00177973 -0.00128457 -0.00597382 -0.0017724 0.999982 0.00568806 0.02543 0.00129482 -0.00568577 0.999983 -0.846756 
0.999977 0.00676366 -0.000392541 -0.0176392 -0.00675754 0.99988 0.0139312 0.0173221 0.000486702 -0.0139282 0.999903 -0.836746 
0.99998 0.0063625 0.000421032 -0.019352 -0.0063665 0.999927 0.0102723 0.00916152 -0.00035578 -0.0102747 0.999947 -0.838577 
1 0.000451677 0.00090231 -0.0107117 -0.000446806 0.999985 -0.00539367 0.0125501 -0.000904664 0.00539326 0.999985 -0.853378 
0.999999 0.000923004 0.00124104 -0.00761032 -0.000894807 0.999746 -0.0225377 0.0287397 -0.00126158 0.0225365 0.999745 -0.869415 
0.999999 -0.000955267 0.00129525 -0.00802231 0.00097942 0.999823 -0.0187735 0.0458794 -0.001277 0.0187747 0.999823 -0.860397 
0.999999 -0.00136503 0.000579774 -0.00862503 0.00136108 0.999976 0.00676723 0.0226068 -0.000588983 -0.00676643 0.999977 -0.832657 
0.99999 -0.00437 0.00109141 -0.00751877 0.00435204 0.999864 0.0159462 0.00213623 -0.00116099 -0.0159413 0.999872 -0.819672 
0.999999 0.00102099 0.00106359 -0.0146828 -0.00103088 0.999956 0.00934319 -0.00534689 -0.00105396 -0.00934428 0.999956 -0.82341 
0.999988 0.0044201 0.00196066 -0.0187378 -0.00442211 0.99999 0.00102485 0.0100702 -0.00195614 -0.00103351 0.999998 -0.829758 
0.999996 -0.000473978 0.00276704 -0.00267792 0.00048349 0.999994 -0.00343765 0.0102851 -0.00276528 0.00343898 0.99999 -0.832733 
0.999993 0.000823088 0.00350015 -0.00257111 -0.000828866 0.999998 0.00164979 -0.000856161 -0.00349887 -0.00165267 0.999993 -0.822098 
0.999988 -5.10802e-05 0.00492789 -0.00566864 3.94448e-05 0.999997 0.00236083 -0.00673115 -0.00492799 -0.00236062 0.999985 -0.81752 
0.999982 -0.00505201 0.00322445 0.00378799 0.00505597 0.999986 -0.00122335 0.00492585 -0.00321825 0.00123963 0.999994 -0.832291 
0.999979 -0.00616784 0.00206763 0.00378418 0.00616329 0.999979 0.00219694 0.000207782 -0.00208108 -0.00218415 0.999995 -0.802551 
0.999995 -0.00239802 0.00186722 -0.00181198 0.00240305 0.999993 -0.00269376 0.00783491 -0.00186077 0.00269823 0.999995 -0.820236 
0.999998 0.00103703 0.00147538 -0.00745773 -0.00102982 0.999988 -0.0048825 0.0107777 -0.00148045 0.00488096 0.999987 -0.819702 
0.999999 0.00114837 0.00130261 -0.00738144 -0.00114806 0.999999 -0.000241449 0.012136 -0.00130297 0.000239955 0.999999 -0.813644 
0.999993 0.00271729 0.00266428 -0.00474167 -0.00272729 0.999989 0.00376098 0.00868773 -0.00265399 -0.00376822 0.99999 -0.810165 
0.999977 0.00510928 0.00445384 -0.0104675 -0.00512225 0.999983 0.00290517 0.00249183 -0.00443892 -0.00292791 0.999986 -0.802765 
0.999971 0.00364456 0.00670382 -0.0030899 -0.00365775 0.999991 0.00195622 0.00625288 -0.00669663 -0.00198069 0.999976 -0.810638 
0.999977 0.000187533 0.00673349 0.00378418 -0.000155973 0.999989 -0.00468658 0.0120592 -0.00673433 0.00468543 0.999966 -0.815979 
0.99998 0.000407066 0.00625113 0.00151443 -0.000351606 0.999961 -0.00887034 0.0192366 -0.00625448 0.00886796 0.999941 -0.818375 
0.999987 0.0028929 0.00415452 0.00784302 -0.00285651 0.999958 -0.00873983 0.0164719 -0.00417963 0.00872785 0.999953 -0.817261 
0.999959 -0.00806198 0.00403123 0.0163956 0.00807923 0.999958 -0.00428117 0.0191202 -0.00399652 0.00431356 0.999983 -0.810913 
0.999988 -0.00232897 0.00440407 0.0146484 0.00230458 0.999982 0.0055343 0.0149698 -0.004417 -0.00552409 0.999975 -0.801712 
0.999974 0.00143526 0.00706372 0.00248718 -0.00150844 0.999945 0.010365 0.00544333 -0.00704841 -0.0103754 0.999921 -0.797516 
0.999971 0.0039353 0.0065821 0.00069046 -0.00398049 0.999968 0.00686656 -0.00157833 -0.00655486 -0.00689256 0.999955 -0.805573 
0.999977 0.00128983 0.00668572 0.00354767 -0.00128466 0.999999 -0.000776777 0.00694489 -0.00668657 0.00076817 0.999978 -0.815887 
0.999941 -0.00756693 0.0077675 0.0134735 0.00759621 0.999964 -0.00374654 0.01683 -0.00773898 0.00380533 0.999963 -0.821976 
0.999952 -0.00589878 0.00777437 0.0147781 0.00589211 0.999982 0.000879213 0.0121708 -0.00777939 -0.000833369 0.999969 -0.817703 
0.999949 -0.00188556 0.0099254 0.0020752 0.00182567 0.99998 0.00604011 0.00522304 -0.00993659 -0.00602168 0.999933 -0.812653 
0.999962 0.00174435 0.00858417 -0.000801086 -0.00176781 0.999995 0.00272541 -0.00109363 -0.00857928 -0.00274048 0.999959 -0.815994 
0.999967 -0.000129432 0.00811195 0.000930786 0.000139154 0.999999 -0.00119685 0.00289869 -0.00811189 0.00119793 0.999966 -0.822845 
0.999961 -0.00394456 0.00792316 0.0141449 0.00400035 0.999967 -0.00703789 0.0068872 -0.0078951 0.00706931 0.999944 -0.828293 
0.99996 -0.0037503 0.00813119 0.0146217 0.00379673 0.999976 -0.00570299 0.0153625 -0.00810958 0.00573363 0.999951 -0.830688 
0.999971 0.000634013 0.00760435 0.00783539 -0.000606501 0.999993 -0.00361898 0.0160155 -0.0076066 0.00361426 0.999965 -0.825119 
0.99998 -5.99239e-05 0.00629468 0.00504684 6.79746e-05 0.999999 -0.00127828 0.0155289 -0.00629459 0.00127868 0.999979 -0.823715 
0.99999 0.000739544 0.00440218 0.00637054 -0.000744212 0.999999 0.00105816 0.0163176 -0.00440138 -0.00106143 0.99999 -0.823792 
0.999982 -0.00415796 0.00435276 0.0108528 0.00412918 0.99997 0.00660148 0.0140398 -0.00438007 -0.00658338 0.999969 -0.820251 
0.999973 -0.0065708 0.00333953 0.0190773 0.00655207 0.999963 0.00559309 0.00638866 -0.00337616 -0.00557105 0.999979 -0.818619 
0.999996 -0.000764043 0.00263071 0.0150032 0.000753908 0.999992 0.00385319 0.000835381 -0.00263364 -0.0038512 0.999989 -0.817566 
0.999992 -0.00214753 0.00328726 0.0104485 0.00216846 0.999977 -0.0063766 0.00413978 -0.00327348 0.00638368 0.999974 -0.835312 
0.999994 -0.00270092 0.00232803 0.0154762 0.00272279 0.999952 -0.00944219 0.0101192 -0.00230241 0.00944847 0.999953 -0.840149 
0.999993 -0.00127758 0.00354564 0.0103416 0.00130653 0.999966 -0.00817774 0.0183718 -0.00353506 0.00818232 0.99996 -0.835876 
0.999986 0.00245778 0.00478908 0.00588608 -0.0024715 0.999993 0.00286238 0.0133631 -0.00478202 -0.00287417 0.999985 -0.823792 
0.999927 0.0109697 0.00510794 -0.00710297 -0.0110134 0.999902 0.00860371 0.005481 -0.00501307 -0.00865934 0.99995 -0.815506 
0.999961 0.00542595 0.00698145 -0.00138855 -0.00547749 0.999958 0.00738393 -0.00616002 -0.00694109 -0.00742188 0.999948 -0.81842 
0.999967 -0.00413726 0.00692964 0.0141373 0.00415024 0.99999 -0.00185994 0.000208259 -0.00692188 0.00188865 0.999974 -0.82785 
0.999971 0.00163867 0.00746911 0.00733185 -0.00160238 0.999987 -0.00486287 0.00778008 -0.00747698 0.00485076 0.99996 -0.834808 
0.999963 0.00421722 0.00745983 -0.00196075 -0.00418264 0.99998 -0.00464724 0.00988984 -0.00747929 0.00461586 0.999961 -0.836426 
