1 9.04368e-12 2.32681e-11 1.11022e-16 9.04368e-12 1 2.39237e-10 2.22045e-16 2.32681e-11 2.39237e-10 1 -2.22045e-16 
0.99905 -0.00164978 0.0435519 0.0515466 0.00176042 0.999995 -0.00250224 -0.0242488 -0.0435476 0.00257653 0.999048 1.00073 
0.998972 -0.00392849 0.0451667 0.0514532 0.00413866 0.999981 -0.00456059 -0.0238604 -0.0451479 0.00474283 0.998969 0.998187 
0.998946 -0.000919549 0.0458855 0.0529244 0.00112405 0.99999 -0.00443119 -0.0218537 -0.045881 0.0044781 0.998937 0.999845 
0.998917 0.00192891 0.0464841 0.0448548 -0.00178475 0.999993 -0.00314257 -0.0205534 -0.04649 0.00305621 0.998914 0.99247 
0.99889 -0.00266624 0.0470203 0.0525412 0.00266694 0.999996 4.77461e-05 -0.0200404 -0.0470202 7.77058e-05 0.998894 0.996975 
0.99891 -0.00148172 0.0466543 0.0514211 0.0015313 0.999998 -0.00102686 -0.0234035 -0.0466528 0.00109719 0.998911 0.990787 
0.998928 -0.0034342 0.0461551 0.0495307 0.00359716 0.999987 -0.00344826 -0.0248621 -0.0461426 0.00361058 0.998928 0.989671 
0.998978 -0.00405494 0.0450239 0.0546647 0.00417953 0.999988 -0.00267351 -0.0203299 -0.0450126 0.00285895 0.998982 0.985965 
0.998945 -6.93956e-05 0.045915 0.0491834 0.000123113 0.999999 -0.00116698 -0.0195573 -0.0459148 0.0011714 0.998945 0.985923 
0.998917 -0.000783714 0.0465279 0.04803 0.000774056 1 0.000225214 -0.0211869 -0.0465281 -0.000188941 0.998917 0.983464 
0.998871 -0.00025838 0.0474986 0.0483299 0.000236109 1 0.000474751 -0.0224136 -0.0474987 -0.000463007 0.998871 0.980227 
0.99886 4.91431e-05 0.0477411 0.0482411 -5.01042e-05 1 1.89003e-05 -0.0241209 -0.0477412 -2.12546e-05 0.99886 0.97823 
0.998882 -0.00106947 0.047263 0.047754 0.00110242 0.999999 -0.000671171 -0.0218799 -0.0472622 0.000722518 0.998882 0.974724 
0.998891 -0.00358568 0.0469393 0.0535569 0.00364596 0.999993 -0.00119879 -0.022351 -0.0469347 0.00136859 0.998897 0.972861 
0.998922 0.000107892 0.0464129 0.0469942 -3.0674e-05 0.999999 -0.00166435 -0.0221135 -0.0464131 0.00166114 0.998921 0.965464 
0.998904 -0.00465188 0.0465821 0.0550313 0.00467308 0.999989 -0.000346156 -0.0202466 -0.0465799 0.000563454 0.998914 0.966676 
0.998915 -0.000486663 0.0465752 0.0519261 0.000524949 0.999999 -0.00080991 -0.0204054 -0.0465748 0.000833472 0.998914 0.963469 
0.998869 0.000436433 0.0475381 0.0468063 -0.000369968 0.999999 -0.00140695 -0.0211653 -0.0475387 0.00138778 0.998868 0.959284 
0.998888 -0.0044589 0.0469299 0.0531449 0.00457857 0.999987 -0.00244287 -0.0176098 -0.0469183 0.00265503 0.998895 0.954386 
0.998914 -0.000126716 0.0465909 0.0476604 0.000223555 0.999998 -0.00207297 -0.0189426 -0.0465907 0.00208112 0.998912 0.951355 
0.998926 -0.00221115 0.0462863 0.0517149 0.00232637 0.999994 -0.00243562 -0.0187576 -0.0462806 0.00254069 0.998925 0.950394 
0.99892 -0.00498501 0.0461912 0.05445 0.00521642 0.999974 -0.00489045 -0.017186 -0.0461655 0.00512612 0.998921 0.951097 
0.998966 -0.000930186 0.0454583 0.0502367 0.00100897 0.999998 -0.00171037 -0.011526 -0.0454566 0.00175445 0.998965 0.951118 
0.999042 -0.00435027 0.0435373 0.0515051 0.00436637 0.999991 -0.000274725 -0.0141596 -0.0435359 0.00046456 0.999052 0.959087 
0.999142 -0.00319896 0.0412858 0.0520563 0.003223 0.999995 -0.000515882 -0.0167988 -0.0412838 0.000648504 0.999147 0.962103 
0.999247 -0.00166497 0.0387552 0.0444174 0.00179033 0.999993 -0.00320044 -0.0147937 -0.0387497 0.00326743 0.999244 0.963976 
0.999344 -0.00107605 0.0362107 0.043932 0.00107785 0.999999 -3.00687e-05 -0.0117312 -0.0362107 6.90762e-05 0.999344 0.976004 
0.999374 -0.00176035 0.0353298 0.0408792 0.00169276 0.999997 0.00194288 -0.0126559 -0.035333 -0.00188187 0.999374 0.986273 
0.999401 -0.000618778 0.0346143 0.0410671 0.000633337 1 -0.00040915 -0.0167399 -0.0346141 0.000430837 0.999401 0.992014 
0.999426 0.00233115 0.0337895 0.0354757 -0.00225256 0.999995 -0.00236356 -0.0140793 -0.0337949 0.00228608 0.999426 0.992054 
0.999475 0.000134818 0.0323874 0.0353642 -6.51404e-05 0.999998 -0.00215273 -0.013319 -0.0323877 0.0021495 0.999473 0.999882 
0.999503 -0.00169396 0.0314813 0.0380688 0.00171477 0.999998 -0.000634054 -0.0132511 -0.0314801 0.000687714 0.999504 1.01472 
0.999511 -0.00162961 0.0312403 0.0371685 0.0016256 0.999999 0.000153939 -0.0128039 -0.0312405 -0.000103088 0.999512 1.0263 
0.999517 0.00124434 0.0310594 0.0339355 -0.00127876 0.999999 0.00108825 -0.0132197 -0.031058 -0.00112743 0.999517 1.03871 
0.999553 -0.000705838 0.0298883 0.0324631 0.000709966 1 -0.000127509 -0.0125563 -0.0298882 0.000148664 0.999553 1.05221 
0.999611 -0.00277361 0.0277519 0.0353565 0.00279642 0.999996 -0.000783581 -0.0114863 -0.0277496 0.000860882 0.999614 1.06359 
0.999665 -0.00439361 0.0255115 0.034111 0.00441483 0.99999 -0.000775214 -0.01106 -0.0255078 0.000887586 0.999674 1.07719 
0.999726 -0.00450579 0.0229815 0.0335083 0.00451791 0.99999 -0.000475374 -0.0105876 -0.0229791 0.000579073 0.999736 1.0918 
0.999766 -0.00617805 0.0207267 0.0326595 0.0061806 0.999981 -5.85346e-05 -0.0111663 -0.020726 0.000186621 0.999785 1.10349 
0.999827 -0.00470449 0.0179963 0.0309067 0.00469027 0.999989 0.00083198 -0.0118217 -0.018 -0.000747427 0.999838 1.11572 
0.999869 -0.00347336 0.0158375 0.0266991 0.00347671 0.999994 -0.000184659 -0.0135714 -0.0158367 0.000239699 0.999875 1.12906 
0.999889 -0.00273529 0.0146365 0.0240593 0.0027249 0.999996 0.000730522 -0.0140427 -0.0146384 -0.000690556 0.999893 1.13503 
0.999909 -0.00039532 0.0135024 0.0190334 0.000380449 0.999999 0.00110492 -0.01455 -0.0135028 -0.00109968 0.999908 1.14235 
0.999922 -2.35736e-05 0.012489 0.0163136 2.28733e-05 1 5.52284e-05 -0.0158476 -0.012489 -5.49457e-05 0.999922 1.14928 
0.999934 -0.000275068 0.0114708 0.0165634 0.000306964 0.999996 -0.00277789 -0.0156559 -0.01147 0.00278123 0.99993 1.16137 
0.999946 -0.000793867 0.0103715 0.0164051 0.000832945 0.999993 -0.00376431 -0.012966 -0.0103684 0.00377274 0.999939 1.17982 
0.999952 -0.00121207 0.0097195 0.0167274 0.00123856 0.999996 -0.00272017 -0.00960922 -0.00971621 0.00273208 0.999949 1.20347 
0.99997 5.74663e-05 0.00769173 0.011797 -4.78476e-05 0.999999 -0.0012496 -0.00793099 -0.00769185 0.0012492 0.99997 1.22787 
0.999982 0.000418603 0.00594945 0.00930214 -0.000414886 1 -0.00062442 -0.00728667 -0.00594964 0.000621934 0.999982 1.25186 
0.999986 -0.00109068 0.00522107 0.00977898 0.00109833 0.999998 -0.00147135 -0.00809836 -0.00521947 0.00147706 0.999985 1.26927 
0.999989 0.000671469 0.00456935 0.00732231 -0.000662118 0.999998 -0.00203712 -0.00714636 -0.00457084 0.00203409 0.999988 1.29491 
0.999991 -0.000327274 0.00418559 0.00802231 0.00033173 0.999999 -0.00106464 -0.00733721 -0.00418514 0.00106601 0.99999 1.31593 
0.999995 0.000198007 0.00312805 0.00568771 -0.000200801 1 0.000888173 -0.00701976 -0.00312784 -0.0008888 0.999995 1.3414 
0.999997 -0.00063169 0.00233783 0.00579834 0.000625715 0.999997 0.00255258 -0.00614512 -0.00233947 -0.00255111 0.999994 1.3649 
0.999997 -7.68825e-05 0.00230479 0.00478745 7.4625e-05 1 0.000995071 -0.00808263 -0.00230493 -0.000994881 0.999997 1.38399 
0.999995 -0.00227591 0.00203301 0.00627518 0.00227673 0.999997 -0.000380726 -0.00780928 -0.00203212 0.000385338 0.999998 1.40492 
0.999999 0.000256769 0.0010211 0.00359535 -0.000256203 1 -0.000578989 -0.00869727 -0.00102119 0.000578729 0.999999 1.42454 
0.999998 -0.00207726 0.000552326 0.00553322 0.0020775 0.999998 -0.000540744 -0.00734925 -0.000551179 0.000541877 1 1.4482 
1 0.000473589 8.11368e-05 0.00287247 -0.000473492 1 -0.000592295 -0.00967681 -8.14945e-05 0.000592273 1 1.46397 
1 -4.64618e-05 -0.000531286 0.0021534 4.57987e-05 0.999999 -0.00125349 -0.0111208 0.000531375 0.00125346 0.999999 1.48688 
0.999999 -0.000328057 -0.00120112 0.00125885 0.000328146 1 7.26245e-06 -0.00938451 0.00120117 -7.6592e-06 0.999999 1.51059 
0.999999 0.00093358 -0.00151062 -0.000556946 -0.000931963 0.999999 0.00110136 -0.0106661 0.00151168 -0.00109995 0.999998 1.53008 
0.999999 -0.000966452 -0.00114775 0.00182724 0.000965707 0.999999 -0.000609934 -0.0112761 0.00114837 0.000608813 0.999999 1.55185 
0.999999 8.8118e-05 -0.00122355 -8.96454e-05 -8.92282e-05 0.999999 -0.000903817 -0.00967646 0.0012234 0.000903932 0.999999 1.56904 
0.999999 -0.00100081 -0.000974834 0.00112343 0.00100032 0.999999 -0.000520866 -0.0109679 0.00097546 0.000519892 0.999999 1.59822 
0.999999 0.000452548 -0.00105835 -0.00018692 -0.000452563 1 1.23866e-06 -0.0107905 0.00105821 -7.58097e-07 0.999999 1.61503 
0.999998 -0.00175544 -0.000957236 0.00257874 0.00175738 0.999996 0.00201488 -0.0108051 0.000953719 -0.00201655 0.999998 1.63492 
0.999999 -0.00127785 -0.000692725 0.00379562 0.00127918 0.999997 0.0019608 -0.0138535 0.000690341 -0.00196169 0.999998 1.65047 
0.999999 -0.00152883 -0.000782549 0.00234795 0.00152862 0.999999 -0.00031076 -0.0160449 0.000782996 0.000309572 1 1.65973 
0.999997 -0.00239401 -0.00106753 0.00444603 0.00239182 0.999995 -0.00199005 -0.0180541 0.00107224 0.00198749 0.999997 1.67708 
1 0.000740752 -0.000654221 0.000362396 -0.000740483 1 0.000197614 -0.0173837 0.000654355 -0.000197116 1 1.69054 
1 -0.000394933 -0.000205517 0.00264168 0.000394948 1 0.000432728 -0.0176249 0.000205368 -0.000432812 1 1.70494 
1 0.000685617 -0.000227913 -6.48499e-05 -0.000685245 0.999999 0.0014588 -0.0166805 0.000228941 -0.00145865 0.999999 1.72584 
0.999998 -0.00185954 -0.000401214 0.00354004 0.00185952 0.999998 -5.93066e-06 -0.0172226 0.000401199 5.17257e-06 1 1.73822 
1 -0.000685886 -1.41263e-05 0.00175858 0.000685886 1 -8.69259e-05 -0.0183377 1.41561e-05 8.69185e-05 1 1.75524 
1 -0.000491694 -1.47223e-05 0.00273514 0.000491671 1 -0.000963602 -0.0188086 1.51843e-05 0.000963595 1 1.77142 
1 0.000525884 0.000334188 0.000902176 -0.000525601 1 -0.000774279 -0.018899 -0.000334546 0.000774108 1 1.78157 
0.999999 0.00111134 0.001131 0.00196075 -0.00111084 0.999999 -0.000444043 -0.0199277 -0.0011315 0.000442782 0.999999 1.7962 
0.999999 0.000593938 0.00118376 0.00157166 -0.000592865 1 -0.000907784 -0.020771 -0.00118425 0.00090709 0.999999 1.81064 
0.999999 0.00113542 0.00101438 -0.000102997 -0.00113587 0.999999 0.00044997 -0.019035 -0.00101395 -0.000451118 0.999999 1.83194 
0.999999 -0.000166573 0.000998229 0.00243759 0.000166014 1 0.000533221 -0.0181886 -0.000998303 -0.000533069 0.999999 1.8432 
0.999997 0.00261779 0.000440896 -0.000736237 -0.00261809 0.999996 0.000636796 -0.0182248 -0.000439167 -0.000637945 1 1.86022 
0.999999 0.000189349 0.00141098 0.00446892 -0.000187755 0.999999 -0.00112584 -0.018824 -0.00141114 0.00112557 0.999998 1.87161 
0.999996 0.00106844 0.00264388 0.00341797 -0.00106444 0.999998 -0.00151722 -0.0180264 -0.00264557 0.00151439 0.999996 1.89064 
0.999992 -0.000789016 0.00386044 0.00649261 0.000788368 1 0.000166936 -0.0151887 -0.00386053 -0.000163887 0.999992 1.90363 
0.999986 0.00222624 0.00476129 0.00346947 -0.00222667 0.999997 8.51881e-05 -0.0211856 -0.00476108 -9.57958e-05 0.999989 1.91499 
0.999986 0.0022045 0.00492725 0.00338554 -0.00220834 0.999997 0.000769671 -0.0226316 -0.00492547 -0.000780536 0.999988 1.92532 
0.999988 0.000908203 0.00477111 0.00387192 -0.000901334 0.999999 -0.00143945 -0.0259509 -0.00477247 0.00143513 0.999988 1.93083 
0.999989 -0.000564903 0.0047508 0.00621414 0.00057105 0.999999 -0.00128339 -0.0239179 -0.00475015 0.00128609 0.999988 1.94495 
0.999989 0.00024002 0.00467695 0.00591278 -0.000231512 0.999999 -0.0018124 -0.0260662 -0.00467733 0.0018113 0.999988 1.95345 
0.999987 0.00101426 0.00489643 0.00472069 -0.00100936 0.999999 -0.00101402 -0.0260322 -0.00489745 0.00100906 0.999988 1.96782 
0.999985 0.00213282 0.0050869 0.00278282 -0.00213669 0.999997 0.000757948 -0.0234776 -0.00508535 -0.000768799 0.999987 1.97916 
0.999983 0.00182472 0.00546774 0.0011425 -0.0018236 0.999998 -0.000211585 -0.0244855 -0.00546804 0.000201598 0.999985 1.98975 
0.999983 0.000912488 0.0057386 0.00320625 -0.000916705 0.999999 0.000733403 -0.0233597 -0.00573801 -0.000738643 0.999983 2.00108 
0.999984 -1.67117e-05 0.00563084 0.00349808 1.60858e-05 1 0.000113338 -0.0243279 -0.00563076 -0.000113251 0.999984 2.009 
0.999984 -0.000636742 0.00557263 0.00550461 0.000643887 0.999999 -0.00128106 -0.025709 -0.00557181 0.00128463 0.999984 2.01603 
0.999983 0.000297904 0.00582929 0.00364685 -0.000291564 1 -0.00108861 -0.024455 -0.00582969 0.0010869 0.999982 2.026 
0.999982 -0.000530072 0.00607651 0.007061 0.000529326 1 0.000125682 -0.0247709 -0.00607653 -0.000122463 0.999982 2.04145 
0.999983 0.000873178 0.00573105 0.00389099 -0.000870019 0.999999 -0.000553669 -0.0264372 -0.00573151 0.000548668 0.999983 2.04956 
0.999986 0.000457115 0.00530672 0.00323868 -0.00045456 1 -0.000481002 -0.0243802 -0.00530691 0.000478584 0.999986 2.05434 
0.999985 0.00119045 0.00533777 0.00180817 -0.00118797 0.999999 -0.000469023 -0.0258397 -0.00533839 0.000462677 0.999986 2.06881 
0.999988 -0.00169627 0.00456588 0.00616455 0.00169481 0.999999 0.000323856 -0.024428 -0.00456642 -0.000316111 0.99999 2.07468 
0.99999 -0.00175531 0.00402544 0.00706482 0.00174839 0.999997 0.0017173 -0.023608 -0.00402844 -0.00171025 0.99999 2.08907 
0.999992 -0.00149085 0.00372632 0.00746918 0.00149436 0.999998 -0.000935549 -0.02767 -0.0037249 0.000941113 0.999993 2.0938 
0.999995 -0.000342764 0.00315689 0.00606537 0.000343956 1 -0.000376621 -0.026464 -0.0031568 0.00037769 0.999995 2.10565 
0.999993 0.000843704 0.00353062 0.00524521 -0.000843622 1 -2.03345e-05 -0.0266501 -0.00353061 1.73673e-05 0.999994 2.11366 
0.999991 0.00123231 0.00407043 0.00374222 -0.00123005 0.999999 -0.000563025 -0.0267237 -0.00407115 0.000558004 0.999992 2.12915 
0.999989 0.0012659 0.00462088 0.00401688 -0.00125992 0.999998 -0.00129392 -0.0290639 -0.00462258 0.00128809 0.999988 2.12747 
0.999989 0.000827506 0.00464141 0.00404358 -0.000827238 1 -5.61457e-05 -0.0266577 -0.00464147 5.23031e-05 0.999989 2.1423 
0.999989 -0.000234015 0.00476789 0.00426102 0.000234857 1 -0.000175189 -0.0263634 -0.00476789 0.000176311 0.999989 2.15225 
0.999989 0.000443406 0.00468236 0.00414658 -0.000440188 1 -0.000688683 -0.0279483 -0.00468263 0.000686623 0.999989 2.15475 
0.999989 0.000292785 0.00474659 0.00389481 -0.000289723 1 -0.000648862 -0.0284739 -0.00474676 0.000647476 0.999988 2.16562 
0.99999 0.00026463 0.00439554 0.00419998 -0.000268877 1 0.000966111 -0.0268277 -0.00439528 -0.00096729 0.99999 2.18307 
0.99999 -0.000652656 0.00444153 0.00545883 0.000652134 1 0.00012015 -0.0292027 -0.00444159 -0.000117255 0.99999 2.18047 
0.999991 -0.00106776 0.00412893 0.00592422 0.00106905 0.999999 -0.000311768 -0.0298706 -0.00412855 0.000316178 0.999991 2.1938 
0.999993 -0.000203304 0.00376844 0.0045166 0.000207752 0.999999 -0.00118132 -0.0299145 -0.00376821 0.0011821 0.999992 2.20042 
0.999993 -0.000566967 0.0037744 0.00500107 0.00057479 0.999998 -0.00207207 -0.0291286 -0.00377327 0.00207421 0.999991 2.20555 
0.999993 -0.000697076 0.00359789 0.00452423 0.000698544 1 -0.000406304 -0.0270207 -0.00359759 0.000408815 0.999994 2.22238 
0.999994 0.000169046 0.00354406 0.00495529 -0.000165634 1 -0.000965538 -0.0293717 -0.0035443 0.000964958 0.999993 2.22771 
0.999993 0.000102237 0.00369349 0.00424194 -0.000101551 1 -0.000185303 -0.0279887 -0.0036934 0.000184916 0.999993 2.23622 
0.999991 -4.31016e-05 0.00422329 0.00421524 4.26918e-05 1 9.79714e-05 -0.0275822 -0.00422338 -9.77889e-05 0.999991 2.2453 
0.999991 -0.00145809 0.00402874 0.0070076 0.00145705 0.999999 0.000261551 -0.0290953 -0.00402912 -0.000255676 0.999992 2.25516 
0.999991 -0.00244598 0.00343844 0.0074234 0.00244664 0.999997 -0.000182167 -0.0295296 -0.00343803 0.000190575 0.999994 2.26268 
0.999995 -0.000719167 0.00293988 0.00647736 0.000716969 0.999999 0.000750903 -0.0278797 -0.00294045 -0.000748798 0.999996 2.26993 
0.999996 0.00010699 0.00285059 0.00530243 -0.000108838 1 0.000646275 -0.0289726 -0.00285032 -0.000646587 0.999996 2.28075 
0.999995 0.00111457 0.00292152 0.00397491 -0.00111357 0.999999 -0.000341911 -0.0304352 -0.00292197 0.000338655 0.999996 2.28687 
0.999995 0.000861049 0.00316122 0.00442505 -0.000853963 0.999997 -0.00224556 -0.0321281 -0.00316325 0.00224285 0.999993 2.29416 
0.999994 0.000111111 0.00346965 0.00469208 -0.000105515 0.999999 -0.00161367 -0.0295664 -0.00346982 0.00161329 0.999993 2.30515 
0.999993 0.0015899 0.00337341 0.00370026 -0.00158325 0.999997 -0.00197795 -0.0329478 -0.00337642 0.00197259 0.999992 2.3147 
0.999993 0.00115477 0.00350854 0.00427246 -0.00114769 0.999997 -0.00201466 -0.029763 -0.00351095 0.00201062 0.999992 2.31902 
0.999992 -0.000814967 0.00404087 0.00682068 0.000813879 1 0.000270046 -0.0264883 -0.00404111 -0.000266757 0.999992 2.32457 
0.999992 0.000841223 0.00383398 0.00587082 -0.000844888 0.999999 0.000954382 -0.0292811 -0.00383306 -0.000957619 0.999992 2.34242 
0.999992 0.000259377 0.00399289 0.0058403 -0.000262134 1 0.000690017 -0.0296535 -0.0039928 -0.000691049 0.999992 2.34909 
0.999991 -0.000317365 0.00419107 0.0058403 0.000317276 1 2.4654e-05 -0.0310469 -0.00419107 -2.33315e-05 0.999991 2.35237 
0.999993 0.000936396 0.00369877 0.0043335 -0.000934452 1 -0.000528593 -0.0320983 -0.00369933 0.000525143 0.999993 2.36723 
0.999991 0.000949614 0.00400913 0.00411606 -0.000945628 0.999999 -0.000998683 -0.0334187 -0.00400999 0.000994876 0.999991 2.35107 
0.999994 -7.45058e-09 0.00350246 0.00489807 2.01166e-07 1 -5.72614e-05 -0.0337617 -0.00350243 5.72614e-05 0.999994 2.38026 
0.999995 -0.00105429 0.00304359 0.00589752 0.00105509 0.999999 -0.000258774 -0.0354965 -0.00304341 0.000261992 0.999995 2.36354 
0.999995 -0.00129429 0.00275466 0.0108376 0.00129329 0.999999 0.000359003 -0.035229 -0.00275505 -0.000355452 0.999996 2.37823 
0.999995 -0.000978887 0.00293255 0.0110359 0.00097657 0.999999 0.000789315 -0.0335934 -0.00293332 -0.000786446 0.999995 2.38313 
0.999996 -0.00105947 0.00272399 0.0111847 0.00106018 0.999999 -0.000258766 -0.0351918 -0.00272375 0.000261642 0.999996 2.38608 
0.999996 -0.00051412 0.00273979 0.00901031 0.000517026 0.999999 -0.00106262 -0.0355539 -0.00273925 0.00106404 0.999996 2.38306 
0.999995 0.000671677 0.00297648 0.00914383 -0.000670277 1 -0.000471499 -0.0369658 -0.00297683 0.000469506 0.999995 2.3932 
0.999996 0.000518739 0.00294629 0.00786209 -0.000515357 0.999999 -0.0011532 -0.0385966 -0.00294682 0.00115166 0.999995 2.40868 
0.999995 -3.73572e-05 0.00313294 0.00746918 4.12688e-05 0.999999 -0.00124696 -0.0381453 -0.00313297 0.00124708 0.999995 2.38557 
0.999995 0.00186978 0.00262141 0.00450516 -0.00186758 0.999998 -0.000840563 -0.0383794 -0.00262293 0.000835668 0.999996 2.3983 
0.999995 -0.000287831 0.00318876 0.00804138 0.000289626 1 -0.000562016 -0.0387118 -0.00318849 0.000562932 0.999995 2.40254 
0.999994 -0.00187556 0.00285286 0.0101242 0.00187255 0.999998 0.00105502 -0.0381391 -0.00285476 -0.00104968 0.999995 2.40118 
0.999996 -0.000117674 0.00278318 0.00837708 0.000115462 1 0.000795636 -0.0384984 -0.00278318 -0.000795309 0.999996 2.40631 
0.999994 0.00083515 0.00347203 0.00791931 -0.000837021 0.999999 0.000530273 -0.0358746 -0.00347173 -0.000533178 0.999994 2.40436 
0.999994 0.00115944 0.00330269 0.00632477 -0.00115647 0.999999 -0.000899512 -0.0375819 -0.00330362 0.000895694 0.999994 2.40364 
0.999992 0.00150895 0.00368923 0.00641632 -0.00150871 0.999999 -7.31722e-05 -0.0377541 -0.00368929 6.76103e-05 0.999993 2.41064 
0.999992 0.00106714 0.00376374 0.00498962 -0.00106914 0.999999 0.000541613 -0.0372419 -0.00376317 -0.000545636 0.999993 2.40744 
0.999992 0.000525072 0.0039092 0.00603485 -0.000523865 1 -0.000312436 -0.0393994 -0.00390935 0.000310384 0.999992 2.40855 
0.999992 0.000783697 0.00400504 0.00580597 -0.000784323 1 0.000155833 -0.0390358 -0.00400493 -0.000158966 0.999992 2.40582 
0.999991 0.000408404 0.00426081 0.00537872 -0.000404075 0.999999 -0.00101555 -0.0407887 -0.0042612 0.00101381 0.99999 2.40318 
0.999989 0.0010688 0.00452656 0.00431824 -0.00107038 0.999999 0.00034542 -0.0367432 -0.00452623 -0.000350274 0.99999 2.40399 
0.999991 4.30271e-05 0.00426632 0.00652313 -4.23044e-05 1 -0.000169057 -0.0390525 -0.00426614 0.000168879 0.999991 2.40163 
0.999992 -0.000736527 0.0039033 0.00643921 0.000739731 0.999999 -0.0008175 -0.0410347 -0.00390279 0.000820387 0.999992 2.40556 
0.999992 0.000364996 0.004044 0.00640106 -0.000364505 1 -0.000121698 -0.0378528 -0.00404406 0.000120215 0.999992 2.39754 
0.999992 0.000863947 0.00405419 0.00256348 -0.00086125 0.999999 -0.000670213 -0.0363579 -0.00405481 0.000666715 0.999992 2.4068 
0.999992 0.00010924 0.00406405 0.00269318 -0.000109658 1 0.000107113 -0.0347257 -0.00406405 -0.00010756 0.999992 2.41145 
0.999992 -0.000662372 0.00389546 0.00230408 0.0006648 1 -0.000620548 -0.034138 -0.00389513 0.000623152 0.999992 2.41272 
0.999991 -0.00149693 0.00398543 0.00563049 0.00149875 0.999999 -0.000454098 -0.0341599 -0.00398469 0.00046004 0.999992 2.41747 
0.999991 -0.00224556 0.00369126 0.00416565 0.00224948 0.999997 -0.00106205 -0.0358784 -0.00368884 0.00107036 0.999993 2.41463 
0.999994 -0.000959471 0.00327456 0.00366211 0.000960901 1 -0.000435065 -0.035372 -0.00327417 0.000438202 0.999995 2.43777 
0.999993 -0.00196023 0.00333691 0.00624084 0.00196461 0.999997 -0.00131252 -0.0333786 -0.00333428 0.00131907 0.999994 2.41565 
0.999993 -0.00195047 0.00305536 0.00774384 0.00195546 0.999997 -0.00162152 -0.0309329 -0.00305226 0.00162747 0.999994 2.43823 
0.999995 -0.000890441 0.00320914 0.00933838 0.000891671 1 -0.000386924 -0.0272083 -0.00320879 0.000389796 0.999995 2.45276 
0.999993 -0.000771217 0.00368425 0.0089035 0.00077457 0.999999 -0.000907306 -0.0246453 -0.00368366 0.000910152 0.999993 2.45428 
0.999993 0.000981554 0.00368243 0.00675201 -0.000979297 0.999999 -0.000618894 -0.0240641 -0.00368297 0.00061528 0.999993 2.4761 
0.999992 -0.000837684 0.00377983 0.00803375 0.000840805 0.999999 -0.000820152 -0.024333 -0.00377917 0.000823326 0.999993 2.47995 
0.999992 0.000893459 0.00375611 0.00333405 -0.00089027 0.999999 -0.000857409 -0.0262346 -0.00375691 0.000854053 0.999993 2.50583 
0.999994 0.00157253 0.00312749 0.0019455 -0.00157031 0.999999 -0.000708282 -0.0259223 -0.00312856 0.000703368 0.999995 2.48999 
0.999994 -0.00116567 0.00319651 0.00447083 0.00116453 0.999999 0.000362545 -0.024775 -0.00319687 -0.000358827 0.999995 2.5098 
0.999996 -0.0016484 0.00238356 0.00563049 0.00164627 0.999998 0.00090161 -0.0249763 -0.00238511 -0.000897676 0.999997 2.53094 
0.999997 -0.000705838 0.00239816 0.0063324 0.000704639 1 0.000495184 -0.0255237 -0.00239846 -0.000493489 0.999997 2.53748 
0.999997 -3.31402e-05 0.00254306 0.00283051 3.31476e-05 1 -2.19792e-06 -0.025321 -0.00254309 2.27243e-06 0.999997 2.55286 
0.999996 0.000570156 0.00263521 0.0038147 -0.000571355 1 0.000446379 -0.025156 -0.00263497 -0.000447877 0.999996 2.55746 
0.999995 -0.000918843 0.00299996 0.0045166 0.000916995 0.999999 0.000613224 -0.0252781 -0.00300053 -0.000610467 0.999995 2.57712 
0.999997 -0.000541613 0.00250271 0.00327301 0.000540897 1 0.000288967 -0.0255213 -0.00250289 -0.000287611 0.999997 2.57526 
0.999997 0.000358887 0.0022701 0.00162506 -0.000356421 0.999999 -0.00108273 -0.0280046 -0.00227046 0.00108191 0.999997 2.59314 
0.999997 0.000568405 0.00256738 0.00154877 -0.000560895 0.999996 -0.00293014 -0.0278487 -0.00256917 0.0029287 0.999992 2.60104 
0.999992 0.00157467 0.00378206 0.00265503 -0.00157432 0.999999 -9.09865e-05 -0.0244641 -0.00378209 8.50186e-05 0.999993 2.61453 
0.999983 0.0026719 0.00512567 -0.00110626 -0.00267806 0.999996 0.00119526 -0.0239887 -0.00512242 -0.00120896 0.999986 2.62857 
0.999981 0.00238061 0.00564003 -0.00254822 -0.00238823 0.999996 0.00134327 -0.0251837 -0.00563687 -0.00135671 0.999983 2.6402 
0.999984 0.00126686 0.00555256 -0.000961304 -0.00127178 0.999999 0.000883289 -0.025703 -0.00555137 -0.000890344 0.999984 2.65082 
0.999987 -0.000470936 0.00514227 0.00287628 0.000471823 1 -0.000170469 -0.0277352 -0.00514212 0.000172898 0.999987 2.65802 
0.999985 -0.00230707 0.00498948 0.00366974 0.0023068 0.999997 5.99399e-05 -0.0244322 -0.00498974 -4.84474e-05 0.999988 2.66461 
0.999989 -0.00151122 0.00448024 0.00496674 0.00151333 0.999999 -0.000470448 -0.0283022 -0.0044795 0.000477247 0.99999 2.67877 
0.99999 -0.000478588 0.00436458 0.00376129 0.000476979 1 0.0003675 -0.0296116 -0.00436476 -0.000365429 0.99999 2.69226 
0.999989 -0.000444859 0.00471568 0.00370789 0.000434674 0.999998 0.00216556 -0.0319304 -0.00471684 -0.00216345 0.999987 2.68982 
0.999988 0.00136878 0.00463113 0.00269318 -0.00137223 0.999999 0.000742998 -0.0378881 -0.00463003 -0.000749361 0.999989 2.69324 
0.99999 0.000654161 0.00448593 0.00214386 -0.000652768 1 -0.000312485 -0.0384092 -0.00448608 0.000309553 0.99999 2.69171 
0.999988 0.000350803 0.00483969 0.00188446 -0.000352986 1 0.000450809 -0.0380874 -0.0048396 -0.000452504 0.999988 2.69879 
0.999987 -0.00142659 0.00498781 0.00396729 0.00141884 0.999998 0.00155533 -0.0373685 -0.00499007 -0.00154825 0.999986 2.70169 
0.999989 -0.000713572 0.00471053 0.00383759 0.000712864 1 0.000150278 -0.0406373 -0.00471056 -0.000146911 0.999989 2.70227 
0.999989 0.00168615 0.004397 0.00157928 -0.00168607 0.999999 -1.65217e-05 -0.037962 -0.00439715 9.11206e-06 0.99999 2.70483 
0.999991 0.000386335 0.00428912 0.00424957 -0.000391774 0.999999 0.00126159 -0.0349309 -0.00428841 -0.00126327 0.99999 2.70444 
0.999993 -0.000260346 0.00364366 0.00495148 0.000255384 0.999999 0.0013674 -0.0368729 -0.00364408 -0.00136646 0.999992 2.71548 
0.999992 0.00192654 0.00335702 0.00318146 -0.00192402 0.999998 -0.000759404 -0.0406113 -0.0033583 0.000752918 0.999994 2.71481 
0.999986 0.00399661 0.00347835 -0.00087738 -0.00399073 0.999991 -0.00168844 -0.0399723 -0.00348517 0.00167453 0.999993 2.71573 
0.999989 0.00300434 0.00372964 -0.000465393 -0.0030001 0.999995 -0.00114825 -0.0376587 -0.0037331 0.00113705 0.999992 2.71973 
0.999989 0.0025821 0.00388616 0.000572205 -0.00258898 0.999995 0.00176652 -0.0380707 -0.00388154 -0.00177656 0.999991 2.7153 
0.999993 -0.000498608 0.00381228 0.00492859 0.00049299 0.999999 0.00147283 -0.0408821 -0.00381297 -0.00147095 0.999992 2.72858 
0.999993 0.000627339 0.00375876 0.00296783 -0.000625744 1 -0.000421345 -0.044137 -0.00375912 0.000419002 0.999993 2.71936 
0.999993 0.00115967 0.00351208 0.00534821 -0.0011549 0.999999 -0.00136124 -0.0475101 -0.00351363 0.00135718 0.999993 2.71936 
0.999988 0.00289828 0.00402638 0.00350952 -0.00291124 0.999991 0.00321022 -0.0416288 -0.00401703 -0.00322192 0.999987 2.73105 
0.999989 0.00256249 0.00389811 0.00340271 -0.00256731 0.999996 0.00123303 -0.0399761 -0.00389501 -0.00124302 0.999992 2.72064 
0.999993 0.000356365 0.00372788 0.00247192 -0.000354849 1 -0.000406034 -0.0409467 -0.00372794 0.000404716 0.999993 2.72131 
0.999994 0.000562478 0.00344422 0.0040741 -0.000562254 1 -7.04005e-05 -0.0421197 -0.0034444 6.8482e-05 0.999994 2.71902 
0.999995 6.11246e-05 0.00330555 0.00546265 -6.20075e-05 1 0.000263285 -0.0445082 -0.00330546 -0.000263497 0.999995 2.72058 
0.999994 0.000526533 0.00355053 0.00704956 -0.000531916 0.999999 0.00151863 -0.045908 -0.0035497 -0.00152051 0.999992 2.71277 
0.999991 0.00244771 0.00348416 0.00531006 -0.00244408 0.999997 -0.00104757 -0.0517569 -0.00348669 0.00103905 0.999994 2.71725 
0.999954 0.00891604 0.00350648 -0.00318909 -0.00890358 0.999954 -0.00355319 -0.0521884 -0.00353801 0.0035218 0.999988 2.71991 
0.999949 0.00926314 0.00407121 -0.00500488 -0.0092273 0.999919 -0.00873711 -0.0544891 -0.00415182 0.0086991 0.999954 2.69098 
0.999948 -0.00958131 0.00360775 0.0135345 0.00960028 0.99994 -0.00527986 -0.048419 -0.00355685 0.00531421 0.999979 2.70499 
0.99997 -0.00768144 0.00130382 0.0179291 0.00767639 0.999963 0.00384704 -0.0339093 -0.00133333 -0.00383691 0.999992 2.70743 
0.999997 0.00076865 0.0023815 0.00845337 -0.000798848 0.999919 0.0127092 -0.0235828 -0.00237167 -0.0127111 0.999916 2.715 
0.999979 0.00534216 0.00375065 -0.000320435 -0.0053726 0.999952 0.00814838 -0.0308318 -0.00370693 -0.00816834 0.99996 2.71503 
0.999974 0.00583113 0.00414425 -0.00473022 -0.00584324 0.999979 0.00291565 -0.0404377 -0.00412712 -0.00293979 0.999987 2.70868 
0.999992 0.00130956 0.00362912 -0.0012207 -0.00130746 0.999999 -0.000572972 -0.050374 -0.00362989 0.000568226 0.999993 2.69937 
0.999981 -0.00533469 0.00322667 0.00756836 0.00534027 0.999984 -0.0017221 -0.0539112 -0.00321743 0.00173932 0.999993 2.69238 
0.999983 -0.0052845 0.00260657 0.0080719 0.00529703 0.999974 -0.00482405 -0.0573592 -0.00258103 0.00483777 0.999985 2.69421 
0.999994 -0.00163478 0.00317839 0.0101776 0.00164579 0.999993 -0.00346558 -0.0519199 -0.00317264 0.00347078 0.999989 2.69632 
0.999993 0.000507541 0.00377667 0.00730896 -0.00051067 1 0.000830509 -0.0433168 -0.00377631 -0.000832412 0.999993 2.69669 
0.999993 -0.000770546 0.00374436 0.0020752 0.000766039 0.999999 0.00120502 -0.0424318 -0.00374529 -0.00120214 0.999992 2.69366 
0.999995 -0.000731912 0.00315124 0.00465393 0.000728276 0.999999 0.00115629 -0.0433545 -0.00315198 -0.00115399 0.999994 2.68488 
0.999997 -0.000760134 0.00242966 0.0103149 0.00076006 1 2.80328e-05 -0.0487604 -0.00242981 -2.61813e-05 0.999997 2.69855 
0.999998 -0.00034209 0.0018588 0.00894165 0.000341643 1 0.000246156 -0.0463171 -0.00185889 -0.000245538 0.999998 2.69073 
0.999998 -0.00082425 0.00162482 0.0105743 0.000824373 1 -7.14399e-05 -0.0479555 -0.00162476 7.27922e-05 0.999999 2.69376 
0.999998 -0.00141025 0.00138769 0.00935364 0.00140801 0.999998 0.0016154 -0.045805 -0.00138995 -0.00161346 0.999998 2.69421 
0.999997 -0.0018293 0.00144726 0.00796509 0.00182527 0.999994 0.00277695 -0.0439787 -0.0014523 -0.00277429 0.999995 2.68399 
0.999998 -0.00159892 0.00151569 0.00959778 0.00159605 0.999997 0.00189977 -0.0454497 -0.00151867 -0.00189734 0.999997 2.69748 
0.999999 0.000585347 0.00144634 0.00785828 -0.000583261 0.999999 -0.00143602 -0.050127 -0.00144729 0.00143516 0.999998 2.68591 
0.999991 0.0037646 0.0018886 0.00460815 -0.0037578 0.999987 -0.00358972 -0.0493121 -0.00190201 0.00358259 0.999992 2.68311 
0.999994 0.00299791 0.00166848 0.00540161 -0.00299464 0.999994 -0.00195214 -0.0474052 -0.00167438 0.00194714 0.999997 2.68314 
0.999999 0.000852618 0.00142351 0.00469971 -0.000853676 0.999999 0.000744741 -0.046802 -0.00142282 -0.000745956 0.999999 2.68387 
0.999998 0.00172029 0.00116855 0.00502014 -0.0017206 0.999999 0.000257228 -0.047226 -0.0011681 -0.00025925 0.999999 2.68735 
0.999996 0.00273266 0.00119051 0.00602722 -0.00273036 0.999994 -0.00193243 -0.046629 -0.00119582 0.00192918 0.999997 2.68054 
0.999999 0.00122527 0.00112981 0.006073 -0.00122598 0.999999 0.000638232 -0.0421581 -0.00112903 -0.000639614 0.999999 2.68307 
1 -0.000549082 0.000606239 0.00965881 0.000547569 0.999997 0.00247664 -0.0416923 -0.000607729 -0.00247631 0.999997 2.67413 
0.999998 -0.00185861 -4.70877e-05 0.00967407 0.00185873 0.999995 0.00265985 -0.0452604 4.22001e-05 -0.00265994 0.999997 2.67966 
0.999989 -0.00445924 -0.00119302 0.0145416 0.0044663 0.999972 0.00597703 -0.049737 0.00116631 -0.00598226 0.999981 2.67154 
0.999991 -0.00383909 -0.00200102 0.0134583 0.00384882 0.999981 0.00487983 -0.0417824 0.00198227 -0.00488749 0.999986 2.67419 
0.999988 0.00435007 -0.00237894 0.0037384 -0.00435359 0.999989 -0.00147418 -0.0499592 0.00237256 0.00148452 0.999996 2.6712 
0.999973 0.00726487 -0.000936627 -3.05176e-05 -0.00727109 0.99995 -0.00683257 -0.0615435 0.000886798 0.0068392 0.999976 2.66095 
0.999982 0.00565584 -0.00225645 -0.00134277 -0.00565984 0.999983 -0.00177575 -0.0542984 0.00224644 0.00178849 0.999996 2.67886 
0.999993 0.00188091 -0.00319719 0.00102234 -0.0018828 0.999998 -0.000583243 -0.0422802 0.00319603 0.000589263 0.999995 2.6774 
0.999992 -0.00158789 -0.00371784 0.0059967 0.00159255 0.999998 0.0012495 -0.0335093 0.0037159 -0.0012554 0.999992 2.67612 
0.999992 -0.000750005 -0.00384945 0.00654602 0.000750724 1 0.000181846 -0.0340624 0.00384924 -0.000184737 0.999993 2.66852 
0.999993 0.00190592 -0.00319704 0.00694275 -0.0019166 0.999993 -0.00333822 -0.0422897 0.00319058 0.00334433 0.999989 2.66467 
0.999973 0.00705284 -0.00197959 -0.000579834 -0.00705192 0.999975 0.000474017 -0.0375786 0.0019829 -0.000460051 0.999998 2.67416 
0.999959 0.00895379 -0.00107664 -0.00445557 -0.00895239 0.999959 0.00130373 -0.0410004 0.00108829 -0.00129403 0.999999 2.67163 
0.999976 0.00689138 -0.000675529 -0.00523376 -0.00689276 0.999974 -0.00205158 -0.0425539 0.000661224 0.00205619 0.999998 2.6684 
0.999997 0.00234234 -0.000679165 -0.000473022 -0.00234273 0.999997 -0.000585709 -0.0401411 0.000677913 0.000587305 1 2.66608 
0.999997 -0.00174763 -0.00149655 0.00517273 0.00174991 0.999997 0.00152014 -0.039484 0.00149369 -0.00152275 0.999998 2.66739 
0.999997 -0.00191075 -0.00180292 0.00688171 0.00191601 0.999994 0.00292111 -0.0381908 0.00179735 -0.00292457 0.999994 2.66956 
0.999998 0.00133878 -0.00173578 0.00419617 -0.00133647 0.999998 0.00133725 -0.0419407 0.00173756 -0.0013349 0.999998 2.66583 
0.999996 0.00245667 -0.00117186 0.00234985 -0.00245812 0.999996 -0.00123726 -0.0440683 0.00116882 0.00124013 0.999999 2.66217 
0.999999 0.000858638 -0.00115535 0.00404358 -0.000861123 0.999997 -0.00215521 -0.0447416 0.0011535 0.0021562 0.999997 2.66476 
0.999999 -0.00034859 -0.00139746 0.00561523 0.000346478 0.999999 -0.00150236 -0.0455179 0.00139809 0.00150189 0.999998 2.65768 
0.999997 -0.00209514 -0.00156042 0.00857544 0.00209684 0.999997 0.00108286 -0.0427666 0.00155807 -0.00108614 0.999998 2.66879 
0.999997 -0.00162364 -0.00166327 0.00921631 0.00162585 0.999998 0.00133694 -0.0439548 0.00166109 -0.00133965 0.999998 2.66644 
0.999999 -8.61734e-05 -0.00116909 0.00843811 8.70936e-05 1 0.000786033 -0.0438232 0.00116912 -0.000786133 0.999999 2.66299 
0.999999 0.00023536 -0.00121865 0.00637817 -0.000235617 1 -0.00020038 -0.045414 0.00121862 0.00020067 0.999999 2.66052 
0.999999 0.000423025 -0.00102261 0.00642395 -0.000421852 0.999999 0.00113649 -0.0427561 0.00102299 -0.00113605 0.999999 2.66541 
0.999999 0.000569057 -0.000943005 0.00634766 -0.000568036 0.999999 0.00108602 -0.0433044 0.000943631 -0.00108549 0.999999 2.66089 
1 0.000459902 -0.000668079 0.00682068 -0.000460841 0.999999 -0.00141 -0.0460262 0.000667393 0.00141033 0.999999 2.66437 
1 -5.23515e-05 -0.000545949 0.00749207 5.14686e-05 0.999999 -0.00158996 -0.0458002 0.000545979 0.00158992 0.999999 2.66089 
1 -0.000383146 -0.000730932 0.00944519 0.000383768 1 0.000841588 -0.0432644 0.000730574 -0.000841867 0.999999 2.65912 
1 0.000472531 -0.000581354 0.00794983 -0.000471722 0.999999 0.001392 -0.0435181 0.000582069 -0.00139173 0.999999 2.66583 
0.999999 0.00138336 -0.00011915 0.00834656 -0.00138331 0.999999 0.000431567 -0.0483189 0.000119686 -0.000431407 1 2.6615 
1 0.000614863 0.000209689 0.00671387 -0.00061487 1 4.42415e-05 -0.0519733 -0.000209659 -4.43645e-05 1 2.66101 
1 -0.000208434 0.000237316 0.0080719 0.000208501 1 -0.000280999 -0.0506859 -0.000237286 0.000281055 1 2.66089 
1 -0.000483956 0.000261128 0.00865173 0.000483993 1 -0.00016088 -0.0514965 -0.000261039 0.000160988 1 2.6543 
1 0.000237867 0.000288397 0.00906372 -0.000238363 0.999998 0.00175194 -0.0546532 -0.00028789 -0.00175199 0.999998 2.67206 
0.999999 0.00116943 0.00036034 0.00709534 -0.00116991 0.999999 0.00128163 -0.0515728 -0.00035885 -0.00128206 0.999999 2.66248 
1 0.000248414 0.000350505 0.0078125 -0.000248492 1 0.000247426 -0.0527172 -0.000350386 -0.000247516 1 2.6618 
1 0.00065342 0.000103712 0.00614929 -0.000653367 1 -0.000497643 -0.0504951 -0.0001041 0.00049758 1 2.6615 
1 -3.50177e-06 0.000112236 0.00764465 3.56138e-06 1 -0.000505678 -0.0494232 -0.000112057 0.000505693 1 2.65533 
0.999999 -0.00102416 -0.00030008 0.0085144 0.00102409 1 -0.000230227 -0.0506763 0.000300169 0.000229929 1 2.66809 
1 0.000115648 -0.000330269 0.00770569 -0.000115607 1 0.000133961 -0.0497379 0.00033018 -0.000133924 1 2.66132 
1 7.70353e-05 2.3663e-05 0.00794983 -7.70353e-05 1 7.60034e-05 -0.0497952 -2.3663e-05 -7.59996e-05 1 2.66138 
1 0.000404272 -0.000134498 0.00672913 -0.000404362 1 -0.000654969 -0.0493374 0.00013423 0.000655025 1 2.66046 
1 0.000878222 -6.31511e-05 0.00695801 -0.000878178 0.999999 0.000722345 -0.0479736 6.37472e-05 -0.000722291 1 2.66046 
1 -0.00045244 -0.00029853 0.00790405 0.000452679 1 0.000777274 -0.046299 0.000298202 -0.000777412 1 2.6662 
1 0.000138316 -0.000298411 0.00743103 -0.000137806 0.999999 0.0017018 -0.045208 0.00029856 -0.00170174 0.999998 2.66156 
1 -0.000411209 -0.000296712 0.00735474 0.000410981 1 -0.00076583 -0.0478115 0.00029698 0.000765696 1 2.65955 
0.999999 -0.00116473 -0.000293612 0.0085144 0.0011647 0.999999 -0.000110637 -0.0457973 0.000293612 0.000110295 1 2.66125 
1 -0.000453331 -0.000395358 0.00787354 0.000453576 1 0.000655282 -0.0443859 0.000395179 -0.000655472 1 2.65497 
1 0.000565793 -0.000285953 0.00672913 -0.000565585 1 0.000737496 -0.0451317 0.000286251 -0.000737309 1 2.66864 
1 0.000733476 0.000183254 0.00726318 -0.000733331 0.999999 -0.000787899 -0.0472565 -0.000183791 0.000787761 1 2.66071 
1 3.42727e-05 0.000239223 0.00689697 -3.42354e-05 1 -0.000149664 -0.0462303 -0.000239253 0.000149656 1 2.66223 
1 0.000347879 9.81092e-05 0.0068512 -0.000348005 0.999999 0.00130568 -0.0453491 -9.76622e-05 -0.00130571 0.999999 2.66412 
1 0.000361755 0.000213921 0.00682068 -0.000362184 0.999998 0.00197155 -0.0445747 -0.000213116 -0.00197164 0.999998 2.66583 
0.999999 0.00109662 0.000422031 0.00538635 -0.00109697 0.999999 0.000822876 -0.046896 -0.000420988 -0.000823338 1 2.66699 
1 0.000177093 0.000369191 0.00567627 -0.000176203 0.999997 -0.00240905 -0.0487499 -0.000369757 0.00240899 0.999997 2.66071 
1 0.000467122 0.000332564 0.00601196 -0.000466149 0.999996 -0.00295609 -0.0480652 -0.000333965 0.00295595 0.999996 2.66583 
1 -0.000253718 6.9648e-05 0.00605774 0.000253726 1 -0.000212071 -0.044405 -6.95884e-05 0.000212088 1 2.65778 
1 -0.000491634 -0.000142932 0.00648499 0.000492048 0.999996 0.00297211 -0.0426788 0.000141501 -0.00297218 0.999996 2.67108 
1 -0.000718422 -2.47359e-06 0.00785828 0.00071843 0.999998 0.00192153 -0.0438175 9.83477e-07 -0.00192155 0.999998 2.67017 
1 -0.000869144 -1.97589e-05 0.00816345 0.000869129 1 -0.00057777 -0.0460052 2.0355e-05 0.000577752 1 2.66345 
1 -0.000210311 6.61314e-05 0.00765991 0.000210375 1 -0.00088999 -0.0450592 -6.59823e-05 0.000890013 1 2.66577 
1 -0.000576697 -3.44813e-05 0.00813293 0.000576679 1 -0.000326041 -0.0450096 3.48091e-05 0.000326015 1 2.66394 
0.999999 -0.00115632 -0.000169396 0.00854492 0.0011564 0.999999 0.000517834 -0.0447578 0.00016883 -0.000518031 1 2.67371 
1 -0.000846349 -0.000218689 0.00869751 0.000846609 0.999999 0.00118196 -0.0455151 0.000217497 -0.00118215 0.999999 2.66809 
1 0.000758905 -0.000258148 0.00709534 -0.000758644 0.999999 0.000992998 -0.0455284 0.000258893 -0.000992812 1 2.67151 
1 -0.000208486 -0.000102401 0.0075531 0.000208519 1 0.000371736 -0.0455132 0.000102401 -0.000371758 1 2.66644 
0.999999 -0.000955716 -0.000426918 0.00889587 0.000955675 0.999999 -9.05059e-05 -0.0464211 0.000426978 9.00961e-05 1 2.66351 
1 -0.000439312 -0.000499696 0.0083313 0.000440255 0.999998 0.00188887 -0.0434475 0.000498891 -0.0018891 0.999998 2.67578 
0.999999 0.00129317 -0.000479668 0.0071106 -0.00129312 0.999999 6.64666e-05 -0.0470829 0.000479698 -6.58371e-05 1 2.67041 
0.999998 0.0018693 -0.000214934 0.00611877 -0.00186913 0.999998 0.000791866 -0.0462818 0.000216365 -0.000791475 1 2.66705 
1 -0.000146143 -0.000404805 0.00733948 0.000145636 0.999999 -0.00123223 -0.0479603 0.000404984 0.00123217 0.999999 2.66882 
0.999999 -0.00126473 -0.000759661 0.00941467 0.00126409 0.999999 -0.000859134 -0.0478058 0.000760704 0.00085818 0.999999 2.65814 
0.999998 -0.0014061 -0.00108489 0.0106354 0.00140583 0.999999 -0.000241313 -0.0472889 0.00108525 0.000239789 0.999999 2.6662 
1 -0.000380415 -0.000882655 0.0106812 0.000380937 1 0.000592083 -0.047245 0.000882417 -0.000592422 0.999999 2.66016 
1 0.000278559 -0.000716835 0.00939941 -0.000277236 0.999998 0.00184201 -0.0468159 0.000717312 -0.00184181 0.999998 2.66998 
1 -0.000406899 -0.000743806 0.0112152 0.000405852 0.999999 -0.0014033 -0.0532589 0.000744432 0.001403 0.999999 2.68738 
0.999999 0.00077169 -0.000843585 0.0083313 -0.000771895 1 -0.000248283 -0.0496101 0.000843197 0.000248928 1 2.61804 
1 0.000661671 -0.000599861 0.00949097 -0.000661634 1 8.00937e-05 -0.0499058 0.00060007 -7.96989e-05 1 2.65833 
