1 -9.04368e-12 -2.32681e-11 -1.11022e-16 -9.04368e-12 1 -2.39237e-10 -2.22045e-16 -2.32681e-11 -2.39237e-10 1 2.22045e-16 
0.99905 0.00176042 -0.0435476 -0.00787571 -0.00164978 0.999995 0.00257653 0.0217554 0.0435519 -0.00250224 0.999048 -1.00208 
0.998972 0.00413866 -0.0451479 -0.00623554 -0.00392849 0.999981 0.00474283 0.0193278 0.0451667 -0.00456059 0.998969 -0.99959 
0.998946 0.00112405 -0.045881 -0.0069703 -0.000919549 0.999989 0.0044781 0.0174248 0.0458856 -0.00443119 0.998937 -1.00131 
0.998917 -0.00178475 -0.0464899 0.00129688 0.00192891 0.999993 0.0030562 0.0174336 0.0464842 -0.00314257 0.998914 -0.993542 
0.99889 0.00266694 -0.0470202 -0.00555131 -0.00266624 0.999996 7.77068e-05 0.020103 0.0470202 4.7748e-05 0.998894 -0.998342 
0.99891 0.00153129 -0.0466527 -0.00510621 -0.00148172 0.999998 0.00109719 0.0223926 0.0466543 -0.00102687 0.99891 -0.992131 
0.998928 0.00359716 -0.0461426 -0.00372207 -0.0034342 0.999988 0.00361059 0.0214586 0.046155 -0.00344825 0.998928 -0.990983 
0.998978 0.00417953 -0.0450126 -0.0101432 -0.00405494 0.999988 0.00285895 0.0177324 0.045024 -0.0026735 0.998982 -0.987478 
0.998946 0.000123109 -0.0459149 -0.00386047 -6.9404e-05 0.999999 0.0011714 0.0184058 0.045915 -0.00116698 0.998945 -0.987163 
0.998917 0.000774073 -0.046528 -0.00220299 -0.0007837 1 -0.000188952 0.0214104 0.0465279 0.000225201 0.998917 -0.984628 
0.998871 0.000236097 -0.0474987 -0.00171113 -0.000258395 1 -0.000462996 0.0228799 0.0474986 0.000474755 0.998871 -0.981404 
0.99886 -5.00986e-05 -0.0477411 -0.00148582 4.91422e-05 1 -2.12695e-05 0.0241394 0.0477411 1.88854e-05 0.99886 -0.979418 
0.998882 0.00110242 -0.0472623 -0.00160885 -0.00106947 0.999999 0.000722524 0.0212267 0.0472629 -0.000671163 0.998882 -0.975906 
0.998891 0.00364596 -0.0469347 -0.00775433 -0.00358568 0.999993 0.00136859 0.0212115 0.0469394 -0.00119878 0.998897 -0.97433 
0.998922 -3.0674e-05 -0.046413 -0.00213289 0.000107886 0.999999 0.00166113 0.0205046 0.0464129 -0.00166435 0.998921 -0.96664 
0.998904 0.00467307 -0.0465799 -0.00984621 -0.00465189 0.999989 0.000563458 0.0199576 0.046582 -0.00034615 0.998914 -0.968199 
0.998914 0.000524955 -0.0465748 -0.00698471 -0.000486659 1 0.00083348 0.0196276 0.0465752 -0.000809902 0.998914 -0.964857 
0.998869 -0.000369966 -0.0475386 -0.00115871 0.000436436 0.999999 0.00138777 0.0198134 0.0475381 -0.00140696 0.998868 -0.960455 
0.998888 0.00457857 -0.0469184 -0.00822783 -0.0044589 0.999987 0.00265503 0.0153125 0.0469298 -0.00244287 0.998895 -0.95587 
0.998914 0.000223536 -0.0465904 -0.00328064 -0.000126723 0.999998 0.00208113 0.0169687 0.046591 -0.00207296 0.998912 -0.952579 
0.998926 0.00232637 -0.0462807 -0.00762844 -0.00221114 0.999994 0.00254069 0.0164572 0.0462863 -0.00243563 0.998925 -0.951811 
0.99892 0.00521641 -0.0461656 -0.0103912 -0.00498502 0.999975 0.00512612 0.0125815 0.0461911 -0.00489045 0.998921 -0.952671 
0.998966 0.00100898 -0.0454567 -0.00693989 -0.000930175 0.999998 0.00175446 0.00990401 0.0454583 -0.00171036 0.998965 -0.952436 
0.999042 0.00436636 -0.0435357 -0.00964069 -0.00435027 0.99999 0.000464562 0.0139379 0.0435374 -0.000274722 0.999052 -0.960424 
0.999142 0.003223 -0.0412839 -0.0122375 -0.00319896 0.999995 0.000648502 0.0163411 0.0412857 -0.00051588 0.999147 -0.963442 
0.999247 0.00179033 -0.0387497 -0.00700378 -0.00166497 0.999993 0.00326742 0.0117178 0.0387552 -0.00320045 0.999244 -0.965015 
0.999344 0.00107785 -0.0362107 -0.00854874 -0.00107605 0.999999 6.90762e-05 0.0117109 0.0362108 -3.00668e-05 0.999344 -0.976954 
0.999374 0.00169276 -0.0353331 -0.00598335 -0.00176034 0.999997 -0.00188186 0.0145838 0.0353298 0.00194289 0.999374 -0.987074 
0.999401 0.000633344 -0.034614 -0.00669479 -0.000618793 1 0.000430828 0.0163378 0.0346143 -0.00040916 0.999401 -0.992847 
0.999426 -0.00225257 -0.0337949 -0.00196075 0.00233115 0.999995 0.00228609 0.0117284 0.0337895 -0.00236355 0.999426 -0.992712 
0.999475 -6.51404e-05 -0.0323876 -0.00296021 0.000134833 0.999998 0.00214949 0.0111649 0.0323875 -0.00215274 0.999473 -1.00053 
0.999503 0.00171477 -0.0314801 -0.00608444 -0.00169396 0.999999 0.000687719 0.0126175 0.0314812 -0.000634044 0.999504 -1.01543 
0.999511 0.0016256 -0.0312406 -0.00506973 -0.0016296 0.999999 -0.000103081 0.01297 0.0312403 0.000153949 0.999512 -1.02695 
0.999517 -0.00127875 -0.031058 -0.00167847 0.00124434 0.999999 -0.00112744 0.0143488 0.0310594 0.00108824 0.999517 -1.03925 
0.999553 0.000709966 -0.0298882 -0.000993729 -0.000705838 1 0.000148672 0.0124232 0.0298883 -0.0001275 0.999553 -1.05271 
0.999611 0.00279643 -0.0277496 -0.00580025 -0.00277361 0.999996 0.000860883 0.0106687 0.0277519 -0.00078358 0.999615 -1.06417 
0.999665 0.00441482 -0.0255078 -0.00657654 -0.00439361 0.99999 0.000887584 0.0102536 0.0255115 -0.000775216 0.999674 -1.07772 
0.999726 0.00451791 -0.0229791 -0.00836372 -0.0045058 0.99999 0.000579073 0.0101063 0.0229815 -0.000475374 0.999736 -1.09229 
0.999766 0.00618059 -0.020726 -0.00971222 -0.00617807 0.999981 0.000186624 0.0111617 0.0207267 -5.85311e-05 0.999785 -1.10393 
0.999827 0.00469027 -0.018 -0.0107651 -0.00470448 0.999989 -0.000747428 0.0128009 0.0179963 0.000831978 0.999838 -1.11609 
0.999869 0.00347671 -0.0158367 -0.00876808 -0.00347335 0.999994 0.000239699 0.0133939 0.0158375 -0.00018466 0.999875 -1.12934 
0.999889 0.00272489 -0.0146384 -0.00740623 -0.00273529 0.999996 -0.000690556 0.0148923 0.0146365 0.00073052 0.999892 -1.13525 
0.999909 0.000380434 -0.0135028 -0.00360489 -0.00039532 0.999999 -0.00109968 0.0158135 0.0135024 0.00110491 0.999908 -1.14249 
0.999922 2.28807e-05 -0.012489 -0.00195885 -2.35662e-05 1 -5.49406e-05 0.0159106 0.012489 5.52358e-05 0.999922 -1.14939 
0.999934 0.000306956 -0.01147 -0.00324059 -0.000275075 0.999996 0.00278123 0.0124302 0.0114708 -0.00277789 0.999931 -1.16152 
0.999946 0.00083296 -0.0103685 -0.00416374 -0.000793874 0.999993 0.00377274 0.00852799 0.0103715 -0.00376431 0.999939 -1.17997 
0.999952 0.00123857 -0.00971617 -0.00502205 -0.00121208 0.999996 0.00273208 0.00634122 0.00971955 -0.00272017 0.999949 -1.20359 
0.99997 -4.78551e-05 -0.00769182 -0.00235176 5.74738e-05 0.999999 0.0012492 0.00639617 0.00769178 -0.0012496 0.99997 -1.22793 
0.999982 -0.000414893 -0.00594971 -0.00185585 0.000418596 1 0.00062194 0.00650418 0.00594936 -0.000624412 0.999982 -1.25189 
0.999986 0.00109838 -0.00521946 -0.00314522 -0.00109064 0.999998 0.00147706 0.00623405 0.00522108 -0.00147134 0.999985 -1.26931 
0.999989 -0.000662163 -0.00457072 -0.00141144 0.000671424 0.999998 0.00203407 0.00450742 0.00456947 -0.00203713 0.999987 -1.29494 
0.999991 0.00033173 -0.00418524 -0.00251389 -0.000327274 0.999999 0.00106602 0.00593686 0.0041855 -0.00106463 0.999991 -1.31595 
0.999995 -0.000200778 -0.00312786 -0.00149345 0.000198007 1 -0.000888799 0.00821114 0.00312805 0.000888177 0.999995 -1.34141 
0.999997 0.000625737 -0.00233944 -0.00259972 -0.000631697 0.999997 -0.00255111 0.00963116 0.00233786 0.00255258 0.999994 -1.3649 
0.999997 7.46027e-05 -0.0023049 -0.00159645 -7.69123e-05 1 -0.000994897 0.00945961 0.00230484 0.000995054 0.999997 -1.384 
0.999995 0.00227671 -0.00203215 -0.00340462 -0.00227594 0.999997 0.00038535 0.00728178 0.002033 -0.000380713 0.999998 -1.40495 
1 -0.000256181 -0.00102124 -0.00214386 0.000256784 1 0.000578728 0.00787187 0.00102106 -0.00057899 0.999999 -1.42454 
0.999998 0.00207756 -0.000551179 -0.00471687 -0.00207721 0.999998 0.000541888 0.00657654 0.000552297 -0.000540729 1 -1.4482 
1 -0.000473522 -8.13901e-05 -0.00275803 0.000473537 1 0.000592256 0.00880885 8.12411e-05 -0.00059231 1 -1.46397 
1 4.57987e-05 0.000531361 -0.00294495 -4.64693e-05 0.999999 0.00125347 0.00925732 -0.000531301 -0.00125349 0.999999 -1.48689 
0.999999 0.000328071 0.00120112 -0.00307083 -0.000328138 1 -7.65733e-06 0.00939667 -0.00120114 7.26245e-06 0.999999 -1.5106 
0.999998 -0.000931919 0.00151165 -0.0017643 0.000933625 0.999999 -0.00109995 0.0123495 -0.00151064 0.00110136 0.999998 -1.53008 
0.999999 0.000965752 0.00114833 -0.00359726 -0.0009664 0.999999 0.000608826 0.0103328 -0.00114779 -0.000609923 0.999999 -1.55186 
0.999999 -8.92058e-05 0.00122347 -0.00182915 8.81329e-05 1 0.000903925 0.0082587 -0.00122349 -0.000903824 0.999999 -1.56904 
0.999999 0.00100033 0.00097537 -0.00267029 -0.00100084 0.999999 0.00051989 0.0101382 -0.000974953 -0.000520865 0.999999 -1.59823 
0.999999 -0.000452533 0.00105837 -0.00152206 0.000452571 1 -7.61822e-07 0.0107917 -0.00105821 1.2368e-06 0.999999 -1.61503 
0.999998 0.00175737 0.000953719 -0.00411415 -0.00175546 0.999996 -0.00201656 0.0141065 -0.000957251 0.00201487 0.999998 -1.63489 
0.999999 0.00127921 0.000690252 -0.00491905 -0.00127783 0.999997 -0.00196168 0.0170962 -0.000692844 0.00196081 0.999998 -1.65044 
0.999999 0.0015286 0.000783026 -0.00362015 -0.00152886 0.999999 0.000309562 0.0155349 -0.00078252 -0.000310767 1 -1.65974 
0.999997 0.00239187 0.0010723 -0.00619888 -0.00239395 0.999995 0.00198749 0.0147313 -0.00106747 -0.00199005 0.999998 -1.67712 
1 -0.000740618 0.000654384 -0.00148201 0.000740618 1 -0.000197129 0.0177166 -0.000654206 0.000197601 1 -1.69054 
1 0.000395037 0.000205353 -0.00298309 -0.000394858 1 -0.000432812 0.0183641 -0.000205532 0.00043273 1 -1.70493 
1 -0.000685267 0.000228912 -0.000337601 0.000685565 0.999999 -0.00145865 0.0191982 -0.000227943 0.0014588 0.999999 -1.72581 
0.999998 0.00185954 0.000401214 -0.0042038 -0.00185952 0.999998 5.1856e-06 0.0172203 -0.000401184 -5.91762e-06 1 -1.73823 
1 0.000685886 1.41859e-05 -0.00177002 -0.000685878 1 8.69166e-05 0.0181865 -1.41114e-05 -8.69259e-05 1 -1.75526 
1 0.000491679 1.51992e-05 -0.0027523 -0.000491686 0.999999 0.000963595 0.0171033 -1.47223e-05 -0.000963601 1 -1.77144 
1 -0.000525624 -0.000334591 -0.000318527 0.000525847 1 0.000774102 0.0175197 0.000334114 -0.000774281 1 -1.78159 
0.999999 -0.00111084 -0.00113147 5.14984e-05 0.00111133 0.999999 0.000442784 0.0191303 0.00113101 -0.000444036 0.999999 -1.79621 
0.999999 -0.000592858 -0.00118427 0.000562668 0.000593938 0.999999 0.000907082 0.0191277 0.00118372 -0.00090779 0.999999 -1.81066 
0.999999 -0.00113587 -0.00101386 0.00193977 0.00113542 0.999999 -0.000451121 0.0198617 0.00101446 0.000449967 0.999999 -1.83192 
1 0.000166036 -0.000998303 -0.000591278 -0.00016655 1 -0.000533054 0.0191716 0.000998199 0.000533234 1 -1.84319 
0.999996 -0.00261807 -0.000439182 0.00150681 0.0026178 0.999996 -0.000637948 0.0194134 0.000440836 0.000636794 1 -1.86021 
0.999999 -0.000187755 -0.00141118 -0.00183105 0.000189342 0.999999 0.00112557 0.0167167 0.00141093 -0.00112584 0.999999 -1.87164 
0.999996 -0.00106443 -0.00264552 0.00156403 0.00106844 0.999998 0.00151439 0.0151598 0.00264396 -0.00151721 0.999995 -1.89066 
0.999992 0.000788383 -0.00386058 0.000867844 -0.000789002 1 -0.000163892 0.015506 0.0038604 0.000166932 0.999993 -1.90363 
0.999986 -0.00222667 -0.00476107 0.00560188 0.00222623 0.999998 -9.57903e-05 0.021361 0.00476128 8.51974e-05 0.999989 -1.91498 
0.999985 -0.00220832 -0.00492553 0.00605202 0.00220452 0.999997 -0.000780543 0.0241265 0.0049272 0.000769664 0.999987 -1.92529 
0.999988 -0.000901341 -0.00477244 0.0053215 0.000908196 0.999999 0.00143513 0.0231762 0.00477117 -0.00143945 0.999988 -1.93085 
0.999989 0.000571012 -0.00475007 0.00303841 -0.000564948 0.999999 0.00128609 0.0214199 0.00475089 -0.00128339 0.999988 -1.94501 
0.999989 -0.000231549 -0.00467737 0.00322342 0.000239998 0.999998 0.0018113 0.0225263 0.00467691 -0.0018124 0.999987 -1.9535 
0.999988 -0.00100932 -0.00489743 0.00489044 0.00101431 0.999999 0.00100906 0.0240418 0.00489639 -0.00101402 0.999988 -1.96785 
0.999985 -0.00213671 -0.00508527 0.00722885 0.0021328 0.999997 -0.000768809 0.0249928 0.00508697 0.000757938 0.999987 -1.97914 
0.999983 -0.00182359 -0.00546813 0.00969315 0.00182473 0.999998 0.000201607 0.0240819 0.00546765 -0.00021157 0.999985 -1.98972 
0.999983 -0.000916705 -0.00573796 0.00825691 0.000912488 0.999999 -0.000738651 0.0248349 0.00573866 0.000733394 0.999983 -2.00106 
0.999984 1.60933e-05 -0.00563084 0.00781441 -1.6734e-05 1 -0.000113247 0.0245557 0.00563076 0.000113342 0.999984 -2.00899 
0.999984 0.000643894 -0.00557181 0.00574493 -0.000636734 0.999999 0.00128463 0.0231225 0.00557262 -0.00128106 0.999984 -2.01605 
0.999983 -0.000291564 -0.0058296 0.00815201 0.000297911 0.999999 0.00108689 0.0222518 0.00582938 -0.00108861 0.999983 -2.02602 
0.999981 0.000529319 -0.00607656 0.00535583 -0.000530072 1 -0.00012246 0.0250249 0.00607646 0.000125684 0.999981 -2.04146 
0.999983 -0.000870019 -0.00573152 0.00783539 0.000873201 1 0.000548678 0.0253094 0.00573102 -0.000553666 0.999983 -2.04957 
0.999986 -0.00045456 -0.00530694 0.00764847 0.000457108 1 0.000478582 0.0233959 0.00530672 -0.000481006 0.999986 -2.05436 
0.999985 -0.00118796 -0.00533834 0.00920105 0.00119045 0.999999 0.000462674 0.0248809 0.00533783 -0.000469025 0.999986 -2.06882 
0.999988 0.0016948 -0.0045664 0.00335312 -0.00169627 0.999999 -0.000316111 0.0250944 0.00456586 0.000323854 0.99999 -2.07468 
0.99999 0.00174841 -0.00402845 0.00139999 -0.00175529 0.999997 -0.00171025 0.0271929 0.00402544 0.0017173 0.99999 -2.08904 
0.999992 0.00149436 -0.00372493 0.000370026 -0.00149086 0.999998 0.000941109 0.0257105 0.00372629 -0.000935553 0.999993 -2.09385 
0.999995 0.000343971 -0.00315678 0.000587463 -0.000342771 1 0.000377702 0.0256706 0.00315693 -0.000376608 0.999995 -2.1057 
0.999993 -0.000843629 -0.00353065 0.00219727 0.000843681 1 1.73524e-05 0.0266085 0.00353061 -2.03475e-05 0.999994 -2.11366 
0.999991 -0.00123004 -0.00407112 0.00489426 0.00123233 0.999999 0.000558013 0.0255307 0.00407046 -0.000563012 0.999992 -2.12915 
0.999989 -0.00125992 -0.00462252 0.00577927 0.00126589 0.999999 0.00128808 0.0263189 0.00462094 -0.00129393 0.999989 -2.1275 
0.999989 -0.000827245 -0.00464147 0.005867 0.000827491 1 5.23068e-05 0.0265427 0.00464144 -5.61439e-05 0.999989 -2.14229 
0.999989 0.00023485 -0.00476784 0.00600433 -0.000234023 1 0.000176307 0.0259854 0.00476789 -0.000175187 0.999989 -2.15225 
0.999989 -0.000440195 -0.00468263 0.00592422 0.000443399 1 0.000686612 0.0264668 0.0046823 -0.000688687 0.999989 -2.15479 
0.999989 -0.000289701 -0.00474676 0.00638199 0.0002928 1 0.000647478 0.02707 0.00474659 -0.00064886 0.999989 -2.16563 
0.99999 -0.000268877 -0.00439528 0.00539398 0.000264637 1 -0.000967281 0.0289377 0.00439554 0.000966115 0.99999 -2.18306 
0.99999 0.00065212 -0.00444159 0.00424957 -0.000652663 1 -0.000117255 0.0294609 0.00444153 0.000120152 0.99999 -2.18048 
0.999991 0.00106905 -0.00412858 0.00316238 -0.00106776 0.999999 0.000316178 0.0291828 0.00412884 -0.000311768 0.999991 -2.19379 
0.999993 0.000207759 -0.00376824 0.00377655 -0.000203304 0.999999 0.00118209 0.0273145 0.00376844 -0.00118133 0.999992 -2.20044 
0.999993 0.000574797 -0.00377321 0.00334167 -0.000566967 0.999998 0.00207422 0.0245568 0.00377443 -0.00207205 0.999991 -2.20561 
0.999993 0.000698544 -0.00359762 0.00349045 -0.000697084 1 0.000408815 0.0261152 0.00359786 -0.000406301 0.999993 -2.22238 
0.999994 -0.000165612 -0.00354421 0.0029335 0.000169031 1 0.000964941 0.0272214 0.00354418 -0.000965549 0.999993 -2.22775 
0.999993 -0.000101544 -0.00369352 0.00400925 0.000102229 1 0.000184923 0.0275745 0.0036934 -0.000185294 0.999993 -2.23622 
0.999991 4.26918e-05 -0.00422332 0.00525665 -4.31091e-05 1 -9.77889e-05 0.0278015 0.00422335 9.79695e-05 0.999991 -2.2453 
0.999991 0.00145705 -0.00402912 0.00211716 -0.00145809 0.999999 -0.000255678 0.0296814 0.00402871 0.000261551 0.999992 -2.25516 
0.999991 0.00244663 -0.00343797 0.000423431 -0.00244599 0.999997 0.000190578 0.029116 0.00343844 -0.000182163 0.999994 -2.26268 
0.999996 0.000716962 -0.00294039 0.000217438 -0.00071916 1 -0.000748791 0.0295835 0.00293994 0.000750899 0.999995 -2.2699 
0.999996 -0.000108838 -0.0028505 0.001194 0.000107005 1 -0.000646584 0.0304461 0.00285041 0.000646275 0.999996 -2.28073 
0.999995 -0.00111358 -0.00292188 0.00268173 0.00111455 0.999999 0.000338655 0.0296563 0.00292155 -0.000341911 0.999996 -2.28687 
0.999995 -0.000853948 -0.00316307 0.00281906 0.000861049 0.999997 0.00224285 0.0269785 0.00316131 -0.00224556 0.999993 -2.29419 
0.999994 -0.000105515 -0.00346979 0.00331116 0.000111103 0.999999 0.00161329 0.0258462 0.00346962 -0.00161367 0.999993 -2.30518 
0.999993 -0.00158323 -0.00337654 0.00406647 0.0015899 0.999997 0.00197258 0.0283744 0.00337327 -0.00197795 0.999993 -2.31474 
0.999993 -0.00114769 -0.00351086 0.0038414 0.00115476 0.999997 0.00201062 0.0250945 0.00350863 -0.00201466 0.999992 -2.31905 
0.999992 0.000813872 -0.00404105 0.00258255 -0.000814959 1 -0.000266757 0.0271144 0.0040409 0.00027005 0.999992 -2.32458 
0.999993 -0.000844896 -0.00383317 0.00307083 0.000841215 0.999999 -0.000957612 0.0315201 0.00383383 0.00095439 0.999992 -2.34242 
0.999992 -0.000262134 -0.00399271 0.00351715 0.000259385 1 -0.000691056 0.0312753 0.00399292 0.000690009 0.999992 -2.34908 
0.999991 0.000317261 -0.00419104 0.00403595 -0.000317365 1 -2.33203e-05 0.0311036 0.00419107 2.46651e-05 0.999991 -2.35236 
0.999993 -0.000934452 -0.00369924 0.00440598 0.000936404 0.999999 0.000525132 0.0308514 0.00369877 -0.000528596 0.999993 -2.36725 
0.999992 -0.00094562 -0.00401011 0.00527954 0.000949621 0.999999 0.00099488 0.0310752 0.00400907 -0.000998672 0.999991 -2.35109 
0.999994 2.08616e-07 -0.00350246 0.00344467 -7.45058e-09 1 5.7254e-05 0.0336235 0.00350243 -5.72577e-05 0.999994 -2.38023 
0.999995 0.00105508 -0.00304329 0.00133133 -0.00105431 0.999999 0.000261981 0.0348833 0.00304368 -0.000258777 0.999995 -2.36357 
0.999995 0.0012933 -0.00275511 -0.00424194 -0.00129428 0.999999 -0.000355441 0.036088 0.0027546 0.000359021 0.999996 -2.37825 
0.999995 0.00097657 -0.00293335 -0.00402451 -0.00097888 0.999999 -0.000786446 0.0354788 0.00293255 0.000789311 0.999995 -2.38312 
0.999996 0.00106018 -0.00272372 -0.0046463 -0.00105949 0.999999 0.000261649 0.034579 0.00272405 -0.000258759 0.999996 -2.38611 
0.999996 0.00051704 -0.00273925 -0.00245285 -0.00051412 0.999999 0.00106402 0.0330219 0.00273979 -0.00106263 0.999996 -2.38312 
0.999995 -0.000670269 -0.0029768 -0.00203323 0.000671677 1 0.000469502 0.035835 0.00297651 -0.000471506 0.999996 -2.39325 
0.999996 -0.000515342 -0.00294685 -0.000778198 0.000518747 0.999999 0.00115168 0.0358176 0.00294623 -0.00115319 0.999995 -2.40872 
0.999995 4.12688e-05 -0.00313291 1.14441e-05 -3.73498e-05 0.999999 0.00124709 0.0351717 0.003133 -0.00124696 0.999994 -2.38562 
0.999995 -0.00186758 -0.00262296 0.00171661 0.00186977 0.999998 0.000835668 0.0363677 0.00262138 -0.000840575 0.999996 -2.39833 
0.999995 0.000289641 -0.00318858 -0.000377655 -0.000287838 1 0.000562936 0.0373619 0.0031887 -0.000562016 0.999995 -2.4026 
0.999994 0.00187255 -0.00285482 -0.00320435 -0.00187556 0.999998 -0.00104968 0.0406792 0.00285286 0.00105502 0.999995 -2.40118 
0.999996 0.000115439 -0.00278324 -0.00167084 -0.000117674 1 -0.000795312 0.0404129 0.00278315 0.000795629 0.999996 -2.40631 
0.999994 -0.000837013 -0.00347158 0.00038147 0.00083518 1 -0.000533175 0.0371499 0.00347215 0.00053028 0.999994 -2.40437 
0.999994 -0.00115646 -0.00330371 0.00156403 0.00115944 0.999999 0.00089569 0.0354226 0.00330257 -0.000899512 0.999994 -2.40367 
0.999992 -0.00150869 -0.00368932 0.00241852 0.00150897 0.999999 6.76066e-05 0.0375805 0.0036892 -7.31722e-05 0.999993 -2.41068 
0.999992 -0.00106918 -0.00376317 0.00401306 0.00106712 0.999999 -0.000545632 0.0385499 0.00376371 0.000541616 0.999993 -2.40742 
0.999992 -0.000523865 -0.00390935 0.0033493 0.000525087 1 0.000310384 0.0386496 0.0039092 -0.000312436 0.999992 -2.40855 
0.999992 -0.000784323 -0.00400496 0.00379944 0.000783697 1 -0.000158973 0.0394139 0.00400507 0.000155825 0.999992 -2.40579 
0.999991 -0.000404075 -0.00426123 0.00483704 0.000408411 0.999999 0.00101381 0.0383499 0.00426081 -0.00101554 0.99999 -2.40323 
0.999989 -0.00107038 -0.00452617 0.00653839 0.0010688 0.999999 -0.000350263 0.0375805 0.00452659 0.000345431 0.99999 -2.40396 
0.999991 -4.23044e-05 -0.00426629 0.00372314 4.30271e-05 1 0.000168871 0.038645 0.00426614 -0.000169065 0.999991 -2.40164 
0.999992 0.000739731 -0.0039027 0.00298309 -0.000736527 0.999999 0.00082038 0.0390658 0.00390336 -0.0008175 0.999992 -2.40561 
0.999992 -0.000364512 -0.00404403 0.00328064 0.000364989 1 0.000120226 0.0375624 0.00404403 -0.000121694 0.999992 -2.39758 
0.999991 -0.000861235 -0.00405481 0.00717163 0.000863962 0.999999 0.000666715 0.0347507 0.00405419 -0.000670213 0.999992 -2.40683 
0.999992 -0.000109673 -0.00406405 0.00710297 0.000109233 1 -0.000107553 0.0349863 0.00406405 0.000107117 0.999992 -2.41142 
0.999992 0.000664786 -0.00389501 0.0071106 -0.000662364 1 0.00062314 0.0326378 0.00389555 -0.000620566 0.999992 -2.41272 
0.999991 0.00149874 -0.00398478 0.00405121 -0.00149693 0.999999 0.000460066 0.0330555 0.00398535 -0.000454079 0.999992 -2.4175 
0.999991 0.00224948 -0.00368887 0.00482178 -0.00224555 0.999997 0.00107035 0.0333011 0.00369126 -0.00106207 0.999993 -2.41466 
0.999994 0.000960886 -0.00327408 0.00434113 -0.000959471 0.999999 0.00043821 0.034306 0.00327459 -0.000435062 0.999995 -2.43774 
0.999992 0.00196462 -0.00333437 0.00186157 -0.00196022 0.999997 0.00131907 0.0302029 0.00333685 -0.00131253 0.999994 -2.41568 
0.999994 0.00195544 -0.00305223 -0.000244141 -0.00195049 0.999997 0.00162748 0.026979 0.00305545 -0.0016215 0.999994 -2.43829 
0.999994 0.000891693 -0.00320882 -0.00144196 -0.000890434 1 0.000389788 0.0262613 0.00320914 -0.000386935 0.999995 -2.45279 
0.999993 0.000774547 -0.00368357 0.000144958 -0.000771224 0.999999 0.000910148 0.022418 0.00368434 -0.000907306 0.999993 -2.45432 
0.999993 -0.000979289 -0.00368306 0.00232697 0.000981577 0.999999 0.00061528 0.0225325 0.00368237 -0.000618894 0.999993 -2.47614 
0.999992 0.000840783 -0.00377917 0.00138092 -0.000837691 0.999999 0.000823326 0.0222998 0.00377986 -0.000820152 0.999992 -2.47998 
0.999993 -0.000890248 -0.00375691 0.00606537 0.000893489 0.999999 0.00085406 0.0240917 0.00375608 -0.000857398 0.999993 -2.50583 
0.999994 -0.00157031 -0.00312856 0.00579071 0.00157252 0.999998 0.000703368 0.0241699 0.00312749 -0.000708289 0.999995 -2.49002 
0.999994 0.00116452 -0.00319692 0.00357056 -0.00116569 0.999999 -0.00035882 0.0256824 0.00319645 0.000362549 0.999995 -2.50977 
0.999996 0.00164626 -0.00238499 0.000442505 -0.00164842 0.999998 -0.000897683 0.0272574 0.00238359 0.000901606 0.999997 -2.53091 
0.999997 0.000704646 -0.00239852 -0.000236511 -0.000705823 1 -0.000493493 0.0267792 0.00239807 0.000495184 0.999997 -2.53748 
0.999997 3.31551e-05 -0.00254306 0.00366211 -3.31551e-05 1 2.27988e-06 0.0253153 0.00254306 -2.18302e-06 0.999997 -2.55286 
0.999996 -0.000571333 -0.00263491 0.00292969 0.000570163 1 -0.000447884 0.0262995 0.00263521 0.000446372 0.999996 -2.55746 
0.999995 0.00091701 -0.0030005 0.00323486 -0.000918835 0.999999 -0.000610463 0.0268574 0.00299999 0.00061322 0.999995 -2.57709 
0.999997 0.000540882 -0.00250286 0.00318146 -0.00054162 1 -0.000287611 0.0262647 0.00250271 0.000288963 0.999997 -2.57523 
0.999997 -0.000356436 -0.00227052 0.00424957 0.00035888 0.999999 0.00108191 0.0251966 0.00227001 -0.00108273 0.999997 -2.59317 
0.999997 -0.000560887 -0.00256905 0.00512695 0.000568412 0.999996 0.00292869 0.0202298 0.00256753 -0.00293015 0.999992 -2.60117 
0.999992 -0.00157433 -0.00378215 0.00720978 0.00157467 0.999999 8.50335e-05 0.0242391 0.00378197 -9.09716e-05 0.999993 -2.6145 
0.999983 -0.00267805 -0.00512242 0.0145111 0.0026719 0.999996 -0.00120896 0.0271688 0.00512561 0.00119526 0.999986 -2.62848 
0.999981 -0.00238823 -0.00563681 0.0173874 0.00238061 0.999996 -0.00135672 0.0287709 0.00564009 0.00134327 0.999983 -2.64011 
0.999984 -0.00127178 -0.0055514 0.0156708 0.00126687 0.999999 -0.000890337 0.0280652 0.0055525 0.000883292 0.999984 -2.65076 
0.999987 0.000471815 -0.00514218 0.0108109 -0.000470944 1 0.000172894 0.027276 0.00514221 -0.000170477 0.999987 -2.65799 
0.999985 0.0023068 -0.00498962 0.00966644 -0.00230707 0.999997 -4.84325e-05 0.0245695 0.00498956 5.99623e-05 0.999988 -2.66458 
0.999989 0.00151334 -0.0044795 0.00708008 -0.0015112 0.999999 0.000477232 0.0270319 0.00448012 -0.000470463 0.99999 -2.67874 
0.99999 0.000477001 -0.00436473 0.00802612 -0.000478581 1 -0.000365417 0.0305982 0.00436449 0.000367522 0.99999 -2.6922 
0.999989 0.000434667 -0.0047166 0.00901031 -0.000444882 0.999998 -0.00216348 0.0377502 0.00471583 0.00216553 0.999987 -2.68973 
0.999988 -0.00137224 -0.00463012 0.00974274 0.00136878 0.999999 -0.000749342 0.0399017 0.00463107 0.000743009 0.999989 -2.69318 
0.99999 -0.000652768 -0.0044862 0.0098877 0.000654168 1 0.000309549 0.0375748 0.00448588 -0.000312485 0.99999 -2.69165 
0.999988 -0.000352979 -0.00483954 0.0111771 0.000350788 1 -0.000452515 0.0393074 0.00483969 0.000450805 0.999988 -2.69873 
0.999987 0.00141884 -0.00498998 0.00955963 -0.00142659 0.999998 -0.00154823 0.0415604 0.00498784 0.00155535 0.999986 -2.70163 
0.999989 0.000712864 -0.00471061 0.00891876 -0.000713564 1 -0.000146918 0.0410385 0.00471041 0.000150267 0.999989 -2.70227 
0.999989 -0.0016861 -0.004397 0.0102692 0.00168613 0.999999 9.10088e-06 0.0379336 0.00439715 -1.65217e-05 0.99999 -2.7048 
0.999991 -0.000391759 -0.00428852 0.00736237 0.000386357 0.999999 -0.00126326 0.0383463 0.00428897 0.0012616 0.99999 -2.70438 
0.999993 0.000255361 -0.00364402 0.00492096 -0.000260368 0.999999 -0.00136647 0.0405855 0.00364378 0.0013674 0.999992 -2.71539 
0.999992 -0.001924 -0.00335845 0.00584412 0.00192655 0.999998 0.000752941 0.0385609 0.0033569 -0.000759382 0.999994 -2.71484 
0.999986 -0.00399075 -0.00348505 0.0101852 0.00399657 0.999991 0.00167454 0.035428 0.00347844 -0.00168844 0.999993 -2.71576 
0.999989 -0.00300008 -0.00373304 0.010498 0.00300436 0.999995 0.00113704 0.0345707 0.00372967 -0.00114825 0.999992 -2.71976 
0.999989 -0.00258898 -0.0038816 0.00986481 0.0025821 0.999995 -0.00177656 0.0428934 0.00388613 0.00176651 0.999991 -2.71521 
0.999993 0.000492997 -0.00381303 0.00550079 -0.000498608 0.999999 -0.00147094 0.0448971 0.00381222 0.00147284 0.999992 -2.72855 
0.999993 -0.000625752 -0.00375897 0.0072403 0.000627339 1 0.000418995 0.0429964 0.00375879 -0.000421353 0.999993 -2.71933 
0.999993 -0.00115491 -0.00351357 0.00416565 0.00115969 0.999999 0.00135718 0.0438128 0.003512 -0.00136124 0.999993 -2.71939 
0.999988 -0.00291123 -0.00401708 0.0072937 0.0028983 0.999991 -0.00322191 0.0504169 0.00402632 0.00321024 0.999987 -2.7309 
0.999989 -0.00256732 -0.0038949 0.00704956 0.00256248 0.999996 -0.00124303 0.0433486 0.00389817 0.00123303 0.999992 -2.72055 
0.999993 -0.00035486 -0.00372794 0.00765991 0.000356358 1 0.000404708 0.0398424 0.0037277 -0.000406034 0.999993 -2.72131 
0.999994 -0.000562239 -0.00344422 0.00526428 0.000562489 1 6.84634e-05 0.04193 0.00344428 -7.04192e-05 0.999994 -2.71902 
0.999995 -6.19963e-05 -0.00330552 0.0035553 6.1132e-05 1 -0.000263486 0.0452232 0.00330541 0.0002633 0.999995 -2.72058 
0.999994 -0.000531919 -0.00354972 0.00257874 0.000526525 0.999999 -0.0015205 0.0500278 0.0035505 0.00151863 0.999993 -2.71268 
0.999991 -0.00244408 -0.00348666 0.00405884 0.00244772 0.999997 0.00103905 0.0489206 0.00348416 -0.00104758 0.999994 -2.71725 
0.999954 -0.00890359 -0.00353798 0.0123596 0.00891605 0.999954 0.00352181 0.042634 0.00350651 -0.00355319 0.999988 -2.71994 
0.999949 -0.00922729 -0.00415179 0.0157013 0.00926315 0.999919 0.0086991 0.0311208 0.00407121 -0.00873711 0.999954 -2.69128 
0.999948 0.00960029 -0.00355694 -0.003479 -0.0095813 0.99994 0.00531422 0.0341702 0.00360763 -0.00527985 0.99998 -2.70526 
0.99997 0.00767639 -0.00133336 -0.0140991 -0.00768145 0.999963 -0.00383691 0.0444361 0.00130379 0.00384704 0.999992 -2.70728 
0.999997 -0.000798855 -0.00237158 -0.00205994 0.000768647 0.999919 -0.0127111 0.0580864 0.00238162 0.0127092 0.999916 -2.71448 
0.999979 -0.00537259 -0.0037069 0.0102234 0.00534218 0.999952 -0.00816835 0.0530109 0.00375059 0.00814837 0.99996 -2.71466 
0.999974 -0.00584324 -0.00412714 0.015686 0.00583114 0.999979 -0.00293979 0.0484266 0.00414422 0.00291565 0.999987 -2.7085 
0.999993 -0.00130748 -0.0036298 0.0109711 0.00130954 0.999999 0.000568233 0.0488396 0.00362912 -0.000572968 0.999993 -2.69931 
0.999981 0.00534027 -0.00321734 0.00140381 -0.00533468 0.999984 0.00173931 0.0492668 0.00322658 -0.00172212 0.999993 -2.69247 
0.999983 0.00529703 -0.00258103 -0.000808716 -0.0052845 0.999974 0.00483777 0.0443654 0.00260657 -0.00482405 0.999985 -2.69455 
0.999994 0.0016458 -0.00317267 -0.00152588 -0.00163478 0.999993 0.00347079 0.0425763 0.0031783 -0.00346557 0.999989 -2.6965 
0.999993 -0.000510689 -0.00377616 0.00289917 0.000507534 1 -0.000832427 0.045557 0.0037767 0.000830498 0.999992 -2.69666 
0.999993 0.000766031 -0.00374526 0.00810242 -0.000770546 0.999999 -0.00120215 0.0456705 0.00374433 0.00120503 0.999992 -2.69363 
0.999995 0.000728268 -0.00315213 0.00378418 -0.000731908 0.999999 -0.00115399 0.0464554 0.00315112 0.00115629 0.999994 -2.68481 
0.999997 0.000760075 -0.00242969 -0.00375366 -0.000760127 1 -2.61813e-05 0.0488377 0.00242978 2.80291e-05 0.999997 -2.69855 
0.999998 0.000341635 -0.00185889 -0.00398254 -0.000342097 1 -0.000245523 0.0469823 0.00185883 0.000246167 0.999998 -2.69073 
0.999998 0.000824377 -0.00162485 -0.00619507 -0.000824254 1 7.27735e-05 0.0477676 0.00162491 -7.14585e-05 0.999999 -2.69379 
0.999998 0.00140801 -0.00138992 -0.00553894 -0.00141026 0.999998 -0.00161345 0.0501633 0.00138775 0.00161541 0.999998 -2.69415 
0.999997 0.00182528 -0.0014523 -0.00395203 -0.00182929 0.999995 -0.0027743 0.0514407 0.00144717 0.00277694 0.999995 -2.68387 
0.999997 0.00159605 -0.00151876 -0.00543213 -0.00159893 0.999997 -0.00189735 0.0505834 0.0015156 0.00189977 0.999997 -2.69742 
0.999999 -0.000583261 -0.00144717 -0.00401306 0.00058534 0.999999 0.00143517 0.0462646 0.00144649 -0.00143601 0.999998 -2.68604 
0.999991 -0.00375779 -0.0019021 0.000305176 0.00376461 0.999987 0.00358259 0.039681 0.00188857 -0.00358972 0.999992 -2.68332 
0.999994 -0.00299465 -0.00167435 -0.00106812 0.0029979 0.999994 0.00194713 0.0421638 0.00166857 -0.00195214 0.999997 -2.68326 
0.999999 -0.000853673 -0.00142288 -0.000961304 0.000852615 0.999999 -0.00074596 0.0487986 0.00142348 0.000744741 0.999999 -2.68381 
0.999998 -0.00172059 -0.00116813 -0.00193787 0.00172029 0.999998 -0.000259236 0.0479136 0.00116852 0.000257239 0.999999 -2.68729 
0.999996 -0.00273035 -0.00119582 -0.00297546 0.00273267 0.999995 0.00192918 0.041441 0.00119051 -0.00193243 0.999997 -2.68066 
0.999999 -0.00122599 -0.00112909 -0.00312805 0.00122526 0.999999 -0.000639621 0.0438643 0.00112978 0.000638239 0.999999 -2.68314 
1 0.00054758 -0.00060758 -0.00799561 -0.000549082 0.999997 -0.00247632 0.048316 0.000606388 0.00247664 0.999997 -2.6741 
0.999998 0.00185875 4.21107e-05 -0.00970459 -0.00185861 0.999995 -0.00265993 0.0524015 -4.71175e-05 0.00265986 0.999996 -2.6796 
0.999989 0.0044663 0.00116634 -0.017395 -0.00445924 0.999972 -0.00598229 0.0657768 -0.00119308 0.005977 0.999981 -2.6712 
0.999991 0.00384882 0.0019823 -0.0185852 -0.00383909 0.999981 -0.00488748 0.0549011 -0.00200099 0.00487983 0.999986 -2.67398 
0.999988 -0.00435359 0.00237247 -0.0102997 0.00435008 0.999989 0.00148453 0.0459776 -0.00237897 -0.00147418 0.999996 -2.67126 
0.999973 -0.0072711 0.000886917 -0.00279236 0.00726487 0.99995 0.0068392 0.0433426 -0.000936508 -0.00683257 0.999976 -2.66132 
0.999981 -0.00565985 0.00224635 -0.00495911 0.00565584 0.999982 0.0017885 0.0495167 -0.0022566 -0.00177575 0.999996 -2.67899 
0.999993 -0.00188278 0.00319606 -0.00967407 0.00188093 0.999998 0.00058927 0.0407038 -0.00319719 -0.000583243 0.999995 -2.67743 
0.999992 0.00159254 0.00371584 -0.0158539 -0.00158789 0.999998 -0.0012554 0.0368795 -0.0037179 0.00124948 0.999992 -2.67603 
0.999992 0.000750717 0.0038493 -0.0168152 -0.00075002 1 -0.000184737 0.0345612 -0.00384939 0.00018185 0.999993 -2.66846 
0.999993 -0.00191658 0.00319064 -0.0155182 0.00190592 0.999993 0.00334432 0.0333624 -0.00319701 -0.00333822 0.999989 -2.66473 
0.999973 -0.0070519 0.00198284 -0.00502014 0.00705285 0.999975 -0.000460047 0.0388107 -0.00197971 0.000474028 0.999998 -2.67413 
0.999959 -0.00895239 0.00108823 0.00119019 0.00895379 0.999959 -0.00129403 0.0444984 -0.0010767 0.00130372 0.999999 -2.6716 
0.999976 -0.00689277 0.000661373 0.00317383 0.00689139 0.999974 0.00205618 0.0371027 -0.00067541 -0.00205158 0.999998 -2.66852 
0.999997 -0.00234273 0.000677764 -0.00146484 0.00234234 0.999997 0.000587301 0.0385761 -0.000679314 -0.000585712 1 -2.66611 
0.999997 0.0017499 0.00149387 -0.00906372 -0.00174763 0.999997 -0.00152274 0.0435562 -0.0014964 0.00152013 0.999998 -2.66733 
0.999997 0.001916 0.00179729 -0.0116119 -0.00191075 0.999994 -0.00292455 0.0460129 -0.00180301 0.00292112 0.999994 -2.66943 
0.999998 -0.00133646 0.00173756 -0.00888062 0.00133879 0.999998 -0.00133493 0.0454922 -0.00173581 0.00133723 0.999998 -2.66577 
0.999996 -0.00245811 0.00116885 -0.00552368 0.00245666 0.999996 0.00124013 0.0407591 -0.00117192 -0.00123725 0.999999 -2.66223 
0.999999 -0.000861131 0.00115356 -0.00714111 0.000858635 0.999997 0.0021562 0.038991 -0.00115544 -0.00215521 0.999997 -2.66486 
0.999999 0.000346482 0.00139812 -0.00926208 -0.000348583 0.999999 0.00150187 0.0415258 -0.00139758 -0.00150237 0.999998 -2.65771 
0.999997 0.00209682 0.00155827 -0.0126343 -0.00209515 0.999997 -0.00108614 0.045681 -0.00156036 0.00108287 0.999998 -2.66876 
0.999997 0.00162585 0.00166115 -0.0135651 -0.00162363 0.999998 -0.00133964 0.0475388 -0.00166336 0.00133695 0.999998 -2.66635 
0.999999 8.70861e-05 0.00116906 -0.0115204 -8.61697e-05 1 -0.000786133 0.0459166 -0.00116917 0.000786036 0.999999 -2.66293 
0.999999 -0.000235606 0.00121862 -0.00959778 0.000235371 1 0.000200663 0.044879 -0.00121868 -0.000200383 0.999999 -2.66058 
0.999999 -0.000421859 0.00102305 -0.00915527 0.00042301 0.999999 -0.00113605 0.0457821 -0.00102255 0.00113649 0.999999 -2.66534 
0.999999 -0.00056804 0.000943571 -0.00889587 0.000569057 0.999999 -0.00108549 0.0461903 -0.000943065 0.00108603 0.999999 -2.66089 
1 -0.000460852 0.000667453 -0.00862122 0.000459895 0.999999 0.00141031 0.0422659 -0.000668108 -0.00141002 0.999999 -2.6644 
1 5.14798e-05 0.000546068 -0.00892639 -5.23403e-05 0.999999 0.00158992 0.0415678 -0.000546008 -0.00158995 0.999999 -2.66095 
1 0.000383757 0.000730664 -0.011322 -0.00038315 1 -0.000841871 0.0455046 -0.000730962 0.000841588 0.999999 -2.65906 
1 -0.000471719 0.00058201 -0.00952148 0.000472538 0.999999 -0.00139172 0.047224 -0.000581384 0.001392 0.999999 -2.66577 
0.999999 -0.00138331 0.000119656 -0.00878906 0.00138337 0.999999 -0.000431396 0.0494556 -0.000119001 0.000431564 1 -2.6615 
1 -0.000614874 -0.000209749 -0.00622559 0.000614867 1 -4.43645e-05 0.0520878 0.000209689 4.42304e-05 1 -2.66107 
1 0.000208497 -0.000237286 -0.00741577 -0.000208434 1 0.000281051 0.0499382 0.000237405 -0.000281006 1 -2.66089 
1 0.000484001 -0.000260979 -0.00794983 -0.000483956 1 0.000161003 0.051075 0.000261128 -0.000160865 1 -2.6543 
1 -0.00023837 -0.00028798 -0.00834656 0.000237852 0.999998 -0.00175201 0.0593338 0.000288278 0.00175192 0.999998 -2.672 
0.999999 -0.00116989 -0.00035888 -0.0062561 0.00116945 0.999998 -0.00128205 0.0549812 0.000360399 0.00128163 0.999999 -2.66241 
1 -0.000248503 -0.000350416 -0.00692749 0.000248406 1 -0.000247505 0.0533772 0.000350475 0.00024743 1 -2.6618 
1 -0.000653367 -0.000103951 -0.00592041 0.000653423 1 0.000497576 0.0491676 0.000103712 -0.000497643 1 -2.6615 
1 3.55765e-06 -0.000112176 -0.00733948 -3.50177e-06 1 0.000505678 0.0480804 0.000112027 -0.000505686 1 -2.65527 
1 0.00102409 0.000300318 -0.00924683 -0.00102416 0.999999 0.000229921 0.0500698 -0.00030005 -0.000230223 1 -2.66809 
1 -0.000115599 0.000330269 -0.00862122 0.000115655 1 -0.000133924 0.0500927 -0.00033021 0.000133973 1 -2.66125 
1 -7.70353e-05 -2.37525e-05 -0.00794983 7.7039e-05 1 -7.59996e-05 0.0499954 2.37226e-05 7.59959e-05 1 -2.66138 
1 -0.000404362 0.00013417 -0.00709534 0.000404272 1 0.000655025 0.0475922 -0.000134528 -0.000654977 1 -2.6604 
1 -0.000878181 6.38664e-05 -0.00715637 0.000878226 0.999999 -0.000722291 0.0498905 -6.31809e-05 0.000722349 1 -2.6604 
1 0.000452675 0.000298202 -0.00868225 -0.000452448 1 -0.000777416 0.0483704 -0.000298619 0.000777286 1 -2.6662 
1 -0.000137806 0.000298589 -0.00822449 0.000138313 0.999998 -0.00170176 0.0497322 -0.000298411 0.00170178 0.999999 -2.66144 
1 0.000410978 0.00029704 -0.00816345 -0.000411209 1 0.0007657 0.0457745 -0.000296772 -0.000765823 1 -2.65948 
0.999999 0.0011647 0.000293761 -0.00920105 -0.00116474 0.999999 0.000110298 0.0455132 -0.000293553 -0.000110637 1 -2.66132 
1 0.000453591 0.00039506 -0.00889587 -0.000453316 1 -0.000655461 0.0461292 -0.000395477 0.000655301 1 -2.65497 
1 -0.000565585 0.0002864 -0.00753784 0.000565797 1 -0.000737336 0.0470924 -0.000285864 0.000737477 1 -2.66858 
1 -0.000733338 -0.000183791 -0.00675964 0.000733476 0.999999 0.000787761 0.0451508 0.000183165 -0.000787891 1 -2.66071 
1 -3.42429e-05 -0.000239164 -0.00624084 3.42689e-05 1 0.000149652 0.0458317 0.000239253 -0.00014966 1 -2.66223 
1 -0.000348009 -9.76622e-05 -0.00657654 0.000347879 0.999999 -0.00130572 0.0488224 9.81688e-05 0.00130567 0.999999 -2.664 
1 -0.000362176 -0.000213176 -0.00621033 0.000361763 0.999998 -0.00197162 0.0498295 0.000213921 0.00197156 0.999998 -2.66583 
0.999999 -0.00109698 -0.000421047 -0.0042572 0.00109662 0.999999 -0.000823338 0.0490856 0.000421882 0.000822879 1 -2.66693 
1 -0.00017621 -0.000369608 -0.00468445 0.000177089 0.999997 0.00240898 0.0423374 0.000369251 -0.00240904 0.999997 -2.66083 
1 -0.000466138 -0.000333935 -0.00517273 0.000467129 0.999996 0.00295594 0.040184 0.000332505 -0.0029561 0.999996 -2.66595 
1 0.000253722 -6.9499e-05 -0.00582886 -0.000253715 1 0.000212085 0.0438442 6.9648e-05 -0.000212066 1 -2.65778 
1 0.000492048 0.000141501 -0.00680542 -0.00049163 0.999995 -0.00297219 0.050621 -0.000142992 0.00297211 0.999996 -2.67102 
1 0.000718422 1.16229e-06 -0.00778198 -0.000718433 0.999998 -0.00192153 0.048954 -2.41399e-06 0.00192154 0.999998 -2.67004 
1 0.000869133 2.02656e-05 -0.00813293 -0.000869147 0.999999 0.000577752 0.0444717 -1.98781e-05 -0.000577774 1 -2.66351 
1 0.000210375 -6.59823e-05 -0.00744629 -0.000210315 0.999999 0.000890005 0.0426865 6.62208e-05 -0.000890005 1 -2.66583 
1 0.000576686 3.46899e-05 -0.00820923 -0.00057669 1 0.000326019 0.0441456 -3.45707e-05 -0.000326037 1 -2.664 
0.999999 0.0011564 0.00016883 -0.00897217 -0.00115632 0.999999 -0.000518031 0.046154 -0.000169396 0.000517834 1 -2.67365 
1 0.000846606 0.000217676 -0.00923157 -0.000846356 0.999999 -0.00118214 0.0486813 -0.000218511 0.00118196 0.999999 -2.66809 
1 -0.000758644 0.000258863 -0.00784302 0.000758905 0.999999 -0.000992801 0.0481758 -0.000258178 0.000992998 1 -2.67145 
1 0.000208527 0.000102311 -0.00785828 -0.000208482 1 -0.000371762 0.046505 -0.00010249 0.000371732 1 -2.66632 
1 0.000955675 0.000427008 -0.0100098 -0.000955712 1 9.00999e-05 0.0461884 -0.000426859 -9.05022e-05 1 -2.66345 
1 0.000440255 0.000498891 -0.00967407 -0.000439305 0.999998 -0.00188909 0.0485058 -0.000499755 0.00188888 0.999998 -2.67566 
0.999999 -0.00129314 0.000479758 -0.00846863 0.00129316 0.999999 -6.58445e-05 0.0472488 -0.000479698 6.64629e-05 1 -2.67035 
0.999998 -0.00186913 0.000216424 -0.00671387 0.0018693 0.999998 -0.000791468 0.0483799 -0.000214964 0.000791878 1 -2.66699 
1 0.00014564 0.000405043 -0.0083313 -0.000146132 0.999999 0.00123217 0.0446739 -0.000404865 -0.00123223 0.999999 -2.66888 
0.999999 0.00126407 0.000760734 -0.011322 -0.00126474 0.999999 0.000858176 0.0455399 -0.000759661 -0.000859145 0.999999 -2.65808 
0.999998 0.00140584 0.00108519 -0.0135193 -0.00140609 0.999999 0.000239786 0.0466614 -0.00108489 -0.000241321 0.999999 -2.6662 
1 0.000380933 0.000882417 -0.013031 -0.000380415 1 -0.000592414 0.0488224 -0.000882685 0.000592086 1 -2.66003 
1 -0.000277236 0.000717312 -0.0113525 0.000278559 0.999998 -0.00184181 0.0517254 -0.000716835 0.001842 0.999998 -2.6698 
1 0.000405855 0.000744373 -0.0132141 -0.000406895 0.999999 0.001403 0.0494938 -0.000743896 -0.00140331 0.999999 -2.68738 
