1 -9.04368e-12 -2.32681e-11 -1.11022e-16 -9.04368e-12 1 -2.39237e-10 -3.33067e-16 -2.32681e-11 -2.39237e-10 1 2.22045e-16 
0.999997 0.0022236 0.00129803 -0.00745939 -0.00222014 0.999994 -0.00266245 0.0345599 -0.00130394 0.00265956 0.999996 -1.52888 
0.999999 0.000789317 0.00151924 -0.004321 -0.00078798 0.999999 -0.000880567 0.0350521 -0.00151993 0.000879369 0.999999 -1.52331 
0.999999 -0.00088009 0.00138085 -0.00389949 0.000879548 1 0.000392738 0.0330141 -0.00138119 -0.000391523 0.999999 -1.51381 
0.999999 -0.000603714 0.00143802 0.001418 0.000603789 1 -5.06944e-05 0.0271548 -0.00143798 5.15631e-05 0.999999 -1.51305 
0.999999 0.000104444 0.0012817 0.00118796 -0.000103861 1 -0.000455495 0.0263115 -0.00128175 0.00045536 0.999999 -1.53585 
0.999999 0.000115407 0.00158965 0.00069546 -0.000115119 1 -0.00018106 0.0271899 -0.00158967 0.000180876 0.999999 -1.48379 
0.999997 0.00178765 0.0017742 -0.00224797 -0.00178914 0.999998 0.000841626 0.0258775 -0.00177269 -0.000844797 0.999998 -1.50021 
0.999998 0.00118064 0.00135021 -0.000177622 -0.00118024 0.999999 -0.000297086 0.0195427 -0.00135056 0.000295491 0.999999 -1.49493 
0.999999 3.82822e-05 0.00127048 0.00083863 -3.81344e-05 1 -0.000116614 0.0217874 -0.00127048 0.000116566 0.999999 -1.49321 
0.999999 -0.000526142 0.0011688 0.00497219 0.000525723 1 0.000359203 0.0235768 -0.00116901 -0.000358588 0.999999 -1.48872 
0.999999 -0.00159635 0.000476456 0.00903698 0.00159666 0.999998 -0.000636737 0.029723 -0.000475432 0.000637497 1 -1.48464 
0.999999 -0.0015595 0.000443736 0.0122035 0.00155982 0.999999 -0.000719746 0.0295336 -0.000442613 0.000720438 1 -1.48265 
0.999999 -0.00101611 0.000573743 0.0101411 0.00101658 0.999999 -0.000815013 0.03109 -0.000572911 0.000815596 1 -1.47382 
1 2.32087e-06 0.000436071 0.00925083 -2.23109e-06 1 -0.000205647 0.025436 -0.000436074 0.000205646 1 -1.47348 
1 -0.000463322 0.00050096 0.00503859 0.000463372 1 -0.000100714 0.0227581 -0.000500914 0.000100946 1 -1.46214 
1 -0.000668627 3.78173e-05 0.00578646 0.000668649 1 -0.000574683 0.0222996 -3.74317e-05 0.000574708 1 -1.45726 
1 -0.0009117 -2.88934e-05 0.00685108 0.000911667 0.999999 -0.00114685 0.0256038 2.99402e-05 0.00114682 0.999999 -1.45245 
1 -0.00034095 -6.42482e-05 0.00594344 0.000341002 1 0.000826268 0.0227867 6.39632e-05 -0.000826288 1 -1.4412 
1 -0.00043528 -7.80541e-05 0.00621268 0.000435485 0.999996 0.0026488 0.0255652 7.69012e-05 -0.00264883 0.999996 -1.43329 
0.999999 0.00159793 -0.000293879 0.00455329 -0.00159792 0.999999 6.67439e-05 0.0275973 0.000293985 -6.62745e-05 1 -1.42568 
0.999999 0.00100381 -0.000268172 0.00462056 -0.00100455 0.999996 -0.00275611 0.0314416 0.00026541 0.00275638 0.999996 -1.42152 
0.999999 0.00169654 -0.00017225 0.00301526 -0.00169681 0.999997 -0.00160005 0.0302218 0.000169527 0.00160034 0.999999 -1.41135 
0.999999 0.000975116 -0.000244822 0.00442517 -0.000974924 0.999999 0.000780528 0.0239303 0.000245586 -0.000780289 1 -1.39462 
1 -0.000122269 -0.000408286 0.00861178 0.000122963 0.999999 0.00170208 0.0243548 0.000408079 -0.00170213 0.999998 -1.38427 
0.999999 -0.000809745 -0.000634219 0.0122493 0.000810475 0.999999 0.00114895 0.024182 0.000633297 -0.00114946 0.999999 -1.36796 
0.999999 -0.000698712 -0.000900938 0.0100678 0.000699181 1 0.000521346 0.0262324 0.00090056 -0.000521976 0.999999 -1.35643 
0.999999 -0.00054377 -0.00114382 0.0114273 0.000542989 1 -0.000682982 0.0270532 0.00114419 0.00068236 0.999999 -1.33433 
0.999999 -0.00062424 -0.00160546 0.00997184 0.000620579 0.999997 -0.00227993 0.0294577 0.00160688 0.00227893 0.999996 -1.32383 
0.999998 0.000615855 -0.00165966 0.00903583 -0.000617774 0.999999 -0.00115607 0.0290936 0.00165894 0.00115709 0.999998 -1.30313 
0.999997 -0.000335699 -0.00228627 0.00854385 0.000334585 1 -0.000487605 0.0283254 0.00228643 0.00048684 0.999997 -1.28225 
0.999994 1.24401e-05 -0.00339423 0.00910151 -1.20069e-05 1 0.000127665 0.0271459 0.00339424 -0.000127625 0.999994 -1.26319 
0.999993 0.000840277 -0.00368557 0.00746584 -0.000832306 0.999997 0.00216391 0.0248815 0.00368738 -0.00216083 0.999991 -1.2411 
0.999994 0.000321639 -0.00347979 0.00708479 -0.000315954 0.999999 0.00163386 0.0232623 0.00348031 -0.00163275 0.999993 -1.23324 
0.999992 -0.000427421 -0.00405872 0.0138472 0.000425043 1 -0.000586893 0.018148 0.00405897 0.000585163 0.999992 -1.22011 
0.999986 -0.000415804 -0.00529685 0.0132457 0.000415588 1 -4.18411e-05 0.0199211 0.00529686 3.96394e-05 0.999986 -1.20952 
0.999977 -0.00142674 -0.00658923 0.0164756 0.00143369 0.999999 0.0010508 0.0167819 0.00658771 -0.00106022 0.999978 -1.19797 
0.999971 -0.0015352 -0.0074387 0.0177975 0.0015371 0.999999 0.000249945 0.0167007 0.00743831 -0.00026137 0.999972 -1.18564 
0.999964 -0.00105157 -0.00841104 0.0132706 0.00103987 0.999999 -0.00139532 0.0167478 0.0084125 0.00138653 0.999964 -1.17773 
0.999945 -0.002251 -0.0102109 0.0153387 0.00224608 0.999997 -0.000493584 0.0171738 0.010212 0.000470623 0.999948 -1.1646 
0.999913 -0.00230834 -0.012959 0.0180147 0.0023056 0.999997 -0.000226244 0.0134598 0.0129595 0.000196346 0.999916 -1.149 
0.999889 -0.00211015 -0.0147507 0.016449 0.00210043 0.999997 -0.000674971 0.0165998 0.0147521 0.000643914 0.999891 -1.13284 
0.999864 -0.00246403 -0.016299 0.0182128 0.00244313 0.999996 -0.00130157 0.016341 0.0163021 0.00126157 0.999866 -1.12165 
0.999843 -0.000413759 -0.0177153 0.0127225 0.000384087 0.999998 -0.00167783 0.0182984 0.017716 0.00167077 0.999842 -1.11403 
0.999817 0.000375489 -0.0191555 0.0116215 -0.000369108 1 0.000336704 0.0177038 0.0191556 -0.000329576 0.999817 -1.09865 
0.999792 0.00103767 -0.0203821 0.012104 -0.00101584 0.999999 0.00108126 0.0148257 0.0203832 -0.00106033 0.999792 -1.08559 
0.999775 0.00267129 -0.0210263 0.00811768 -0.00266236 0.999996 0.00045322 0.0159851 0.0210275 -0.000397139 0.999779 -1.07475 
0.999745 0.00495424 -0.0220278 -0.000534058 -0.00500558 0.999985 -0.00227634 0.0192577 0.0220163 0.00238602 0.999755 -1.06366 
0.999716 0.00518999 -0.0232836 -0.00308132 -0.0052359 0.999984 -0.00191131 0.0193743 0.0232732 0.00203267 0.999727 -1.05217 
0.999693 0.00542191 -0.0241969 -0.00916767 -0.00541027 0.999985 0.000546445 0.0137705 0.0241995 -0.000415361 0.999707 -1.03962 
0.999648 0.00721988 -0.0255366 -0.00984764 -0.00716448 0.999972 0.00226029 0.0111365 0.0255522 -0.00207654 0.999671 -1.02361 
0.999631 0.00417883 -0.0268334 -0.0120831 -0.00417452 0.999991 0.000216964 0.00763047 0.0268342 -0.000104869 0.99964 -1.01492 
0.999598 0.00223125 -0.028276 -0.00452805 -0.00228922 0.999995 -0.00201744 0.0157688 0.0282714 0.00208136 0.999598 -1.00419 
0.999569 0.00351928 -0.0291454 -0.0116653 -0.00359853 0.99999 -0.00266725 0.0158066 0.0291357 0.00277098 0.999572 -0.998993 
0.999537 0.00431995 -0.0301051 -0.0117836 -0.00429193 0.99999 0.000995467 0.0152199 0.030109 -0.000865797 0.999546 -0.984589 
0.999515 0.00116696 -0.0311271 -0.00683975 -0.00103108 0.99999 0.00438079 0.0106964 0.0311319 -0.00434656 0.999506 -0.968491 
0.999498 0.00432893 -0.031392 -0.00857925 -0.00413165 0.999971 0.00634676 0.00744975 0.0314185 -0.00621387 0.999487 -0.959618 
0.999489 0.00425218 -0.0316785 -0.00940514 -0.00412966 0.999984 0.00393201 0.00709335 0.0316947 -0.00379917 0.99949 -0.956375 
0.999452 0.000405358 -0.0330924 -0.0070591 -0.000471603 0.999998 -0.00199417 0.00972024 0.0330915 0.00200868 0.99945 -0.954903 
0.999367 -0.00375793 -0.0353815 0.00117493 0.00358712 0.999982 -0.00488985 0.0163905 0.0353993 0.00475983 0.999362 -0.954704 
0.99932 -0.00233122 -0.0368113 -0.000995636 0.00218915 0.99999 -0.00389964 0.0201279 0.0368199 0.00381641 0.999315 -0.942352 
0.99929 -0.00239436 -0.0375899 0.0017662 0.0026177 0.999979 0.00589328 0.0117867 0.037575 -0.00598749 0.999276 -0.93042 
0.999312 -0.00231769 -0.0370143 0.000682831 0.00261723 0.999964 0.00804616 0.00379138 0.0369944 -0.0081375 0.999282 -0.923645 
0.999348 -0.000731296 -0.0360966 -0.00385666 0.000854681 0.999994 0.00340275 0.00424343 0.0360938 -0.00343138 0.999342 -0.917187 
0.999362 0.0014474 -0.0356981 -0.00810623 -0.00154318 0.999995 -0.00265545 0.0112087 0.0356941 0.00270884 0.999359 -0.92189 
0.999351 -0.00062584 -0.0360054 -0.00615311 0.000589356 0.999999 -0.00102398 0.0170538 0.0360061 0.00100209 0.999351 -0.912216 
0.999352 0.0017658 -0.0359612 -0.00883865 -0.00163833 0.999992 0.00357417 0.0113573 0.0359673 -0.00351293 0.999347 -0.897995 
0.999355 0.000344224 -0.035919 -0.00733948 -0.000213834 0.999993 0.00363378 0.00661945 0.03592 -0.00362375 0.999348 -0.899811 
0.999353 -0.00201907 -0.0358973 -0.00613022 0.00206899 0.999997 0.00135322 0.00830725 0.0358945 -0.00142662 0.999355 -0.897057 
0.999357 0.000353819 -0.0358663 -0.00737381 -0.00029667 0.999999 0.00159867 0.0111693 0.0358668 -0.001587 0.999355 -0.902992 
0.999358 -0.000981116 -0.0358136 -0.00522232 0.00122461 0.999976 0.00677788 0.00790864 0.035806 -0.00681738 0.999335 -0.9011 
0.999332 -0.00155679 -0.036506 0.00914764 0.00192044 0.999949 0.00992829 0.0188419 0.0364887 -0.00999177 0.999284 -0.904686 
0.999332 -0.00114726 -0.0365434 0.0206947 0.00148372 0.999957 0.00918162 0.0227945 0.0365313 -0.00922969 0.99929 -0.918678 
0.999319 -0.00313335 -0.0367653 0.0253601 0.00327902 0.999987 0.00390278 0.0279158 0.0367525 -0.00402067 0.999316 -0.926437 
0.999315 -0.00333383 -0.0368627 0.0126724 0.00324645 0.999992 -0.0024301 0.0233833 0.0368704 0.00230876 0.999317 -0.927616 
0.999311 -0.00534412 -0.0367354 0.0214005 0.00517923 0.999976 -0.00458217 0.0314592 0.036759 0.00438875 0.999315 -0.936096 
0.999285 -0.0047696 -0.0375053 0.0107727 0.00472462 0.999988 -0.00128808 0.0236733 0.0375111 0.00110996 0.999296 -0.928642 
0.999256 -0.00740244 -0.0378624 0.0205536 0.0074077 0.999973 -1.29128e-06 0.0234048 0.0378613 -0.000279192 0.999283 -0.939243 
0.99926 -0.00613691 -0.0379744 0.0152817 0.0061391 0.999981 -5.87977e-05 0.0167124 0.037974 -0.000174373 0.999279 -0.939945 
0.999275 -0.00363084 -0.0378941 0.00910187 0.00355259 0.999991 -0.00213208 0.0181812 0.0379014 0.00199592 0.99928 -0.94643 
0.999293 -0.00147003 -0.0375733 0.00628662 0.00144045 0.999999 -0.000814279 0.0249536 0.0375745 0.000759579 0.999294 -0.950661 
0.99932 -2.23168e-05 -0.0368796 0.00592041 -8.82708e-06 1 -0.000844421 0.0398264 0.0368796 0.000844166 0.999319 -0.958427 
0.999347 0.00131713 -0.036099 -0.000762939 -0.00134042 0.999999 -0.000621166 0.0371349 0.0360982 0.000669152 0.999348 -0.960136 
0.999358 0.00690761 -0.0351633 -0.00624084 -0.00693005 0.999976 -0.000516332 0.0304869 0.0351588 0.000759683 0.999381 -0.964088 
0.999419 0.00313054 -0.0339452 -0.00763702 -0.00300624 0.999988 0.0037123 0.0306184 0.0339564 -0.0036081 0.999417 -0.96067 
0.999462 -0.000224777 -0.0327995 0.000816345 0.00041483 0.999983 0.00578768 0.0184296 0.0327976 -0.00579817 0.999445 -0.963425 
0.999545 0.00596305 -0.0295762 -0.00627899 -0.00584377 0.999974 0.00411795 0.0309248 0.0296 -0.00394324 0.999554 -0.965218 
0.999666 0.00213248 -0.0257564 -0.00751495 -0.00214101 0.999998 -0.00030387 0.0221852 0.0257556 0.00035891 0.999668 -0.971617 
0.999745 0.000286277 -0.0225704 -0.000343323 -0.000374889 0.999992 -0.00392151 0.0298916 0.0225691 0.00392897 0.999738 -0.982044 
0.999817 -0.000168283 -0.019126 -0.0025177 0.000106889 0.999995 -0.00321116 0.0255325 0.0191264 0.00320854 0.999812 -0.983725 
0.999862 0.00159209 -0.0165528 -0.00184631 -0.00154486 0.999995 0.0028655 0.0423283 0.0165572 -0.00283955 0.999859 -0.980257 
0.999887 0.00234147 -0.0148384 -0.00554657 -0.00225752 0.999982 0.00567148 0.0318969 0.0148514 -0.00563733 0.999874 -0.984013 
0.999919 0.00404358 -0.0120738 -0.00637817 -0.00399808 0.999985 0.00379173 0.0271997 0.012089 -0.00374315 0.99992 -0.988934 
0.99994 0.00571579 -0.00935331 -0.00933838 -0.00568309 0.999978 0.0035188 0.0311239 0.00937321 -0.00346544 0.99995 -0.994007 
0.999977 0.00337869 -0.00588764 -0.00933075 -0.00335021 0.999983 0.0048391 0.0230225 0.00590389 -0.00481927 0.999971 -0.994745 
0.999992 0.00175941 -0.00373534 -0.00471497 -0.0017398 0.999985 0.00524881 0.0241909 0.00374451 -0.00524224 0.999979 -0.995934 
0.999994 0.00212987 -0.00285335 -0.00624847 -0.0021199 0.999992 0.0034899 0.0169654 0.00286075 -0.00348382 0.99999 -1.00388 
0.999996 0.000320863 -0.00271881 -0.00299835 -0.000311214 0.999994 0.00354533 0.0202985 0.00271992 -0.00354448 0.99999 -1.00629 
0.999997 0.000761412 -0.00241274 -0.00327301 -0.000755332 0.999996 0.00252433 0.0155914 0.00241466 -0.00252249 0.999994 -1.00842 
0.999997 0.000962481 -0.00196268 -0.00432587 -0.000954472 0.999991 0.00407516 0.0156794 0.00196657 -0.00407329 0.99999 -1.01002 
0.999994 0.00259616 -0.00218888 -0.0123062 -0.00259292 0.999996 0.00148303 0.0254653 0.00219273 -0.00147734 0.999997 -1.01708 
0.999998 0.000180144 -0.00204372 -0.00927734 -0.000182036 1 -0.000918483 0.0290596 0.00204353 0.00091886 0.999998 -1.02563 
0.999996 -0.00129861 -0.00242569 -0.00640869 0.0012958 0.999999 -0.00116414 0.0249312 0.0024272 0.00116098 0.999996 -1.02652 
0.999998 0.000408709 -0.00202019 -0.00797272 -0.000405572 0.999999 0.00155402 0.01878 0.00202083 -0.0015532 0.999997 -1.02679 
0.999996 -0.00134959 -0.00240415 -0.0054245 0.00135447 0.999997 0.00203054 0.0182505 0.00240142 -0.00203379 0.999995 -1.03022 
0.999996 -0.00151658 -0.00253391 -0.00863647 0.00152345 0.999995 0.00271225 0.0189972 0.00252981 -0.00271611 0.999993 -1.03787 
0.999994 -0.00233717 -0.0024161 -0.00859833 0.00234592 0.999991 0.00362296 0.0178783 0.0024076 -0.0036286 0.999991 -1.04231 
0.999992 -0.00346123 -0.00198825 -0.00567627 0.00347065 0.999983 0.00475951 0.0132625 0.00197166 -0.00476637 0.999987 -1.04449 
0.999994 -0.00242104 -0.0023637 -0.00711823 0.00242783 0.999993 0.00286824 0.01298 0.00235674 -0.00287396 0.999993 -1.05102 
0.999995 -0.00198061 -0.00255988 -0.00533295 0.0019774 0.999997 -0.00125793 0.0116172 0.00256234 0.00125284 0.999996 -1.05476 
0.999989 -0.003599 -0.00284196 -0.00528717 0.00358733 0.999985 -0.00409899 0.0257068 0.00285665 0.00408878 0.999988 -1.0668 
0.999997 -0.000325764 -0.00257603 -0.00810242 0.000321619 0.999999 -0.0016137 0.0206046 0.00257671 0.00161287 0.999995 -1.06553 
0.999998 -0.000418523 -0.00189682 -0.00885773 0.000419093 1 0.000305218 0.0185438 0.00189663 -0.000306023 0.999998 -1.06792 
0.999998 0.00130197 -0.00142893 -0.0101471 -0.00129817 0.999996 0.00265802 0.0128087 0.00143244 -0.00265615 0.999996 -1.06806 
1 0.000483032 -0.000663474 -0.010437 -0.000481203 0.999996 0.00275297 0.0125502 0.000664689 -0.00275265 0.999996 -1.07114 
1 -0.000852846 -0.000371963 -0.00907135 0.000853334 0.999999 0.00129337 0.0152209 0.000370979 -0.00129369 0.999999 -1.08125 
0.999994 -0.00331944 0.000384048 -0.00457764 0.00331996 0.999994 -0.00138841 0.0150863 -0.000379518 0.0013897 0.999999 -1.08498 
0.999993 -0.00375326 4.64767e-05 -0.00354004 0.00375325 0.999993 0.000118765 0.0177033 -4.69312e-05 -0.000118594 1 -1.08672 
0.999993 -0.00370179 0.000173926 -0.00147247 0.00370156 0.999993 0.00131269 0.0136678 -0.000178739 -0.00131205 0.999999 -1.08774 
0.999992 -0.0040529 -7.33882e-05 -0.00286865 0.00405296 0.999991 0.000828584 0.0162771 6.99982e-05 -0.000828882 1 -1.09452 
0.999994 -0.00363454 -0.000219002 -0.00205994 0.00363444 0.999993 -0.000464687 0.0155054 0.000220716 0.000463893 1 -1.10226 
1 -0.000124166 -0.000387974 -0.0102463 0.000122245 0.999988 -0.00495507 0.0173504 0.000388585 0.00495503 0.999988 -1.11856 
0.999995 0.00297918 -0.000511631 -0.00946808 -0.00298359 0.999956 -0.00885248 0.0124231 0.000485204 0.00885396 0.999961 -1.11462 
0.999989 0.00467492 -0.000306927 -0.0144424 -0.00467703 0.999963 -0.00727482 0.00818107 0.000272892 0.00727617 0.999974 -1.1216 
0.999961 0.00880968 0.000314444 -0.0208511 -0.00881019 0.99996 0.00166698 0.00155962 -0.000299767 -0.00166967 0.999999 -1.11373 
0.99998 0.00621056 0.000890449 -0.0200195 -0.00621516 0.999967 0.00526224 -0.00507271 -0.000857748 -0.00526768 0.999986 -1.11585 
0.999994 0.00342472 0.000662751 -0.0138474 -0.00342819 0.99998 0.00531595 -0.00202417 -0.000644602 -0.00531817 0.999986 -1.12048 
0.999999 0.00114241 0.00065463 -0.0105667 -0.00114482 0.999993 0.00368873 0.000887871 -0.000650354 -0.00368949 0.999993 -1.12502 
0.999996 -0.00278657 0.000178762 -0.0045166 0.00278669 0.999996 -0.000643021 0.00197983 -0.000176914 0.000643517 1 -1.13588 
0.999998 -0.00211605 0.000391975 -0.0045929 0.00211792 0.999986 -0.00487225 0.0103676 -0.000381641 0.00487308 0.999988 -1.14361 
0.999999 -0.00154454 0.000292979 -0.00351715 0.00154536 0.999995 -0.00281628 0.00617754 -0.000288703 0.00281672 0.999996 -1.14706 
0.999999 -0.00134734 0.000207528 -0.00338745 0.00134714 0.999999 0.000981446 0.00527954 -0.000208795 -0.000981146 1 -1.14279 
1 0.000247516 0.000188582 -0.00670624 -0.000248363 0.99999 0.00446428 0.00211763 -0.000187539 -0.00446433 0.99999 -1.14737 
1 0.000381302 0.000671931 -0.00760651 -0.000383928 0.999992 0.00392836 0.00209522 -0.000670396 -0.00392861 0.999992 -1.15021 
1 8.31913e-05 0.000369333 -0.0069046 -8.28262e-05 1 -0.00101373 0.0048939 -0.000369422 0.0010137 0.999999 -1.16208 
0.999999 0.00117381 0.000448048 -0.00867462 -0.00117006 0.999965 -0.00824342 0.0131211 -0.000457697 0.00824287 0.999966 -1.17361 
1 -0.000207806 -0.000180982 -0.00657654 0.00020765 1 -0.000843674 0.0115106 0.000181206 0.000843655 1 -1.16885 
0.999998 -0.00215363 0.000245512 -0.00317383 0.00215278 0.999992 0.00339725 0.00362861 -0.00025288 -0.00339671 0.999994 -1.16783 
1 -0.000502391 0.00028649 -0.00522614 0.000501454 0.999995 0.00327119 0.00168359 -0.000288188 -0.00327104 0.999995 -1.17178 
1 -0.000852916 0.000153519 -0.00428772 0.000852976 1 -0.000407371 0.00813448 -0.000153117 0.000407472 1 -1.18584 
1 -0.000776289 0.0005043 -0.00442505 0.000777911 0.999995 -0.00321741 0.0125625 -0.000501841 0.00321782 0.999995 -1.17187 
0.999999 0.000912078 0.000945158 -0.00751495 -0.000910753 0.999999 -0.00140125 0.012278 -0.000946432 0.00140038 0.999999 -1.17398 
0.999998 0.00154633 0.00137206 -0.00909424 -0.0015464 0.999999 5.3219e-05 0.00876033 -0.00137189 -5.53438e-05 0.999999 -1.18111 
0.999996 0.00280801 0.00101153 -0.0125961 -0.00280816 0.999996 0.000152383 -0.00350475 -0.0010111 -0.000155229 0.999999 -1.18525 
0.999999 -0.000236906 0.00119126 -0.00915527 0.000237409 1 -0.000424707 0.00292039 -0.0011912 0.000424989 0.999999 -1.19819 
0.999998 0.00137856 0.00131343 -0.0108719 -0.00137944 0.999999 0.000664368 -0.00196338 -0.00131256 -0.000666184 0.999999 -1.19772 
0.999999 0.000291049 0.00103059 -0.0100479 -0.000288405 0.999997 -0.0025632 0.00979149 -0.00103126 0.00256291 0.999996 -1.21992 
0.999999 -0.0012659 0.00110299 -0.00715637 0.00126642 0.999999 -0.000464739 0.0107505 -0.0011024 0.000466128 0.999999 -1.2241 
0.999999 0.00111225 0.0012489 -0.00937653 -0.00111156 0.999999 -0.000557135 0.0112382 -0.00124958 0.000555746 0.999999 -1.2243 
0.999997 -0.00147754 0.00168665 -0.00749207 0.00147633 0.999999 0.000715009 0.0120614 -0.00168768 -0.000712514 0.999998 -1.23143 
0.999999 0.000468573 0.00155361 -0.00899506 -0.000473147 0.999996 0.0029407 0.00833011 -0.00155225 -0.00294143 0.999994 -1.23205 
0.999998 -0.00169894 0.00127167 -0.00575256 0.00169902 0.999999 -5.167e-05 0.00790846 -0.00127151 5.38274e-05 0.999999 -1.23882 
0.999991 -0.00409688 0.000693396 0.0106277 0.00409845 0.999989 -0.00227434 0.00838047 -0.00068409 0.00227716 0.999997 -1.23932 
0.999997 -0.00241258 0.00031852 0.00645447 0.00241215 0.999996 0.00136887 0.00694257 -0.00032182 -0.0013681 0.999999 -1.24115 
0.999997 -0.00259415 -0.000121273 0.0072403 0.00259419 0.999997 0.000368969 0.00819087 0.000120252 -0.000369276 1 -1.24934 
0.999995 -0.00292929 -0.000897408 0.00495148 0.00292677 0.999992 -0.00278842 0.0115522 0.000905611 0.00278578 0.999996 -1.25455 
0.999997 -0.00224234 -0.00114956 0.00645447 0.0022409 0.999997 -0.00126154 0.0128316 0.00115231 0.00125895 0.999999 -1.25784 
0.999998 -0.00174925 -0.00123751 0.00268555 0.0017487 0.999998 -0.000446251 0.0111517 0.00123841 0.000444104 0.999999 -1.25651 
0.999999 -0.000403755 -0.00170459 0.00133514 0.000403634 1 -6.62457e-05 0.0134779 0.00170448 6.5546e-05 0.999999 -1.25893 
0.999997 0.000165368 -0.00229759 -0.00158691 -0.000168461 0.999999 -0.00134591 0.0128548 0.00229741 0.00134628 0.999997 -1.25919 
0.999989 -0.00367705 -0.00286218 0.00358582 0.00366395 0.999983 -0.00457109 0.0177723 0.00287898 0.00456056 0.999985 -1.25991 
0.999992 -0.000593839 -0.00409267 0.000137329 0.000592403 1 -0.000352469 0.0157781 0.00409289 0.000350045 0.999992 -1.25186 
0.999968 -0.00600453 -0.00535716 0.00744629 0.00603413 0.999967 0.00552656 0.0112388 0.00532381 -0.00555872 0.99997 -1.23824 
0.999973 0.000763609 -0.00727414 0.00242615 -0.000724845 0.999986 0.00533036 0.00739264 0.00727809 -0.00532494 0.999959 -1.24937 
0.999956 0.00174245 -0.00921185 -0.00267029 -0.00177131 0.999993 -0.00312507 0.0158604 0.0092063 0.00314123 0.999953 -1.23816 
0.999937 -0.00140011 -0.0111071 -0.00106049 0.00134162 0.999985 -0.00527274 0.0194802 0.0111143 0.0052575 0.999924 -1.24542 
0.999915 0.00186767 -0.0129093 -0.00618744 -0.00184705 0.999997 0.00160931 0.0104541 0.0129123 -0.00158533 0.999915 -1.2401 
0.999894 0.000810396 -0.0145621 -0.0123444 -0.000802842 1 0.000524465 0.0103576 0.0145624 -0.00051272 0.999894 -1.24183 
0.999889 -0.000757898 -0.0149028 -0.00611877 0.000725214 0.999997 -0.00219853 0.0167902 0.0149045 0.00218748 0.999887 -1.23748 
0.999866 0.00423061 -0.0157915 -0.0134277 -0.00421422 0.99999 0.00107081 0.016312 0.0157959 -0.00100411 0.999875 -1.23183 
0.999876 -0.000829195 -0.0157394 -0.00601959 0.000887344 0.999993 0.00368808 0.0124849 0.0157362 -0.00370158 0.999869 -1.22063 
0.999876 -0.000577228 -0.01573 -0.00645447 0.00065353 0.999988 0.00484609 0.0106239 0.015727 -0.00485576 0.999865 -1.21416 
0.999853 -0.00460006 -0.0165135 0.00153351 0.00458813 0.999989 -0.000760996 0.0120138 0.0165169 0.000685108 0.999863 -1.21777 
0.999839 -0.00699219 -0.016526 0.00778198 0.00691023 0.999964 -0.00501129 0.0146322 0.0165604 0.00489629 0.999851 -1.22861 
0.999853 -0.00523598 -0.0163483 0.00502777 0.00518582 0.999982 -0.00310908 0.0132473 0.0163641 0.00302384 0.999862 -1.22543 
0.999868 -0.00260529 -0.0160286 0.00374603 0.00263896 0.999994 0.00207917 0.00911093 0.0160232 -0.00212121 0.999869 -1.21561 
0.999881 -0.00101777 -0.015374 -0.000297546 0.00105727 0.999996 0.00256094 0.00575256 0.0153714 -0.00257687 0.999879 -1.21259 
0.99989 0.00049991 -0.0148147 -0.00240326 -0.000475172 0.999998 0.00167371 0.00813174 0.0148155 -0.00166649 0.999889 -1.20654 
0.999884 0.00109524 -0.0151989 -0.00434113 -0.00109501 0.999999 2.30931e-05 0.00963235 0.0151989 -6.45593e-06 0.999884 -1.20879 
0.999885 -0.00138706 -0.0151019 -0.00165558 0.00135829 0.999997 -0.00191511 0.0134223 0.0151045 0.00189438 0.999884 -1.20541 
0.999878 -0.00118252 -0.0155708 -0.00038147 0.00116661 0.999999 -0.00103024 0.0129228 0.015572 0.00101194 0.999878 -1.20339 
0.999869 -0.00250358 -0.0160121 0.00198364 0.00253412 0.999995 0.00188765 0.0104694 0.0160072 -0.00192797 0.99987 -1.1948 
0.99987 0.00017512 -0.0161308 -0.00131989 -0.000125939 0.999995 0.00304999 0.00705838 0.0161313 -0.00304756 0.999865 -1.18987 
0.999866 -0.000298835 -0.0163527 -0.00157166 0.000322165 0.999999 0.00142424 0.00769567 0.0163521 -0.00142932 0.999865 -1.19777 
0.999871 0.00157994 -0.0159973 -0.00476074 -0.00154198 0.999996 0.00238433 0.007967 0.016001 -0.00235935 0.999869 -1.19621 
0.999862 -0.00100934 -0.0165633 -0.00231934 0.00107422 0.999992 0.00390967 0.00484061 0.0165592 -0.00392692 0.999855 -1.20084 
0.999856 -0.000530113 -0.0169415 -0.000343323 0.000587972 0.999994 0.00340956 0.00290823 0.0169396 -0.00341904 0.999851 -1.20354 
0.999849 -0.00241089 -0.0172373 0.000999451 0.00237992 0.999996 -0.00181629 0.00550103 0.0172416 0.00177501 0.99985 -1.2159 
0.999825 -0.00439634 -0.0181758 0.00627899 0.00435312 0.999988 -0.0024166 0.0106761 0.0181861 0.00233703 0.999832 -1.21969 
0.999827 -0.0019089 -0.0184933 0.00384521 0.00191902 0.999998 0.000529261 0.00617075 0.0184923 -0.000564644 0.999829 -1.22428 
0.999825 -0.0025556 -0.0185187 0.00256348 0.00257371 0.999996 0.000953967 0.00392199 0.0185162 -0.00100147 0.999828 -1.22194 
0.999825 -0.00209535 -0.0186131 0.00370789 0.00209482 0.999998 -4.80097e-05 0.00692177 0.0186132 9.02079e-06 0.999827 -1.23095 
0.999822 -0.00282789 -0.0186491 0.00430298 0.00284406 0.999996 0.000840632 0.00790977 0.0186466 -0.00089353 0.999826 -1.23551 
0.999824 -0.00179455 -0.0186684 0.00254822 0.00181017 0.999998 0.000819713 0.00702524 0.018667 -0.000853378 0.999825 -1.23489 
0.999824 -0.00189903 -0.018661 0.00346375 0.00186596 0.999997 -0.00178988 0.00786257 0.0186642 0.00175476 0.999824 -1.24583 
0.999823 -0.00166522 -0.0187352 0.00201416 0.00159546 0.999992 -0.00373758 0.0110335 0.0187413 0.00370704 0.999818 -1.24827 
0.999826 -0.000400905 -0.0186802 0.00160217 0.000362556 0.999998 -0.00205637 0.0103707 0.0186808 0.00204923 0.999823 -1.2502 
0.999819 -0.00178289 -0.0189316 0.00306702 0.00178045 0.999998 -0.000145877 0.00967121 0.0189318 0.000112139 0.999821 -1.25784 
0.999814 -0.00272639 -0.0190847 0.00279236 0.00279186 0.99999 0.00340508 0.00732279 0.0190752 -0.00345771 0.999812 -1.25332 
0.999794 -0.00338423 -0.0200233 0.00724792 0.00345428 0.999988 0.00346441 0.00273323 0.0200113 -0.00353287 0.999794 -1.25901 
0.999771 -0.00381465 -0.0210642 0.00845337 0.00376789 0.99999 -0.00225908 0.00719929 0.0210726 0.00217922 0.999776 -1.26929 
0.999751 -0.00511932 -0.0217296 0.00827026 0.00500697 0.999974 -0.00522126 0.0130291 0.0217558 0.00511115 0.99975 -1.27551 
0.999722 -0.00317967 -0.0233638 0.00880432 0.00315011 0.999994 -0.00130204 0.0116234 0.0233679 0.0012281 0.999726 -1.2775 
0.999687 -0.00305139 -0.024838 0.00965881 0.0030653 0.999995 0.000521462 0.00592899 0.0248363 -0.000597436 0.999691 -1.2794 
0.999661 -0.00530271 -0.0255005 0.0105896 0.00528053 0.999986 -0.000937108 0.00896549 0.0255051 0.00080213 0.999674 -1.28111 
0.999678 -0.00190786 -0.0253114 0.0202942 0.00188911 0.999998 -0.000764612 0.00598812 0.0253128 0.000716552 0.999679 -1.30347 
0.999684 0.00033877 -0.0251404 0.0219116 -0.000284679 0.999998 0.00215529 0.000479698 0.0251411 -0.00214746 0.999682 -1.30657 
0.999694 0.00197518 -0.0246626 0.0155487 -0.00200282 0.999997 -0.00109581 0.00384331 0.0246604 0.00114488 0.999695 -1.30644 
0.999702 0.00202657 -0.0243362 0.0432434 -0.0020851 0.999995 -0.00237994 0.0153494 0.0243314 0.00242997 0.999701 -1.30944 
0.999694 7.84919e-06 -0.0247197 0.0449219 4.92446e-05 0.999997 0.00230862 0.0128069 0.0247197 -0.00230914 0.999692 -1.30183 
0.999697 -0.00109034 -0.0245851 0.0400391 0.00119245 0.999991 0.00413917 0.00804329 0.0245804 -0.00416723 0.999689 -1.29255 
0.99971 0.000460222 -0.0240628 0.0419769 -0.000448007 1 0.000513069 0.0106077 0.0240629 -0.000502136 0.99971 -1.2982 
0.999743 3.22647e-05 -0.0226593 0.0259857 -0.000118472 0.999993 -0.00380353 0.0136547 0.0226591 0.00380524 0.999736 -1.29425 
0.999781 -2.40766e-05 -0.0209315 0.0268097 6.16051e-05 0.999998 0.00179273 0.018178 0.0209313 -0.00179364 0.999779 -1.29878 
0.999802 0.00268699 -0.0197207 0.0127106 -0.00261413 0.99999 0.00371965 0.00715828 0.0197305 -0.00366737 0.999799 -1.28976 
0.999815 -0.00271316 -0.0190279 0.0255737 0.00273274 0.999996 0.00100305 0.0139494 0.0190251 -0.00105486 0.999818 -1.29429 
0.999831 -0.00348989 -0.0180751 0.02005 0.00349195 0.999994 8.19638e-05 0.0154991 0.0180747 -0.00014507 0.999837 -1.29652 
0.999858 -0.00211316 -0.0167294 0.0198059 0.00209744 0.999997 -0.000957251 0.0138006 0.0167315 0.000922039 0.99986 -1.29543 
0.999879 -0.00129523 -0.0155299 0.0150146 0.00129646 0.999999 6.90445e-05 0.0147886 0.0155298 -8.91834e-05 0.999879 -1.29388 
0.999884 -0.00249071 -0.0149959 0.0170135 0.00247939 0.999997 -0.000772782 0.0131779 0.0149978 0.00073551 0.999887 -1.29311 
0.999892 -0.0036865 -0.0142325 0.0178986 0.00363091 0.999986 -0.00393022 0.0164518 0.0142467 0.00387812 0.999891 -1.29758 
0.999907 -0.00280947 -0.0133511 0.0179291 0.00275401 0.999988 -0.00417028 0.0176535 0.0133627 0.0041331 0.999902 -1.30182 
0.999929 0.00168535 -0.0117996 0.0114136 -0.00171392 0.999996 -0.00241156 0.0169601 0.0117954 0.00243161 0.999927 -1.30101 
0.99995 0.00374457 -0.0092448 0.00379944 -0.00373675 0.999993 0.000863861 0.0119181 0.00924799 -0.000829279 0.999957 -1.2928 
0.999963 0.0053295 -0.0067102 0.000915527 -0.00531551 0.999984 0.00210081 0.00925255 0.00672126 -0.00206507 0.999975 -1.29306 
0.999979 0.0036647 -0.00530961 0.000396729 -0.00365137 0.99999 0.00251838 0.00995159 0.00531882 -0.00249894 0.999983 -1.28945 
0.999983 -0.00234471 -0.0052489 0.00827026 0.00234196 0.999997 -0.000529397 0.0118475 0.00525004 0.000517093 0.999986 -1.29795 
0.999965 -0.00648904 -0.00519601 0.00569153 0.00646725 0.99997 -0.00419979 0.0179615 0.00522307 0.00416604 0.999978 -1.29561 
0.99997 -0.00562468 -0.0052672 -0.0328522 0.00560977 0.99998 -0.00284128 0.0207014 0.00528318 0.00281164 0.999982 -1.29522 
0.999962 -0.00722881 -0.00492176 -0.0274963 0.00723981 0.999971 0.00221945 0.0147095 0.00490552 -0.002255 0.999985 -1.29162 
0.999987 -0.0032939 -0.00392091 -0.0262146 0.00330257 0.999992 0.00220849 0.011138 0.00391364 -0.00222141 0.99999 -1.28746 
0.999997 -0.000476215 -0.00257936 -0.0340118 0.000483157 0.999996 0.0026926 0.0127783 0.00257808 -0.00269385 0.999993 -1.2907 
1 -0.000431184 -0.000991791 -0.0243988 0.000432752 0.999999 0.00157841 0.0124474 0.000991076 -0.00157882 0.999998 -1.29043 
0.999996 0.00275588 0.000205696 -0.0327606 -0.00275616 0.999995 0.00137459 0.0131655 -0.000202 -0.00137517 0.999999 -1.29077 
0.999999 0.00128628 0.00108001 -0.0370331 -0.00128874 0.999997 0.0022714 0.0155897 -0.00107703 -0.00227278 0.999997 -1.28077 
0.999999 -0.000484863 0.00119618 -0.052063 0.00048277 0.999998 0.00174921 0.0125799 -0.00119701 -0.00174863 0.999998 -1.26556 
0.999998 0.00141539 0.00166723 -0.0327148 -0.00141454 0.999999 -0.000510551 0.0116377 -0.00166795 0.000508204 0.999999 -1.27232 
0.999996 0.00062611 0.00261638 -0.0275116 -0.000625975 1 -4.57168e-05 0.0155134 -0.00261638 4.40627e-05 0.999997 -1.26382 
0.999991 -0.00138179 0.003957 -0.00949097 0.0013793 0.999999 0.00062979 0.0163212 -0.00395793 -0.000624336 0.999992 -1.26962 
0.999989 -0.000579625 0.00476763 -0.00669861 0.000590988 0.999997 -0.00238226 0.0185022 -0.00476623 0.00238504 0.999986 -1.27296 
0.99998 -0.00150668 0.00612018 -0.00230408 0.00152793 0.999993 -0.00346826 0.0185738 -0.00611472 0.00347754 0.999975 -1.27714 
0.999974 -0.001024 0.00718716 -0.0042572 0.00103834 0.999998 -0.00199208 0.0170689 -0.0071851 0.00199948 0.999972 -1.27295 
0.999966 0.00250923 0.00786096 -0.0146484 -0.00249998 0.999996 -0.00118491 0.0170488 -0.00786397 0.00116522 0.999968 -1.26777 
0.999957 0.000408132 0.00922039 -0.00709534 -0.000418717 0.999999 0.00114638 0.016881 -0.00921994 -0.00115018 0.999957 -1.26835 
0.999947 0.00179236 0.0100943 -0.00970459 -0.00180024 0.999998 0.000770457 0.0182552 -0.0100929 -0.000788599 0.999949 -1.26205 
0.999933 0.00279252 0.0111999 -0.0167389 -0.00280013 0.999996 0.000663884 0.0150805 -0.0111979 -0.000695184 0.999937 -1.27296 
0.999919 0.00140346 0.0126317 -0.0104675 -0.00141427 0.999999 0.000846963 0.0175428 -0.0126307 -0.000864767 0.99992 -1.27541 
0.999897 0.00192044 0.0142155 -0.0120392 -0.00194635 0.999997 0.00180887 0.0109577 -0.0142118 -0.00183636 0.999897 -1.27372 
0.999888 0.00238069 0.0147521 -0.0151215 -0.00237286 0.999997 -0.00054846 0.0183039 -0.0147533 0.000513405 0.999891 -1.27932 
0.999892 0.00051892 0.0146759 -0.00473022 -0.000488283 0.999998 -0.00209062 0.0180826 -0.0146769 0.00208322 0.99989 -1.28004 
0.999884 0.00256993 0.0149961 -0.00294495 -0.00256535 0.999997 -0.000325404 0.0123692 -0.0149969 0.000286896 0.999888 -1.28546 
0.999881 0.00325194 0.0150964 -0.0052948 -0.00324815 0.999995 -0.00027553 0.0122538 -0.0150971 0.000226472 0.999886 -1.27799 
0.999872 0.00311317 0.0156721 -0.00521851 -0.00307565 0.999992 -0.00241766 0.0154037 -0.0156795 0.00236913 0.999874 -1.27628 
0.999866 0.00365675 0.0159307 -0.00648499 -0.00360646 0.999988 -0.0031849 0.0197506 -0.0159421 0.00312703 0.999868 -1.27272 
0.999856 0.00451436 0.0163357 -0.00764465 -0.00448377 0.999988 -0.00190827 0.0202312 -0.0163441 0.00183474 0.999865 -1.26128 
0.999832 0.0045591 0.0177354 -0.00646973 -0.0045352 0.999989 -0.00138778 0.0240307 -0.0177416 0.00130712 0.999842 -1.25701 
0.999802 0.00425001 0.0194337 -0.013855 -0.00422434 0.99999 -0.00136194 0.0224466 -0.0194393 0.00127958 0.99981 -1.24754 
0.999789 0.0044579 0.0200352 -0.0139313 -0.00443307 0.999989 -0.00128425 0.0161953 -0.0200408 0.00119514 0.999798 -1.24344 
0.999795 0.00293439 0.0200151 -0.0189819 -0.00291537 0.999995 -0.000979003 0.00901318 -0.0200178 0.000920475 0.999799 -1.23703 
0.999788 0.00283245 0.0203916 -0.0131073 -0.00282537 0.999996 -0.000375723 0.00437927 -0.0203925 0.000318024 0.999792 -1.23905 
0.999768 0.00297457 0.0213172 -0.0118408 -0.00296013 0.999995 -0.000709487 0.01194 -0.0213192 0.000646226 0.999772 -1.23649 
0.999743 0.00308216 0.0224429 -0.0170593 -0.00303319 0.999993 -0.00221537 0.0153036 -0.0224496 0.00214673 0.999746 -1.23322 
0.999703 0.00354687 0.0240973 -0.0116272 -0.00348632 0.999991 -0.00255438 0.0161824 -0.0241061 0.00246961 0.999706 -1.22987 
0.999667 0.00332967 0.0255934 -0.00836182 -0.00334223 0.999994 0.000448218 0.0191922 -0.0255918 -0.000533607 0.999672 -1.2186 
0.999661 0.00253184 0.0259012 -0.0119019 -0.0025718 0.999996 0.0015089 0.0203991 -0.0258973 -0.00157501 0.999663 -1.20004 
0.999661 0.00110457 0.0260055 -0.00847626 -0.00110354 0.999999 -5.41843e-05 0.0216503 -0.0260055 2.54698e-05 0.999662 -1.20079 
0.999633 0.00136797 0.0270578 -0.0080719 -0.00133099 0.999998 -0.00138493 0.0229573 -0.0270598 0.00134841 0.999633 -1.1963 
0.999618 -8.24323e-05 0.0276283 0.000480652 0.000104338 1 -0.000791411 0.0228605 -0.0276284 0.000793977 0.999618 -1.19797 
0.999618 -0.00027647 0.0276372 0.00319672 0.000264957 1 0.000420611 0.02598 -0.0276372 -0.000413135 0.999618 -1.18887 
0.999624 -0.000801748 0.0274142 -0.00665283 0.000798546 1 0.000127854 0.0190749 -0.0274142 -0.000105916 0.999624 -1.18515 
0.999623 0.000487046 0.0274462 -0.0096283 -0.000468733 1 -0.000674414 0.00974369 -0.0274466 0.000661289 0.999623 -1.18027 
0.999598 0.00183672 0.0282893 -0.0161438 -0.00178745 0.999997 -0.00176617 0.00992489 -0.0282924 0.0017149 0.999598 -1.17973 
0.999558 0.00142555 0.0296896 -0.0300903 -0.00140398 0.999999 -0.000747425 0.0103054 -0.0296906 0.000705406 0.999559 -1.15918 
0.999529 0.00367376 0.0304488 -0.0180588 -0.00371126 0.999992 0.00117546 0.009902 -0.0304442 -0.0012879 0.999536 -1.17047 
0.999498 0.00222652 0.0316201 -0.0224991 -0.00222423 0.999998 -0.000107795 0.00936317 -0.0316202 3.74094e-05 0.9995 -1.17107 
0.999503 0.000290543 0.0315368 -0.0088501 -0.000232769 0.999998 -0.00183599 0.0104914 -0.0315373 0.00182774 0.999501 -1.17743 
0.999489 0.000696161 0.0319494 -0.00944519 -0.000604098 0.999996 -0.00289082 0.0118814 -0.0319512 0.00287003 0.999485 -1.17821 
0.999453 0.0021829 0.0330054 -0.0188522 -0.00217137 0.999998 -0.000385291 0.01721 -0.0330062 0.000313417 0.999455 -1.16403 
0.999416 0.00237994 0.0340919 -0.0187416 -0.00243548 0.999996 0.00158767 0.00742769 -0.034088 -0.00166977 0.999417 -1.16884 
0.999396 0.00357617 0.0345667 -0.022522 -0.00358726 0.999994 0.000258855 0.000695229 -0.0345655 -0.0003827 0.999402 -1.17007 
0.999406 0.00390177 0.0342331 -0.0259819 -0.00387684 0.999992 -0.000794584 0.00725412 -0.0342359 0.00066139 0.999414 -1.15987 
0.9994 0.00189279 0.0345922 -0.015316 -0.00184479 0.999997 -0.00141953 0.0117669 -0.0345947 0.00135486 0.999401 -1.17198 
0.999379 0.00368246 0.0350354 -0.0167656 -0.00361129 0.999991 -0.00209463 0.0160041 -0.0350429 0.00196682 0.999384 -1.17174 
0.999375 0.00162457 0.0353215 -0.00859261 -0.00152467 0.999995 -0.00285504 0.0196776 -0.0353259 0.0027994 0.999372 -1.1841 
0.999354 0.00279644 0.0358333 -0.00999451 -0.00272401 0.999994 -0.00206973 0.023345 -0.035839 0.00197078 0.999356 -1.1776 
0.999353 0.00272284 0.0358564 -0.0133247 -0.00267521 0.999996 -0.00137627 0.024107 -0.0358599 0.00127946 0.999356 -1.15208 
0.999346 0.00225893 0.0360786 -0.00785065 -0.00223611 0.999997 -0.000672703 0.0205879 -0.03608 0.000591586 0.999349 -1.16504 
0.999349 0.00254368 0.0359913 -0.00924921 -0.00252203 0.999997 -0.000646934 0.0216084 -0.0359928 0.000555753 0.999352 -1.1618 
0.999368 0.000679281 0.0355424 -0.00576591 -0.000683714 1 0.000112358 0.0232458 -0.0355423 -0.000136604 0.999368 -1.14685 
0.999398 0.00110384 0.0346715 -0.00624275 -0.00109552 0.999999 -0.000258759 0.0146618 -0.0346718 0.000220635 0.999399 -1.16998 
0.999433 0.000694944 0.0336615 -0.00391006 -0.000654776 0.999999 -0.0012045 0.0132999 -0.0336623 0.00118176 0.999433 -1.16185 
0.999448 0.000293465 0.0332156 -0.00031662 -0.000296546 1 8.82511e-05 0.0190668 -0.0332156 -9.80488e-05 0.999448 -1.16289 
0.99945 0.00250429 0.03307 0.00198746 -0.00250907 0.999997 0.000102811 0.0205946 -0.0330696 -0.000185721 0.999453 -1.16011 
0.999474 0.00273626 0.0322999 -0.00283813 -0.00267681 0.999995 -0.00188364 0.0189342 -0.0323049 0.0017962 0.999476 -1.15433 
0.999499 0.0028199 0.0315299 -0.00111008 -0.00277816 0.999995 -0.00136756 0.021306 -0.0315336 0.00127929 0.999502 -1.16875 
0.999526 0.00273882 0.0306654 -0.00408936 -0.00275033 0.999996 0.000332556 0.0167723 -0.0306643 -0.000416738 0.99953 -1.16957 
0.999531 0.00346169 0.0304146 -0.00808716 -0.00347487 0.999994 0.000380506 0.012969 -0.0304132 -0.00048603 0.999537 -1.17152 
0.999523 0.00372557 0.0306428 -0.00964355 -0.00372 0.999993 -0.000238939 0.0112782 -0.0306435 0.000124832 0.99953 -1.1817 
0.999508 0.00423418 0.0310873 -0.00989532 -0.00421263 0.999991 -0.00075859 0.0132799 -0.0310901 0.000627249 0.999516 -1.18141 
0.999512 0.00347255 0.0310502 -0.0104828 -0.00344984 0.999994 -0.000785084 0.0126028 -0.0310528 0.000677587 0.999518 -1.18697 
0.999508 0.00473773 0.0309904 -0.0138931 -0.00475047 0.999988 0.000337402 0.0112791 -0.0309885 -0.000484454 0.99952 -1.1895 
0.999538 0.00216665 0.0303178 -0.00653839 -0.00217028 0.999998 8.687e-05 0.011426 -0.0303175 -0.000152638 0.99954 -1.18205 
0.999544 0.00240221 0.0301101 -0.0101089 -0.00236513 0.999996 -0.00126666 0.0117741 -0.030113 0.00119487 0.999546 -1.19569 
0.999536 0.00177803 0.0303966 -0.00854492 -0.00176668 0.999998 -0.000400351 0.0122204 -0.0303973 0.000346463 0.999538 -1.19943 
0.999512 0.00284419 0.0310969 -0.00669861 -0.00291366 0.999993 0.00218858 0.0115089 -0.0310905 -0.00227812 0.999514 -1.18611 
0.999503 0.00326038 0.0313703 -0.0117493 -0.00333608 0.999992 0.00236088 0.00934696 -0.0313624 -0.00246435 0.999505 -1.19991 
0.999516 0.00294949 0.0309547 -0.00636292 -0.00296175 0.999996 0.000350069 0.0143204 -0.0309535 -0.000441581 0.999521 -1.19196 
0.999528 0.00284813 0.030592 -0.0170135 -0.00278567 0.999994 -0.00208391 0.00354004 -0.0305977 0.00199771 0.99953 -1.21686 
0.999563 0.001281 0.0295349 -0.0157623 -0.00122862 0.999998 -0.00179183 0.00216007 -0.0295372 0.00175476 0.999562 -1.21863 
0.999616 -2.51122e-05 0.0277327 -0.0132751 3.4295e-05 1 -0.000330802 0.00281811 -0.0277328 0.000331637 0.999615 -1.21097 
0.999671 0.000392772 0.025648 -0.0121155 -0.000401489 1 0.000334591 0.0104847 -0.0256478 -0.000344783 0.999671 -1.22052 
0.999707 0.000627145 0.0241927 -0.0131226 -0.000598002 0.999999 -0.00121171 0.0128098 -0.0241933 0.00119688 0.999707 -1.22549 
0.999732 0.00108024 0.0231089 -0.0104828 -0.0010226 0.999996 -0.00250532 0.0137186 -0.0231115 0.00248103 0.99973 -1.22073 
0.999757 0.00233862 0.0219438 -0.013092 -0.00228611 0.999995 -0.00241778 0.0132256 -0.0219493 0.00236702 0.999756 -1.22893 
0.999777 0.00195398 0.0210044 -0.0105438 -0.00192298 0.999997 -0.00149609 0.011385 -0.0210073 0.00145537 0.999778 -1.22958 
0.999787 0.00292478 0.0204057 -0.0236359 -0.00291193 0.999996 -0.000659235 0.0019722 -0.0204075 0.000599682 0.999792 -1.2341 
0.999791 0.00101005 0.0203944 -0.0257263 -0.00101641 0.999999 0.000301857 0.00721741 -0.0203942 -0.000322521 0.999792 -1.23735 
0.999783 0.00177141 0.0207563 -0.00637817 -0.00176487 0.999998 -0.000333689 0.0123997 -0.0207568 0.000296969 0.999784 -1.23672 
