1 9.04368e-12 2.32681e-11 1.11022e-16 9.04368e-12 1 2.39237e-10 3.33067e-16 2.32681e-11 2.39237e-10 1 -2.22045e-16 
0.999997 -0.00222014 -0.00130394 0.00554252 0.0022236 0.999994 0.00265956 -0.0304769 0.00129803 -0.00266245 0.999996 1.52898 
0.999999 -0.000787979 -0.00151993 0.00203328 0.000789316 0.999999 0.000879368 -0.0337091 0.00151924 -0.000880567 0.999998 1.52335 
0.999999 0.000879549 -0.00138119 0.0017796 -0.00088009 1 -0.000391523 -0.0336102 0.00138084 0.000392738 0.999999 1.5138 
0.999999 0.000603787 -0.00143798 -0.00361014 -0.000603715 1 5.15624e-05 -0.0270759 0.00143802 -5.06947e-05 0.999999 1.51305 
0.999999 -0.000103861 -0.00128175 -0.00315379 0.000104445 1 0.000455361 -0.0256123 0.0012817 -0.000455494 0.999999 1.53585 
0.999999 -0.000115119 -0.00158967 -0.00305105 0.000115407 1 0.000180877 -0.0269216 0.00158965 -0.000181059 0.999999 1.48379 
0.999997 -0.00178914 -0.00177269 -0.000365131 0.00178765 0.999998 -0.000844798 -0.0271408 0.0017742 0.000841625 0.999998 1.50019 
0.999998 -0.00118024 -0.00135056 -0.0018183 0.00118064 0.999999 0.000295492 -0.0191007 0.00135021 -0.000297085 0.999999 1.49494 
0.999999 -3.81348e-05 -0.00127048 -0.00273488 3.82822e-05 1 0.000116565 -0.0216134 0.00127047 -0.000116614 0.999999 1.49321 
0.999999 0.000525723 -0.00116899 -0.00672487 -0.000526142 1 -0.000358588 -0.024108 0.00116882 0.000359203 0.999999 1.48871 
0.999999 0.00159666 -0.000475438 -0.00979025 -0.00159635 0.999999 0.000637498 -0.028762 0.00047645 -0.000636738 1 1.48465 
0.999999 0.00155982 -0.000442614 -0.0129058 -0.0015595 0.999998 0.000720437 -0.0284463 0.000443735 -0.000719747 1 1.48266 
0.999999 0.00101658 -0.000572913 -0.011017 -0.00101611 0.999999 0.000815596 -0.0298776 0.000573739 -0.000815013 1 1.47383 
1 -2.23119e-06 -0.000436069 -0.00989329 2.32078e-06 1 0.000205647 -0.025133 0.000436071 -0.000205647 1 1.47348 
1 0.000463372 -0.000500912 -0.00578156 -0.000463322 1 0.000100946 -0.0226081 0.00050096 -0.000100714 1 1.46214 
1 0.000668649 -3.74336e-05 -0.00585593 -0.000668627 1 0.000574707 -0.0214583 3.78173e-05 -0.000574684 1 1.45727 
1 0.000911666 2.99402e-05 -0.00683092 -0.000911701 0.999999 0.00114682 -0.0239318 -2.88952e-05 -0.00114685 0.999999 1.45247 
1 0.000341003 6.3967e-05 -0.00585901 -0.000340949 1 -0.00082629 -0.0239756 -6.42426e-05 0.000826267 1 1.44118 
1 0.000435486 7.6903e-05 -0.00611357 -0.00043528 0.999996 -0.00264883 -0.0293589 -7.80523e-05 0.0026488 0.999997 1.43322 
0.999999 -0.00159792 0.000293981 -0.00409004 0.00159794 0.999999 -6.62748e-05 -0.027699 -0.000293881 6.67439e-05 1 1.42568 
1 -0.00100455 0.000265405 -0.00421166 0.00100381 0.999996 0.00275638 -0.0275277 -0.000268178 -0.00275611 0.999996 1.4216 
0.999999 -0.00169681 0.000169536 -0.00272464 0.00169654 0.999997 0.00160034 -0.027968 -0.000172246 -0.00160005 0.999999 1.4114 
1 -0.000974925 0.000245586 -0.00405928 0.000975116 0.999999 -0.000780289 -0.0250226 -0.000244825 0.000780528 1 1.3946 
1 0.000122963 0.000408078 -0.00804981 -0.000122268 0.999999 -0.00170213 -0.0267099 -0.000408288 0.00170208 0.999998 1.38423 
0.999999 0.000810474 0.000633287 -0.0114026 -0.000809747 0.999999 -0.00114946 -0.0257444 -0.000634229 0.00114894 0.999999 1.36794 
0.999999 0.000699182 0.000900573 -0.00886454 -0.000698712 1 -0.000521975 -0.0269335 -0.000900926 0.000521347 0.999999 1.35643 
0.999999 0.000542989 0.00114419 -0.00991521 -0.00054377 1 0.00068236 -0.0261365 -0.00114382 -0.000682982 0.999999 1.33436 
0.999999 0.000620579 0.00160688 -0.00786287 -0.000624241 0.999997 0.00227893 -0.0264345 -0.00160547 -0.00227993 0.999996 1.32391 
0.999998 -0.000617774 0.00165895 -0.00685607 0.000615855 0.999999 0.00115709 -0.0275913 -0.00165966 -0.00115607 0.999998 1.30317 
0.999997 0.000334585 0.00228643 -0.00562152 -0.000335699 1 0.00048684 -0.0276982 -0.00228627 -0.000487606 0.999997 1.28228 
0.999994 -1.20069e-05 0.00339424 -0.00481358 1.24401e-05 1 -0.000127623 -0.0273073 -0.00339423 0.000127665 0.999994 1.26321 
0.999993 -0.000832306 0.00368738 -0.00286877 0.000840277 0.999997 -0.00216083 -0.0275696 -0.00368557 0.00216391 0.999991 1.24107 
0.999994 -0.000315954 0.00348031 -0.00278538 0.000321638 0.999999 -0.00163275 -0.0252782 -0.00347979 0.00163386 0.999993 1.23322 
0.999992 0.000425043 0.00405897 -0.00890243 -0.000427421 1 0.000585163 -0.017428 -0.00405872 -0.000586893 0.999992 1.22017 
0.999986 0.000415588 0.00529686 -0.00684714 -0.000415804 1 3.9639e-05 -0.0198675 -0.00529685 -4.18411e-05 0.999986 1.20956 
0.999977 0.00143369 0.00658772 -0.00860727 -0.00142674 0.999998 -0.00106022 -0.0180284 -0.00658922 0.0010508 0.999978 1.19803 
0.999971 0.0015371 0.00743831 -0.00900352 -0.0015352 0.999999 -0.000261371 -0.0169833 -0.00743871 0.000249944 0.999972 1.18573 
0.999964 0.00103986 0.00841249 -0.00338006 -0.00105157 0.999999 0.00138653 -0.015101 -0.00841104 -0.00139532 0.999964 1.17782 
0.999945 0.00224608 0.010212 -0.00348353 -0.002251 0.999997 0.000470623 -0.0165913 -0.0102109 -0.000493585 0.999948 1.1647 
0.999913 0.0023056 0.0129595 -0.00315404 -0.00230834 0.999997 0.000196346 -0.0131927 -0.012959 -0.000226244 0.999916 1.14914 
0.999889 0.00210042 0.0147521 0.000229597 -0.00211016 0.999998 0.000643914 -0.0158356 -0.0147507 -0.000674972 0.999891 1.13298 
0.999864 0.00244314 0.0163021 3.57628e-05 -0.00246403 0.999996 0.00126157 -0.014881 -0.016299 -0.00130157 0.999866 1.12182 
0.999843 0.000384095 0.017716 0.00700855 -0.000413751 0.999999 0.00167077 -0.016432 -0.0177153 -0.00167784 0.999842 1.11411 
0.999816 -0.000369108 0.0191556 0.00943184 0.00037549 1 -0.000329572 -0.0180706 -0.0191554 0.000336709 0.999817 1.09867 
0.999792 -0.00101584 0.0203832 0.0100436 0.00103767 0.999999 -0.00106033 -0.0159894 -0.0203821 0.00108126 0.999792 1.0856 
0.999775 -0.00266235 0.0210274 0.0145283 0.0026713 0.999996 -0.000397138 -0.0164336 -0.0210263 0.000453221 0.999779 1.07467 
0.999745 -0.00500559 0.0220162 0.0240498 0.00495424 0.999985 0.00238602 -0.0167168 -0.0220279 -0.00227634 0.999755 1.06343 
0.999715 -0.0052359 0.0232733 0.0276709 0.00518999 0.999985 0.00203268 -0.0172193 -0.0232835 -0.00191131 0.999727 1.05185 
0.999693 -0.00541027 0.0241995 0.034399 0.00542191 0.999985 -0.000415365 -0.0141524 -0.0241969 0.000546442 0.999707 1.03909 
0.999648 -0.00716448 0.0255522 0.0360823 0.00721988 0.999972 -0.00207654 -0.0131906 -0.0255366 0.00226029 0.999671 1.023 
0.999631 -0.00417452 0.0268341 0.0393467 0.00417883 0.999991 -0.000104867 -0.00768626 -0.0268335 0.000216967 0.99964 1.01423 
0.999598 -0.00228921 0.0282714 0.0329552 0.00223126 0.999995 0.00208136 -0.0136684 -0.0282761 -0.00201744 0.999598 1.00369 
0.999569 -0.00359854 0.0291357 0.0408249 0.00351928 0.99999 0.00277098 -0.0129973 -0.0291454 -0.00266725 0.999572 0.99826 
0.999537 -0.00429193 0.030109 0.0414886 0.00431996 0.99999 -0.000865798 -0.0160214 -0.030105 0.000995466 0.999546 0.98378 
0.999515 -0.00103108 0.0311318 0.0369968 0.00116696 0.99999 -0.00434656 -0.0148978 -0.0311272 0.00438078 0.999506 0.967758 
0.999498 -0.00413164 0.0314186 0.0387554 0.00432894 0.999971 -0.00621387 -0.0133752 -0.0313919 0.00634676 0.999487 0.958817 
0.999489 -0.00412965 0.0316947 0.0397415 0.00425218 0.999984 -0.00379917 -0.0106868 -0.0316785 0.003932 0.99949 0.955574 
0.999452 -0.000471606 0.0330915 0.0386562 0.000405351 0.999998 0.00200869 -0.00779917 -0.0330923 -0.00199417 0.99945 0.954178 
0.999367 0.00358712 0.0353992 0.0325623 -0.00375793 0.999982 0.00475983 -0.0118415 -0.0353817 -0.00488984 0.999362 0.954224 
0.99932 0.00218914 0.03682 0.0356483 -0.00233123 0.99999 0.0038164 -0.0165336 -0.0368112 -0.00389965 0.999315 0.94175 
0.99929 0.0026177 0.0375751 0.033165 -0.00239436 0.999979 -0.0059875 -0.0173533 -0.0375899 0.00589328 0.999276 0.929741 
0.999312 0.00261723 0.0369944 0.0334816 -0.00231769 0.999964 -0.0081375 -0.0113059 -0.0370145 0.00804616 0.999282 0.922974 
0.999348 0.000854674 0.0360939 0.036953 -0.0007313 0.999994 -0.00343138 -0.00739355 -0.0360966 0.00340275 0.999343 0.916428 
0.999362 -0.00154317 0.0356941 0.0410233 0.00144741 0.999995 0.00270884 -0.00869954 -0.0356981 -0.00265545 0.999359 0.92104 
0.999351 0.000589354 0.0360059 0.0389824 -0.000625842 0.999999 0.0010021 -0.0161435 -0.0360054 -0.00102397 0.999351 0.911423 
0.999352 -0.00163831 0.0359673 0.041153 0.00176581 0.999992 -0.00351294 -0.0144962 -0.0359612 0.00357417 0.999347 0.897049 
0.999355 -0.000213835 0.0359201 0.039669 0.000344219 0.999993 -0.00362375 -0.00987772 -0.0359189 0.00363377 0.999348 0.89893 
0.999353 0.00206898 0.0358944 0.038311 -0.00201908 0.999997 -0.00142662 -0.00959945 -0.0358973 0.00135322 0.999354 0.89624 
0.999356 -0.000296673 0.0358667 0.0397491 0.000353819 0.999999 -0.001587 -0.0125996 -0.0358662 0.00159867 0.999355 0.90213 
0.999358 0.00122462 0.035806 0.0374641 -0.000981105 0.999976 -0.00681738 -0.0140567 -0.0358135 0.00677787 0.999336 0.900257 
0.999332 0.00192044 0.0364887 0.0238342 -0.0015568 0.999949 -0.00999176 -0.0278658 -0.036506 0.00992829 0.999284 0.904182 
0.999331 0.00148373 0.0365312 0.0128403 -0.00114725 0.999957 -0.0092297 -0.0312488 -0.0365434 0.00918161 0.99929 0.918568 
0.999319 0.00327902 0.0367526 0.0086174 -0.00313334 0.999987 -0.00402068 -0.0315609 -0.0367653 0.00390277 0.999316 0.926628 
0.999315 0.00324644 0.0368704 0.0214539 -0.00333383 0.999992 0.00230876 -0.0211991 -0.0368627 -0.00243009 0.999317 0.927505 
0.999311 0.00517923 0.036759 0.0128479 -0.00534412 0.999976 0.00438875 -0.0272355 -0.0367354 -0.00458217 0.999315 0.936386 
0.999285 0.00472461 0.0375111 0.0239639 -0.0047696 0.999988 0.00110996 -0.0225911 -0.0375054 -0.00128808 0.999296 0.928421 
0.999256 0.0074077 0.0378614 0.0148544 -0.00740244 0.999973 -0.000279185 -0.0235142 -0.0378624 -1.28336e-06 0.999283 0.939346 
0.99926 0.0061391 0.037974 0.0203171 -0.00613691 0.999981 -0.000174373 -0.016782 -0.0379744 -5.87999e-05 0.999279 0.93985 
0.999275 0.00355259 0.0379015 0.0267029 -0.00363084 0.999991 0.00199591 -0.0162591 -0.037894 -0.00213208 0.999279 0.946133 
0.999293 0.00144045 0.0375745 0.0294037 -0.00147003 0.999999 0.00075958 -0.0242224 -0.0375734 -0.000814279 0.999294 0.950241 
0.99932 -8.8308e-06 0.0368796 0.0294342 -2.23201e-05 1 0.000844171 -0.0390172 -0.0368796 -0.000844415 0.999319 0.958031 
0.999347 -0.00134042 0.0360981 0.0354767 0.00131712 0.999999 0.000669144 -0.0364914 -0.036099 -0.000621171 0.999348 0.959511 
0.999358 -0.00693005 0.0351588 0.040329 0.00690761 0.999976 0.000759681 -0.0297107 -0.0351633 -0.000516333 0.999381 0.963295 
0.999419 -0.00300624 0.0339564 0.0403366 0.00313054 0.999989 -0.00360809 -0.0340605 -0.0339451 0.0037123 0.999417 0.95974 
0.999462 0.000414829 0.0327977 0.0307693 -0.000224777 0.999983 -0.00579817 -0.0240151 -0.0327995 0.00578768 0.999445 0.962811 
0.999545 -0.00584376 0.0296 0.0350266 0.00596306 0.999974 -0.00394324 -0.0346926 -0.0295762 0.00411795 0.999554 0.96447 
0.999666 -0.00214102 0.0257557 0.0325851 0.00213247 0.999998 0.000358914 -0.0218201 -0.0257563 -0.000303869 0.999668 0.971109 
0.999745 -0.000374881 0.0225691 0.0225143 0.000286286 0.999992 0.00392897 -0.0260327 -0.0225704 -0.00392151 0.999738 0.981894 
0.999817 0.000106885 0.0191264 0.0213165 -0.000168285 0.999995 0.00320853 -0.0223764 -0.019126 -0.00321117 0.999812 0.983572 
0.999862 -0.00154486 0.0165572 0.0181274 0.00159208 0.999995 -0.00283954 -0.0451087 -0.0165528 0.00286552 0.999859 0.979967 
0.999887 -0.00225752 0.0148514 0.0202255 0.00234146 0.999981 -0.00563734 -0.0374307 -0.0148384 0.00567146 0.999874 0.983624 
0.999919 -0.00399807 0.012089 0.0184402 0.0040436 0.999985 -0.00374315 -0.0308753 -0.0120738 0.00379173 0.99992 0.988672 
0.99994 -0.00568309 0.00937321 0.018837 0.00571579 0.999978 -0.00346544 -0.0345144 -0.00935331 0.00351881 0.99995 0.993759 
0.999977 -0.00335022 0.0059039 0.0152893 0.00337868 0.999983 -0.00481926 -0.0277842 -0.00588764 0.0048391 0.999971 0.994547 
0.999991 -0.00173979 0.00374452 0.00849152 0.00175941 0.999985 -0.00524226 -0.0294024 -0.00373535 0.00524879 0.999979 0.995771 
0.999994 -0.00211991 0.00286076 0.00915527 0.00212986 0.999992 -0.00348382 -0.0204489 -0.00285335 0.0034899 0.99999 1.00379 
0.999996 -0.000311226 0.00271993 0.0057373 0.000320856 0.999994 -0.00354447 -0.023864 -0.00271881 0.00354534 0.99999 1.00619 
0.999997 -0.000755325 0.00241464 0.00572205 0.00076142 0.999997 -0.0025225 -0.0181327 -0.00241274 0.00252432 0.999994 1.00836 
0.999998 -0.000954479 0.00196657 0.00632477 0.000962477 0.999991 -0.00407328 -0.0197895 -0.00196266 0.00407517 0.99999 1.00993 
0.999994 -0.00259292 0.00219271 0.0146103 0.00259617 0.999996 -0.00147734 -0.0269358 -0.00218889 0.00148303 0.999997 1.01701 
0.999998 -0.000182025 0.00204354 0.0113831 0.000180159 1 0.000918848 -0.028116 -0.00204371 -0.00091849 0.999998 1.02563 
0.999996 0.00129579 0.00242721 0.00888062 -0.00129862 0.999998 0.00116099 -0.0237482 -0.0024257 -0.00116413 0.999996 1.02652 
0.999998 -0.000405572 0.00202083 0.0100555 0.000408713 0.999999 -0.0015532 -0.0203722 -0.0020202 0.00155401 0.999997 1.02673 
0.999996 0.00135447 0.00240141 0.00787354 -0.00134959 0.999997 -0.00203378 -0.0203531 -0.00240417 0.00203054 0.999995 1.03017 
0.999996 0.00152345 0.0025298 0.0112534 -0.00151657 0.999995 -0.0027161 -0.0218294 -0.00253392 0.00271225 0.999993 1.03779 
0.999994 0.00234591 0.00240762 0.0110626 -0.00233717 0.999991 -0.00362861 -0.0216801 -0.00241607 0.00362294 0.999991 1.04221 
0.999992 0.00347066 0.00197174 0.00767517 -0.00346123 0.999983 -0.00476636 -0.0182593 -0.00198817 0.0047595 0.999987 1.0444 
0.999994 0.00242782 0.00235673 0.00954437 -0.00242105 0.999993 -0.00287396 -0.0160174 -0.0023637 0.00286824 0.999993 1.05096 
0.999995 0.0019774 0.00256235 0.00800323 -0.00198061 0.999997 0.00125285 -0.0103066 -0.00255986 -0.00125791 0.999996 1.05476 
0.99999 0.00358734 0.00285666 0.00824738 -0.00359899 0.999985 0.00408876 -0.0213633 -0.00284195 -0.00409901 0.999988 1.06688 
0.999997 0.00032161 0.00257655 0.0108337 -0.000325778 0.999999 0.00161288 -0.0188884 -0.00257618 -0.0016137 0.999995 1.06553 
0.999998 0.000419104 0.00189668 0.0108643 -0.000418512 1 -0.000306008 -0.0188742 -0.00189676 0.000305233 0.999998 1.0679 
0.999998 -0.00129817 0.00143237 0.011673 0.00130197 0.999996 -0.00265617 -0.0156325 -0.00142899 0.00265801 0.999996 1.06801 
1 -0.000481205 0.0006648 0.0111313 0.000483032 0.999996 -0.00275265 -0.0154942 -0.000663362 0.00275298 0.999996 1.0711 
1 0.000853326 0.000370853 0.00946045 -0.000852853 0.999999 -0.0012937 -0.0166279 -0.000372089 0.00129338 0.999999 1.08123 
0.999995 0.00331997 -0.000379443 0.0041275 -0.00331943 0.999994 0.00138968 -0.0135937 0.00038413 -0.00138842 0.999999 1.085 
0.999993 0.00375325 -4.69163e-05 0.0034256 -0.00375326 0.999993 -0.000118586 -0.0178452 4.64842e-05 0.000118772 1 1.08672 
0.999993 0.00370155 -0.000178784 0.0012207 -0.00370179 0.999992 -0.00131203 -0.0151002 0.000173882 0.0013127 0.999999 1.08772 
0.999992 0.00405296 7.00355e-05 0.00287628 -0.0040529 0.999992 -0.000828882 -0.0171965 -7.33361e-05 0.000828584 1 1.09451 
0.999993 0.00363444 0.000220694 0.00224304 -0.00363454 0.999993 0.000463886 -0.0150017 -0.000219017 -0.000464702 1 1.10226 
1 0.000122243 0.000388585 0.0106812 -0.000124168 0.999988 0.00495502 -0.0118091 -0.000387982 -0.00495507 0.999988 1.11862 
0.999996 -0.00298359 0.000485234 0.0100479 0.00297918 0.999956 0.00885397 -0.00252569 -0.000511609 -0.00885246 0.999961 1.11467 
0.999989 -0.00467703 0.000272907 0.0147858 0.00467492 0.999963 0.00727617 4.72069e-05 -0.000306919 -0.0072748 0.999973 1.12163 
0.999961 -0.00881019 -0.000299752 0.0205307 0.00880968 0.99996 -0.00166969 -0.00323573 0.000314459 0.00166697 0.999999 1.11374 
0.99998 -0.00621516 -0.000857748 0.0190353 0.00621056 0.999967 -0.00526768 -0.000681162 0.000890456 0.00526225 0.999986 1.11589 
0.999994 -0.00342819 -0.000644535 0.0131149 0.00342472 0.99998 -0.00531819 -0.00388741 0.000662819 0.00531592 0.999986 1.12049 
0.999999 -0.00114482 -0.000650413 0.00981903 0.00114241 0.999992 -0.00368947 -0.0050261 0.000654571 0.00368876 0.999993 1.12501 
0.999996 0.00278668 -0.000176966 0.00431061 -0.00278658 0.999996 0.000643516 -0.00126052 0.00017871 -0.000643014 1 1.13589 
0.999998 0.00211793 -0.000381671 0.00414276 -0.00211604 0.999986 0.00487307 -0.00480461 0.000391938 -0.00487225 0.999988 1.14365 
0.999999 0.00154536 -0.000288635 0.00317383 -0.00154454 0.999995 0.00281674 -0.00295126 0.000293046 -0.00281627 0.999996 1.14708 
0.999999 0.00134714 -0.000208847 0.00314331 -0.00134735 0.999999 -0.000981158 -0.00640488 0.000207469 0.000981429 0.999999 1.14279 
1 -0.000248354 -0.000187486 0.00648499 0.000247525 0.99999 -0.00446432 -0.00723743 0.000188641 0.00446429 0.99999 1.14735 
1 -0.00038394 -0.000670418 0.00682831 0.000381295 0.999992 -0.00392862 -0.0066117 0.000671901 0.00392835 0.999992 1.1502 
1 -8.28169e-05 -0.000369407 0.00646973 8.32006e-05 1 0.00101368 -0.00371563 0.00036934 -0.00101372 0.999999 1.16209 
0.999999 -0.00117008 -0.000457712 0.00816345 0.0011738 0.999965 0.00824289 -0.00343716 0.000448048 -0.00824341 0.999966 1.17368 
1 0.000207653 0.000181161 0.00679016 -0.000207802 1 0.000843649 -0.0105257 -0.000181027 -0.000843689 1 1.16886 
0.999998 0.00215279 -0.000252828 0.00286102 -0.00215363 0.999992 -0.00339671 -0.00760257 0.000245564 0.00339725 0.999994 1.16781 
1 0.000501454 -0.000288136 0.00489044 -0.000502393 0.999995 -0.00327106 -0.00551987 0.000286557 0.00327119 0.999995 1.17176 
1 0.000852976 -0.000153176 0.00411224 -0.000852915 1 0.000407501 -0.00765514 0.00015346 -0.000407354 1 1.18583 
1 0.000777906 -0.000501797 0.00382996 -0.000776291 0.999995 0.0032178 -0.00879622 0.000504352 -0.00321744 0.999995 1.17192 
0.999999 -0.000910752 -0.00094644 0.00643158 0.000912083 0.999999 0.00140039 -0.0106276 0.000945158 -0.00140126 0.999999 1.174 
0.999998 -0.0015464 -0.00137197 0.00749969 0.00154633 0.999999 -5.53397e-05 -0.00881124 0.00137197 5.32165e-05 0.999999 1.18113 
0.999996 -0.00280816 -0.00101109 0.0113831 0.002808 0.999996 -0.000155225 0.00335574 0.00101153 0.000152385 1 1.18526 
0.999999 0.000237411 -0.00119116 0.00772095 -0.000236902 1 0.000424993 -0.00241268 0.0011913 -0.000424711 0.999999 1.1982 
0.999998 -0.00137943 -0.00131252 0.0092926 0.00137856 0.999999 -0.000666178 0.00118101 0.00131349 0.000664376 0.999999 1.19773 
1 -0.000288405 -0.00103135 0.00878143 0.000291044 0.999997 0.0025629 -0.00666189 0.00103052 -0.00256321 0.999996 1.21995 
0.999999 0.00126642 -0.00110239 0.00579071 -0.0012659 0.999999 0.000466139 -0.0101892 0.00110298 -0.000464725 0.999999 1.2241 
0.999999 -0.00111155 -0.00124953 0.00785828 0.00111225 0.999999 0.000555749 -0.0105469 0.00124896 -0.000557134 0.999999 1.22431 
0.999997 0.00147633 -0.00168771 0.00540161 -0.00147754 0.999999 -0.000712519 -0.0129483 0.00168663 0.000715002 0.999998 1.23144 
0.999999 -0.00047314 -0.00155222 0.00708008 0.00046858 0.999996 -0.00294144 -0.0119497 0.00155363 0.0029407 0.999995 1.23203 
0.999998 0.00169901 -0.00127159 0.00415802 -0.00169895 0.999999 5.38277e-05 -0.00785208 0.00127161 -5.16763e-05 0.999999 1.23883 
0.999991 0.00409845 -0.000684075 -0.0115128 -0.00409689 0.999989 0.00227717 -0.00551486 0.000693426 -0.00227434 0.999997 1.23933 
0.999997 0.00241215 -0.00032182 -0.00687408 -0.00241258 0.999996 -0.00136809 -0.00862509 0.000318527 0.00136888 0.999999 1.24113 
0.999997 0.00259419 0.000120319 -0.0071106 -0.00259414 0.999997 -0.000369285 -0.00863355 -0.000121206 0.000368965 1 1.24935 
0.999995 0.00292677 0.000905566 -0.00385284 -0.00292929 0.999992 0.00278577 -0.00804335 -0.00089746 -0.00278842 0.999996 1.25459 
0.999997 0.00224089 0.00115238 -0.0050354 -0.00224235 0.999997 0.00125897 -0.0112336 -0.00114949 -0.00126153 0.999999 1.25785 
0.999998 0.0017487 0.0012383 -0.00114441 -0.00174925 0.999999 0.000444089 -0.010589 -0.00123763 -0.000446269 0.999999 1.25652 
0.999999 0.000403643 0.00170461 0.000793457 -0.000403745 1 6.55531e-05 -0.0133955 -0.00170445 -6.62377e-05 0.999999 1.25894 
0.999997 -0.00016846 0.00229736 0.00447845 0.000165369 0.999999 0.00134629 -0.011159 -0.00229763 -0.00134591 0.999996 1.25919 
0.999989 0.00366395 0.00287894 -1.52588e-05 -0.00367706 0.999983 0.00456056 -0.0120128 -0.00286221 -0.0045711 0.999986 1.25997 
0.999991 0.000592402 0.00409289 0.00498199 -0.000593839 1 0.000350041 -0.0153399 -0.00409267 -0.000352472 0.999991 1.25187 
0.999968 0.00603413 0.0053238 -0.000923157 -0.00600453 0.999967 -0.00555871 -0.018077 -0.00535718 0.00552657 0.999971 1.23818 
0.999973 -0.000724844 0.00727811 0.00666809 0.00076361 0.999986 -0.00532495 -0.0140467 -0.00727414 0.00533035 0.999959 1.24928 
0.999956 -0.0017713 0.00920634 0.0140915 0.00174245 0.999994 0.00314125 -0.0119656 -0.00921184 -0.00312506 0.999953 1.23811 
0.999937 0.00134161 0.0111143 0.0148621 -0.00140012 0.999985 0.0052575 -0.0129342 -0.0111071 -0.00527273 0.999924 1.24542 
0.999915 -0.00184705 0.0129123 0.0222092 0.00186767 0.999997 -0.00158533 -0.0124085 -0.0129094 0.00160931 0.999915 1.23988 
0.999894 -0.000802842 0.0145625 0.0304184 0.000810394 0.999999 -0.000512721 -0.0109839 -0.014562 0.000524465 0.999894 1.24151 
0.999889 0.000725213 0.0149045 0.0245667 -0.000757899 0.999997 0.00218748 -0.014087 -0.0149029 -0.00219853 0.999887 1.23727 
0.999866 -0.00421422 0.0157959 0.0329742 0.00423061 0.999991 -0.00100411 -0.0174917 -0.0157916 0.00107081 0.999875 1.23144 
0.999876 0.000887346 0.0157363 0.0252228 -0.000829192 0.999993 -0.00370158 -0.0170077 -0.0157394 0.00368808 0.999869 1.22031 
0.999876 0.000653531 0.015727 0.0255432 -0.000577227 0.999988 -0.00485577 -0.0165218 -0.0157299 0.00484609 0.999865 1.21384 
0.999853 0.00458812 0.0165168 0.0185318 -0.00460007 0.999989 0.000685114 -0.0111725 -0.0165135 -0.000760985 0.999863 1.21764 
0.999839 0.00691023 0.0165604 0.0124664 -0.00699219 0.999964 0.00489628 -0.0085609 -0.016526 -0.00501129 0.999851 1.22863 
0.999853 0.00518582 0.0163642 0.0149612 -0.00523598 0.999982 0.00302385 -0.009516 -0.0163482 -0.00310908 0.999862 1.22537 
0.999868 0.00263895 0.0160231 0.0157166 -0.00260531 0.999995 -0.0021212 -0.0116799 -0.0160287 0.00207918 0.999869 1.21549 
0.999881 0.00105726 0.0153714 0.0189438 -0.00101777 0.999996 -0.00257689 -0.00887704 -0.015374 0.00256092 0.999879 1.21242 
0.99989 -0.000475165 0.0148156 0.0202942 0.000499915 0.999998 -0.00166648 -0.0101409 -0.0148147 0.00167371 0.999889 1.20635 
0.999884 -0.00109501 0.0151989 0.0227127 0.00109523 0.999999 -6.44522e-06 -0.00963593 -0.0151989 2.30996e-05 0.999884 1.20858 
0.999885 0.00135829 0.0151045 0.0198593 -0.00138706 0.999997 0.00189438 -0.0111418 -0.0151019 -0.00191511 0.999884 1.20527 
0.999878 0.00116662 0.015572 0.0191269 -0.00118252 0.999999 0.00101195 -0.0117049 -0.0155708 -0.00103023 0.999878 1.20326 
0.999869 0.00253412 0.0160072 0.017128 -0.00250358 0.999995 -0.00192799 -0.0127683 -0.0160121 0.00188764 0.99987 1.19465 
0.99987 -0.000125941 0.0161313 0.0205231 0.00017512 0.999995 -0.00304756 -0.0106854 -0.0161308 0.00304999 0.999865 1.18966 
0.999866 0.000322165 0.0163522 0.0211411 -0.000298832 0.999999 -0.00142932 -0.00940919 -0.0163526 0.00142425 0.999865 1.19757 
0.999871 -0.00154199 0.016001 0.0239029 0.00157993 0.999996 -0.00235935 -0.0107818 -0.0159974 0.00238433 0.999869 1.19596 
0.999862 0.00107423 0.0165592 0.0221863 -0.00100932 0.999992 -0.00392693 -0.00955796 -0.0165633 0.00390967 0.999855 1.20064 
0.999856 0.000587959 0.0169396 0.0207214 -0.000530129 0.999994 -0.00341903 -0.00702143 -0.0169415 0.00340957 0.999851 1.20335 
0.999849 0.00237993 0.0172416 0.0199509 -0.00241088 0.999996 0.00177499 -0.00333977 -0.0172373 -0.0018163 0.99985 1.21576 
0.999825 0.00435312 0.0181862 0.0158615 -0.00439634 0.999988 0.00233705 -0.00779843 -0.0181757 -0.00241658 0.999832 1.21964 
0.999827 0.00191902 0.0184922 0.0187759 -0.00190891 0.999998 -0.000564661 -0.00685501 -0.0184933 0.000529246 0.999829 1.22413 
0.999825 0.00257371 0.0185162 0.0200348 -0.00255561 0.999996 -0.00100146 -0.00513864 -0.0185187 0.000953967 0.999828 1.22176 
0.999825 0.00209483 0.0186132 0.0191803 -0.00209535 0.999998 9.01334e-06 -0.00690317 -0.0186131 -4.8019e-05 0.999827 1.23082 
0.999822 0.00284406 0.0186466 0.018692 -0.00282789 0.999996 -0.000893528 -0.00900316 -0.018649 0.00084064 0.999826 1.23536 
0.999824 0.00181016 0.0186668 0.0204926 -0.00179455 0.999998 -0.000853362 -0.00807381 -0.0186684 0.000819733 0.999825 1.23471 
0.999824 0.00186596 0.0186642 0.0197754 -0.00189904 0.999997 0.00175474 -0.00566864 -0.0186608 -0.0017899 0.999824 1.24568 
0.999823 0.00159547 0.0187413 0.021347 -0.00166522 0.999992 0.00370703 -0.00640154 -0.0187353 -0.00373759 0.999817 1.24809 
0.999826 0.000362553 0.0186809 0.0217438 -0.000400912 0.999998 0.00204925 -0.00780678 -0.0186801 -0.00205636 0.999824 1.25004 
0.999819 0.00178045 0.0189318 0.020752 -0.00178289 0.999999 0.000112146 -0.00952339 -0.0189317 -0.000145875 0.999821 1.2577 
0.999814 0.00279187 0.0190753 0.0211334 -0.00272639 0.99999 -0.00345773 -0.0116487 -0.0190848 0.00340506 0.999812 1.25314 
0.999794 0.00345427 0.0200113 0.0179443 -0.00338424 0.999988 -0.00353286 -0.0071559 -0.0200232 0.00346442 0.999794 1.25889 
0.999771 0.00376789 0.0210726 0.0182648 -0.00381465 0.99999 0.0021792 -0.00440025 -0.021064 -0.00225909 0.999776 1.2692 
0.999751 0.00500698 0.0217557 0.0194244 -0.00511931 0.999974 0.00511116 -0.00646782 -0.0217296 -0.00522124 0.99975 1.27542 
0.999722 0.00315011 0.0233678 0.0210419 -0.00317967 0.999994 0.00122808 -0.010026 -0.0233639 -0.00130206 0.999726 1.27737 
0.999687 0.00306529 0.0248363 0.02211 -0.00305139 0.999995 -0.000597429 -0.00666332 -0.0248379 0.000521462 0.999691 1.27924 
0.999661 0.00528053 0.0255052 0.0220337 -0.00530272 0.999986 0.000802137 -0.00788212 -0.0255004 -0.000937104 0.999674 1.28098 
0.999678 0.00188912 0.0253129 0.0126953 -0.00190786 0.999998 0.000716548 -0.00501537 -0.0253115 -0.000764616 0.999679 1.30357 
0.999684 -0.000284676 0.0251411 0.0109406 0.000338774 0.999998 -0.00214745 -0.00329304 -0.0251405 0.0021553 0.999682 1.30669 
0.999694 -0.00200282 0.0246604 0.0166931 0.00197519 0.999997 0.00114487 -0.00237751 -0.0246626 -0.00109582 0.999695 1.30643 
0.999702 -0.0020851 0.0243313 -0.011322 0.00202657 0.999995 0.00242997 -0.0122557 -0.0243363 -0.00237994 0.999701 1.31015 
0.999695 4.92372e-05 0.0247197 -0.0127411 7.83801e-06 0.999997 -0.00230913 -0.0158129 -0.0247197 0.00230862 0.999692 1.30251 
0.999697 0.00119245 0.0245804 -0.00827026 -0.00109034 0.999991 -0.00416724 -0.0133858 -0.0245851 0.00413916 0.999689 1.29311 
0.99971 -0.000448003 0.024063 -0.0107269 0.000460222 1 -0.000502147 -0.0112801 -0.0240627 0.000513077 0.99971 1.29884 
0.999743 -0.000118479 0.0226591 0.00337219 3.22573e-05 0.999993 0.00380523 -0.00872993 -0.0226593 -0.00380353 0.999736 1.29455 
0.999781 6.16163e-05 0.0209314 0.000396729 -2.40691e-05 0.999998 -0.00179363 -0.020505 -0.0209314 0.00179274 0.999779 1.29903 
0.999802 -0.00261413 0.0197304 0.0127716 0.002687 0.99999 -0.00366737 -0.011919 -0.0197207 0.00371966 0.999799 1.28972 
0.999815 0.00273274 0.0190251 -0.000961304 -0.00271317 0.999996 -0.00105487 -0.0152445 -0.0190279 0.00100305 0.999819 1.29452 
0.99983 0.00349194 0.0180747 0.00328064 -0.0034899 0.999994 -0.000145067 -0.0156174 -0.0180751 8.1975e-05 0.999837 1.29667 
0.999858 0.00209744 0.0167314 0.0018158 -0.00211316 0.999997 0.000922032 -0.0125656 -0.0167295 -0.000957258 0.99986 1.29559 
0.999879 0.00129646 0.0155298 0.0050354 -0.00129523 0.999999 -8.91723e-05 -0.0148849 -0.0155298 6.90483e-05 0.999879 1.29396 
0.999885 0.0024794 0.0149977 0.00228882 -0.00249071 0.999997 0.000735499 -0.0121841 -0.014996 -0.000772789 0.999887 1.29324 
0.999892 0.0036309 0.0142468 0.000518799 -0.00368651 0.999986 0.00387811 -0.0113535 -0.0142325 -0.00393022 0.999891 1.29775 
0.999907 0.00275402 0.0133627 -0.000564575 -0.00280947 0.999987 0.00413312 -0.0122213 -0.0133512 -0.00417026 0.999902 1.302 
0.999929 -0.00171392 0.0117955 0.00395203 0.00168536 0.999996 0.00243161 -0.013814 -0.0117995 -0.00241156 0.999928 1.30108 
0.99995 -0.00373675 0.00924796 0.00819397 0.00374457 0.999993 -0.000829276 -0.0130043 -0.00924483 0.000863858 0.999957 1.29277 
0.999963 -0.0053155 0.00672126 0.00782776 0.0053295 0.999984 -0.00206507 -0.0119286 -0.0067102 0.00210081 0.999975 1.29301 
0.999979 -0.00365137 0.00531879 0.00646973 0.0036647 0.99999 -0.00249894 -0.013176 -0.00530958 0.00251838 0.999983 1.2894 
0.999983 0.00234196 0.00525013 -0.0014801 -0.00234471 0.999997 0.000517093 -0.0111561 -0.00524884 -0.00052939 0.999986 1.29797 
0.999965 0.00646725 0.00522313 0.000991821 -0.00648905 0.99997 0.00416605 -0.0125256 -0.00519603 -0.0041998 0.999978 1.29568 
0.99997 0.00560977 0.00528309 0.0396118 -0.00562468 0.99998 0.00281165 -0.0172443 -0.00526729 -0.00284128 0.999982 1.29508 
0.999962 0.0072398 0.00490558 0.0337067 -0.00722881 0.999971 -0.002255 -0.0178204 -0.00492173 0.00221945 0.999985 1.29142 
0.999987 0.00330258 0.00391355 0.0311584 -0.0032939 0.999992 -0.00222141 -0.0140858 -0.00392094 0.0022085 0.99999 1.28732 
0.999997 0.000483159 0.00257805 0.0373077 -0.000476209 0.999996 -0.00269385 -0.0162716 -0.00257936 0.00269262 0.999993 1.29057 
0.999999 0.00043275 0.000991136 0.0256958 -0.000431186 0.999999 -0.00157884 -0.0144949 -0.000991762 0.00157838 0.999998 1.29039 
0.999996 -0.00275616 -0.000201941 0.0325317 0.00275588 0.999995 -0.00137515 -0.0148497 0.000205755 0.00137462 0.999999 1.29075 
0.999999 -0.00128873 -0.00107712 0.0356598 0.00128628 0.999997 -0.00227279 -0.0184546 0.00108001 0.0022714 0.999997 1.28077 
0.999999 0.00048277 -0.00119707 0.0505219 -0.000484861 0.999999 -0.00174863 -0.0148182 0.00119621 0.00174921 0.999998 1.2656 
0.999998 -0.00141454 -0.00166795 0.0305786 0.00141539 0.999999 0.000508197 -0.0109415 0.0016672 -0.000510558 0.999998 1.27238 
0.999996 -0.00062599 -0.00261638 0.024231 0.000626095 1 4.40702e-05 -0.0154371 0.00261638 -4.57019e-05 0.999997 1.26388 
0.999991 0.00137931 -0.0039579 0.00444031 -0.00138178 0.999999 -0.000624344 -0.017128 0.00395712 0.000629805 0.999992 1.26964 
0.999988 0.000590986 -0.00476626 0.000640869 -0.000579629 0.999997 0.00238504 -0.0154696 0.00476763 -0.00238226 0.999986 1.27302 
0.99998 0.00152792 -0.00611487 -0.0055542 -0.00150668 0.999993 0.00347753 -0.0141344 0.00612009 -0.00346826 0.999975 1.27719 
0.999974 0.00103835 -0.00718507 -0.00492859 -0.001024 0.999997 0.00199949 -0.0145283 0.00718719 -0.00199208 0.999972 1.27299 
0.999966 -0.00249999 -0.00786385 0.00474548 0.00250923 0.999996 0.00116522 -0.0155363 0.00786102 -0.00118492 0.999968 1.26787 
0.999957 -0.000418717 -0.00921991 -0.00456238 0.000408126 0.999999 -0.00115019 -0.0183372 0.00922039 0.00114635 0.999957 1.26834 
0.999947 -0.00180023 -0.0100929 -0.00302124 0.00179237 0.999998 -0.000788592 -0.0192308 0.0100943 0.000770457 0.999949 1.26208 
0.999933 -0.00280013 -0.011198 0.00250244 0.00279252 0.999996 -0.000695191 -0.0159159 0.0111997 0.000663869 0.999937 1.27306 
0.999919 -0.00141427 -0.0126305 -0.00559998 0.00140346 0.999999 -0.000864755 -0.018631 0.0126318 0.000846982 0.99992 1.27542 
0.999897 -0.00194635 -0.014212 -0.00605774 0.00192044 0.999996 -0.00183635 -0.0132751 0.0142154 0.00180888 0.999897 1.27374 
0.999888 -0.00237286 -0.0147533 -0.00370789 0.00238069 0.999997 0.000513393 -0.0176115 0.0147521 -0.00054846 0.999891 1.27941 
0.999892 -0.000488289 -0.0146769 -0.0140381 0.000518914 0.999998 0.00208322 -0.0154133 0.0146759 -0.00209061 0.99989 1.28001 
0.999884 -0.00256534 -0.0149969 -0.0162964 0.00256994 0.999997 0.000286885 -0.0119934 0.0149961 -0.0003254 0.999888 1.28537 
0.999881 -0.00324815 -0.0150972 -0.0139618 0.00325194 0.999995 0.000226464 -0.0119457 0.0150963 -0.000275537 0.999886 1.27793 
0.999872 -0.00307565 -0.0156795 -0.0147552 0.00311317 0.999992 0.00236915 -0.0123644 0.0156721 -0.00241764 0.999874 1.27625 
0.999866 -0.00360645 -0.0159421 -0.0137634 0.00365675 0.999988 0.00312701 -0.0157471 0.0159306 -0.00318491 0.999868 1.2727 
0.999856 -0.00448377 -0.0163442 -0.0128632 0.00451435 0.999988 0.00183475 -0.0178843 0.0163357 -0.00190827 0.999865 1.26126 
0.999832 -0.0045352 -0.0177416 -0.0157318 0.00455911 0.999989 0.00130711 -0.0223589 0.0177355 -0.00138779 0.999842 1.25697 
0.999802 -0.00422434 -0.0194393 -0.0102692 0.00425001 0.99999 0.00127958 -0.0207939 0.0194337 -0.00136194 0.99981 1.24761 
0.999789 -0.00443306 -0.0200407 -0.0109253 0.00445791 0.999989 0.00119516 -0.0146494 0.0200352 -0.00128423 0.999798 1.24348 
0.999795 -0.00291538 -0.0200179 -0.00576782 0.00293438 0.999995 0.000920448 -0.00781822 0.0200151 -0.000979021 0.999799 1.23716 
0.999788 -0.00282538 -0.0203926 -0.0121613 0.00283245 0.999996 0.000318034 -0.00394535 0.0203915 -0.000375712 0.999792 1.23904 
0.999768 -0.00296012 -0.0213193 -0.0145111 0.00297458 0.999995 0.000646226 -0.0111017 0.0213172 -0.000709489 0.999773 1.23646 
0.999743 -0.0030332 -0.0224496 -0.0105896 0.00308215 0.999993 0.00214673 -0.0125999 0.022443 -0.00221537 0.999746 1.23333 
0.999703 -0.00348632 -0.0241062 -0.0179749 0.00354687 0.999991 0.00246962 -0.0131006 0.0240973 -0.00255439 0.999706 1.22983 
0.999667 -0.00334224 -0.0255918 -0.0227509 0.00332966 0.999994 -0.000533598 -0.0198126 0.0255934 0.00044821 0.999672 1.2184 
0.999661 -0.00257179 -0.0258973 -0.0191193 0.00253186 0.999996 -0.00157499 -0.0222592 0.0259013 0.00150891 0.999663 1.19989 
0.999661 -0.00110353 -0.0260055 -0.0227356 0.00110457 0.999999 2.54624e-05 -0.0216122 0.0260055 -5.41881e-05 0.999662 1.20062 
0.999633 -0.00133099 -0.0270597 -0.0242691 0.00136798 0.999998 0.0013484 -0.0213346 0.0270579 -0.00138493 0.999633 1.19614 
0.999618 0.000104336 -0.0276283 -0.0335693 -8.24323e-05 1 0.000793988 -0.0219092 0.0276284 -0.000791396 0.999618 1.19751 
0.999618 0.000264944 -0.0276373 -0.0360489 -0.000276475 1 -0.000413132 -0.0264711 0.0276371 0.000420613 0.999618 1.18831 
0.999624 0.00079854 -0.0274143 -0.025856 -0.000801746 1 -0.000105923 -0.0192065 0.0274142 0.00012785 0.999624 1.18489 
0.999623 -0.000468714 -0.0274466 -0.0227661 0.000487065 1 0.000661292 -0.00895691 0.0274463 -0.000674412 0.999623 1.18011 
0.999598 -0.00178746 -0.0282924 -0.0172119 0.0018367 0.999997 0.0017149 -0.0078702 0.0282893 -0.00176618 0.999598 1.17975 
0.999558 -0.00140397 -0.0296906 -0.00431061 0.00142555 0.999999 0.000705414 -0.00944233 0.0296896 -0.000747425 0.999559 1.15959 
0.99953 -0.00371127 -0.0304443 -0.0175323 0.00367375 0.999992 -0.00128791 -0.0113401 0.0304488 0.00117545 0.999536 1.17047 
0.999497 -0.00222422 -0.0316201 -0.0145264 0.00222653 0.999997 3.74098e-05 -0.00926924 0.03162 -0.000107793 0.9995 1.17119 
0.999503 -0.000232755 -0.0315372 -0.0282974 0.000290554 0.999998 0.00182774 -0.00833893 0.0315367 -0.00183599 0.999501 1.17714 
0.999489 -0.000604109 -0.0319513 -0.0282135 0.000696149 0.999996 0.00287005 -0.00849199 0.0319494 -0.00289081 0.999485 1.17796 
0.999453 -0.00217137 -0.0330062 -0.0195541 0.0021829 0.999998 0.000313418 -0.0168037 0.0330055 -0.000385294 0.999455 1.16405 
0.999416 -0.00243548 -0.034088 -0.0210953 0.00237994 0.999996 -0.00166977 -0.00933313 0.0340919 0.00158767 0.999418 1.16878 
0.999396 -0.00358726 -0.0345655 -0.0179291 0.00357617 0.999994 -0.000382698 -0.00106192 0.0345666 0.000258857 0.999402 1.17014 
0.999406 -0.00387684 -0.0342358 -0.0137024 0.00390177 0.999992 0.000661389 -0.00638771 0.0342331 -0.00079458 0.999414 1.1601 
0.9994 -0.00184479 -0.0345948 -0.0252113 0.00189279 0.999997 0.00135486 -0.0101509 0.0345921 -0.00141952 0.999401 1.17184 
0.999379 -0.00361128 -0.0350428 -0.0242424 0.00368246 0.999991 0.00196681 -0.0136366 0.0350355 -0.00209464 0.999384 1.17165 
0.999375 -0.00152467 -0.0353259 -0.0332146 0.00162456 0.999995 0.0027994 -0.0163469 0.0353215 -0.00285504 0.999372 1.18372 
0.999354 -0.00272402 -0.0358389 -0.0321503 0.00279644 0.999994 0.00197077 -0.0209947 0.0358334 -0.00206972 0.999356 1.17725 
0.999353 -0.00267521 -0.03586 -0.0279331 0.00272284 0.999995 0.00127946 -0.0225973 0.0358562 -0.00137627 0.999356 1.15186 
0.999347 -0.00223611 -0.03608 -0.0341415 0.00225892 0.999997 0.000591589 -0.0198803 0.0360786 -0.000672704 0.999349 1.16458 
0.999349 -0.00252203 -0.0359928 -0.0325165 0.00254369 0.999997 0.000555742 -0.0209427 0.0359913 -0.000646945 0.999352 1.16139 
0.999368 -0.000683706 -0.0355423 -0.0349832 0.000679288 1 -0.000136589 -0.0233994 0.0355424 0.000112374 0.999368 1.14632 
0.999398 -0.00109553 -0.0346718 -0.0343122 0.00110384 1 0.000220616 -0.0143957 0.0346715 -0.000258774 0.999399 1.16948 
0.999433 -0.000654768 -0.0336623 -0.0351925 0.000694951 0.999999 0.00118177 -0.0119257 0.0336615 -0.00120448 0.999433 1.16133 
0.999448 -0.000296561 -0.0332156 -0.0383034 0.000293452 1 -9.80556e-05 -0.0191813 0.0332156 8.8251e-05 0.999448 1.16226 
0.99945 -0.00250906 -0.0330696 -0.0402946 0.0025043 0.999997 -0.000185729 -0.0208139 0.03307 0.000102803 0.999453 1.15941 
0.999475 -0.00267681 -0.0323049 -0.0344009 0.00273625 0.999995 0.0017962 -0.0168495 0.0322999 -0.00188365 0.999477 1.15384 
0.999499 -0.00277816 -0.0315336 -0.0356903 0.0028199 0.999995 0.0012793 -0.0198021 0.0315299 -0.00136756 0.999502 1.16823 
0.999526 -0.00275032 -0.0306644 -0.0317345 0.00273884 0.999996 -0.000416735 -0.0172462 0.0306654 0.000332558 0.99953 1.16914 
0.999531 -0.00347487 -0.0304131 -0.0274963 0.00346169 0.999994 -0.000486022 -0.0135107 0.0304147 0.000380512 0.999537 1.17122 
0.999523 -0.00371999 -0.0306435 -0.0265198 0.00372557 0.999993 0.000124826 -0.011095 0.0306428 -0.000238941 0.99953 1.18144 
0.999508 -0.00421264 -0.0310902 -0.0267792 0.00423418 0.999991 0.000627253 -0.0125008 0.0310872 -0.000758584 0.999516 1.18114 
0.999512 -0.00344983 -0.0310527 -0.0263367 0.00347255 0.999994 0.00067758 -0.0117664 0.0310503 -0.000785091 0.999518 1.18675 
0.999509 -0.00475048 -0.0309885 -0.0229187 0.00473773 0.999989 -0.000484457 -0.0117893 0.0309904 0.000337399 0.99952 1.18935 
0.999538 -0.00217028 -0.0303175 -0.029274 0.00216665 0.999997 -0.000152623 -0.0115919 0.0303177 8.68812e-05 0.99954 1.18172 
0.999544 -0.00236514 -0.030113 -0.0258484 0.0024022 0.999996 0.00119487 -0.0103188 0.0301101 -0.00126666 0.999546 1.19543 
0.999536 -0.00176667 -0.0303972 -0.0278702 0.00177803 0.999998 0.000346461 -0.0117903 0.0303966 -0.000400355 0.999538 1.19913 
0.999512 -0.00291365 -0.0310906 -0.0301514 0.0028442 0.999993 -0.00227813 -0.0141916 0.031097 0.00218858 0.999514 1.18568 
0.999502 -0.00333608 -0.0313624 -0.0258789 0.00326039 0.999992 -0.00246437 -0.0122662 0.0313704 0.00236087 0.999505 1.19966 
0.999517 -0.00296175 -0.0309536 -0.0304794 0.0029495 0.999996 -0.000441581 -0.0148306 0.0309547 0.00035008 0.999521 1.19156 
0.999528 -0.00278568 -0.0305977 -0.0202026 0.00284813 0.999994 0.00199771 -0.00106239 0.0305921 -0.00208391 0.99953 1.21678 
0.999563 -0.00122863 -0.0295372 -0.0202332 0.00128102 0.999998 0.00175476 -1.90735e-06 0.029535 -0.00179183 0.999562 1.21858 
0.999615 3.42876e-05 -0.0277328 -0.0202942 -2.51047e-05 1 0.000331633 -0.00241661 0.0277328 -0.00033081 0.999615 1.21091 
0.999671 -0.000401489 -0.0256479 -0.0192261 0.000392772 1 -0.000344776 -0.0109034 0.0256479 0.000334594 0.999671 1.22041 
0.999707 -0.000598006 -0.0241934 -0.0165405 0.000627134 0.999999 0.00119689 -0.0113354 0.0241926 -0.00121171 0.999707 1.22543 
0.999732 -0.0010226 -0.0231115 -0.0177155 0.00108022 0.999996 0.00248102 -0.0106812 0.0231089 -0.00250533 0.99973 1.22069 
0.999756 -0.0022861 -0.0219493 -0.0138397 0.00233863 0.999995 0.00236703 -0.0102892 0.0219438 -0.00241777 0.999756 1.22897 
0.999778 -0.00192298 -0.0210073 -0.015274 0.00195399 0.999997 0.00145536 -0.0095768 0.0210045 -0.00149609 0.999778 1.22957 
0.999788 -0.00291194 -0.0204076 -0.00157166 0.00292478 0.999995 0.000599671 -0.00116348 0.0204056 -0.000659242 0.999792 1.23434 
0.999792 -0.00101642 -0.0203941 0.000488281 0.00101004 0.999999 -0.000322524 -0.00759315 0.0203945 0.00030186 0.999792 1.23764 
0.999783 -0.00176486 -0.0207569 -0.0192566 0.00177141 0.999998 0.000296976 -0.0120239 0.0207562 -0.000333674 0.999785 1.23659 
0.999781 -0.000617471 -0.0209126 -0.0237427 0.000667438 0.999997 0.00238281 -0.0158043 0.0209111 -0.00239626 0.999778 1.24915 
0.999791 -0.00147574 -0.0203862 -0.00904846 0.00154229 0.999994 0.00324945 -0.00375366 0.0203811 -0.00328019 0.999787 1.24796 
