1 1.82284e-10 -5.24111e-10 5.55112e-17 1.82284e-10 1 5.07286e-10 3.33067e-16 -5.24111e-10 5.07286e-10 1 -2.22045e-16 
0.999999 -0.000705571 -0.00153658 0.0124767 0.000712213 0.99999 0.00432595 0.012969 0.00153351 -0.00432703 0.999989 -0.96176 
0.999998 0.00209809 -0.000594511 0.00805032 -0.00209755 0.999997 0.00089707 0.0108777 0.000596393 -0.000895822 0.999999 -0.963227 
0.999999 0.00148176 -8.00956e-05 0.0162726 -0.00148209 0.99999 -0.00431187 0.0294526 7.37044e-05 0.00431199 0.999991 -0.963163 
0.999999 0.00149375 0.000741807 0.0150919 -0.00148892 0.999978 -0.00646085 0.0368774 -0.000751441 0.00645974 0.999979 -0.960047 
0.999989 0.00442261 0.00138538 0.00907045 -0.00442383 0.99999 0.000874655 0.0315672 -0.00138149 -0.000880773 0.999999 -0.958101 
0.999996 0.00273754 0.00107733 0.0105654 -0.00274081 0.999992 0.00303912 0.0240324 -0.001069 -0.00304206 0.999995 -0.93238 
1 0.000561786 0.000836193 0.00925057 -0.000564346 0.999995 0.0030616 0.00721358 -0.00083447 -0.00306206 0.999995 -0.937468 
1 -0.000627617 0.000811681 0.0116634 0.000627101 1 0.000643067 0.0122139 -0.000812085 -0.000642558 1 -0.929823 
0.999999 -0.000649872 0.000925781 0.00876626 0.000652022 0.999997 -0.00231727 0.0113684 -0.000924272 0.00231787 0.999997 -0.929364 
1 -6.58794e-05 0.00067439 0.00898185 6.78499e-05 0.999996 -0.00293494 0.0102246 -0.000674195 0.00293498 0.999996 -0.9304 
1 0.000165569 0.000987287 0.00867456 -0.000164264 0.999999 -0.00132022 0.00903885 -0.000987506 0.00132006 0.999999 -0.923079 
0.999999 0.00156209 0.000605285 0.00921936 -0.00156169 0.999999 -0.000663566 0.0128076 -0.00060632 0.000662621 1 -0.950618 
1 0.000167051 0.00095953 0.00690832 -0.000167148 1 9.88767e-05 0.0201519 -0.000959515 -9.90378e-05 0.999999 -0.883906 
1 0.000229903 0.000694903 0.0079025 -0.000230999 0.999999 0.00156975 0.0229144 -0.000694539 -0.00156991 0.999999 -0.90981 
0.999999 0.00047356 0.00156316 0.007734 -0.000476984 0.999997 0.0021962 0.0257349 -0.00156212 -0.00219694 0.999996 -0.908184 
0.999998 0.00130817 0.00150421 0.00509596 -0.00131006 0.999998 0.00125927 0.0156385 -0.00150257 -0.00126124 0.999998 -0.904263 
0.999998 -0.000366849 0.0016742 0.00680609 0.000365949 1 0.000534286 0.00836053 -0.0016744 -0.000533672 0.999998 -0.900904 
0.999998 -0.00129762 0.00146239 0.00762154 0.00129633 0.999999 0.000888753 0.00674403 -0.00146355 -0.000886855 0.999999 -0.897018 
0.999997 -0.00144586 0.00172525 0.00447788 0.00144578 0.999999 4.43616e-05 0.00337419 -0.00172531 -4.18674e-05 0.999998 -0.89193 
0.999999 0.000556722 0.00154569 0.00319912 -0.000555214 0.999999 -0.000973727 0.00551763 -0.00154624 0.000972867 0.999998 -0.892185 
0.999999 -0.000626992 0.00132173 0.00457792 0.000628838 0.999999 -0.00140019 0.0100095 -0.00132085 0.00140102 0.999998 -0.887571 
0.999999 -0.0001545 0.00149919 0.00357849 0.000155031 1 -0.00034951 0.0107229 -0.00149913 0.000349743 0.999999 -0.880819 
0.999998 0.00114424 0.0017356 0.000161424 -0.00114433 0.999999 4.84443e-05 -0.000803679 -0.00173554 -5.04311e-05 0.999999 -0.874325 
0.999999 0.00020579 0.00160317 -0.00187668 -0.000206778 1 0.000616392 -0.00121874 -0.00160305 -0.000616722 0.999999 -0.869217 
1 -6.26886e-05 0.00101831 -7.26432e-05 6.31655e-05 1 -0.000471011 -0.00260782 -0.00101829 0.000471075 0.999999 -0.863213 
0.999999 -0.000197058 0.00102863 -0.000735998 0.000199088 0.999998 -0.00197017 0.00107193 -0.00102824 0.00197037 0.999998 -0.857094 
0.999999 0.00134587 0.000784919 -0.00352141 -0.00134362 0.999995 -0.0028653 0.00295171 -0.000788763 0.00286424 0.999996 -0.857897 
1 -0.000325292 0.00066898 -0.00616418 0.000326211 0.999999 -0.00136158 -0.00245288 -0.000668529 0.0013618 0.999999 -0.82692 
1 -0.00048447 0.000777053 -0.00327438 0.000483553 0.999999 0.00118332 -0.00209853 -0.000777628 -0.00118294 0.999999 -0.824278 
0.999999 -0.00147309 0.000788108 -0.00132596 0.00147091 0.999995 0.00274511 -0.00333649 -0.000792151 -0.00274395 0.999996 -0.814463 
1 -0.000553419 0.000794291 -0.000524938 0.000552152 0.999999 0.0015959 0.00147918 -0.000795178 -0.00159546 0.999999 -0.796917 
0.999999 -0.000732678 0.000945134 -0.000558913 0.000732254 1 0.00045365 0.00562194 -0.000945471 -0.000452957 0.999999 -0.792933 
0.999999 0.000207814 0.00141443 -0.00154191 -0.000208373 1 0.000395543 0.00519329 -0.00141434 -0.000395838 0.999999 -0.785473 
0.999998 -0.000324558 0.00187263 -0.00231466 0.000323429 1 0.000603584 -0.000631839 -0.00187283 -0.000602977 0.999998 -0.772287 
0.999998 7.0635e-06 0.00185173 -0.00434619 -7.75167e-06 1 0.000367099 -0.0134643 -0.00185173 -0.000367112 0.999998 -0.766916 
0.999998 0.000357287 0.00204825 -0.00207663 -0.000354933 0.999999 -0.00114815 -0.00385731 -0.00204865 0.00114742 0.999997 -0.760509 
0.999998 9.13248e-05 0.00193604 -0.00158089 -8.61641e-05 0.999996 -0.00266345 0.00347859 -0.00193629 0.00266328 0.999995 -0.74464 
0.999998 -0.000713573 0.00183074 0.00205076 0.000715912 0.999999 -0.00127728 0.00869498 -0.00182982 0.00127859 0.999998 -0.738113 
0.999997 -0.0014539 0.00194375 0.00642276 0.00145443 0.999999 -0.000269591 0.0102268 -0.00194336 0.000272417 0.999998 -0.728275 
0.999995 -0.00268228 0.00181896 0.00746506 0.00268074 0.999996 0.000849263 0.00596544 -0.00182123 -0.000844383 0.999998 -0.742302 
0.999997 -0.00153314 0.00176246 0.00648868 0.0015317 0.999999 0.000818464 0.00224274 -0.00176371 -0.000815762 0.999998 -0.690681 
0.999999 -0.000406482 0.00150819 0.0031305 0.000408636 0.999999 -0.00142868 -0.00466248 -0.0015076 0.0014293 0.999998 -0.693539 
0.999999 -0.00110403 0.00103866 0.00174916 0.00110567 0.999998 -0.00158597 -0.00472921 -0.0010369 0.00158712 0.999998 -0.688599 
0.999996 -0.0029953 -6.7085e-05 0.00691605 0.00299525 0.999995 -0.000739858 0.0030095 6.93016e-05 0.000739654 1 -0.676975 
0.999994 -0.00324546 -0.00107956 0.00602126 0.0032477 0.999992 0.00207126 -0.00437647 0.00107283 -0.00207475 0.999997 -0.663101 
0.999997 -0.00175925 -0.0017928 0.000531018 0.00176522 0.999993 0.00333586 -0.0100109 0.00178692 -0.00333901 0.999993 -0.653042 
0.999998 -0.000448632 -0.0021606 -0.000139952 0.000452939 0.999998 0.00199241 -0.00572182 0.0021597 -0.00199338 0.999996 -0.637684 
0.999995 -0.0011787 -0.00305265 0.00288886 0.00117588 0.999999 -0.000925049 -0.00410521 0.00305375 0.000921454 0.999995 -0.637501 
0.999982 -0.00493181 -0.00351287 0.00731647 0.00492045 0.999983 -0.00323495 0.00383505 0.00352876 0.00321761 0.999989 -0.650066 
0.999984 -0.00431539 -0.00376661 0.00786078 0.00430104 0.999983 -0.00381002 0.00439787 0.003783 0.00379376 0.999986 -0.605865 
0.999979 -0.00487646 -0.00430301 0.00703318 0.00487251 0.999988 -0.000928462 0.0032596 0.00430748 0.000907477 0.99999 -0.599236 
0.999979 -0.00370059 -0.00538484 0.0061829 0.00369932 0.999993 -0.000246633 0.00122005 0.00538572 0.000226709 0.999985 -0.585129 
0.999977 -0.00365259 -0.00574973 0.00547218 0.0036402 0.999991 -0.00216469 0.00276071 0.00575758 0.0021437 0.999981 -0.568752 
0.999965 -0.00499927 -0.0066981 0.00697273 0.00498811 0.999986 -0.00168311 0.00549722 0.00670643 0.00164964 0.999976 -0.548229 
0.999969 -0.00328901 -0.00715428 0.00479895 0.00329187 0.999994 0.000386851 0.00620484 0.00715296 -0.000410391 0.999974 -0.527073 
0.999967 -0.00350308 -0.00731185 0.00304556 0.00349818 0.999994 -0.000682591 0.00562757 0.0073142 0.000656991 0.999973 -0.507545 
0.999961 -0.00444135 -0.00756495 0.00521815 0.00444265 0.99999 0.00015559 -0.00035578 0.00756418 -0.000189197 0.999971 -0.483425 
0.99996 -0.00433181 -0.00785969 0.00551128 0.00435235 0.999987 0.00259737 -0.0013485 0.00784833 -0.00263147 0.999966 -0.464005 
0.999966 -0.00165878 -0.00811677 0.00322413 0.00168254 0.999994 0.00292087 0.0042147 0.00811188 -0.00293443 0.999963 -0.439529 
0.999968 -0.000486782 -0.00793783 0.000159264 0.000480668 1 -0.000771862 0.00327551 0.00793821 0.000768022 0.999968 -0.421902 
0.99997 0.000446161 -0.00771944 -0.00400305 -0.00045961 0.999998 -0.00173929 0.00380599 0.00771866 0.00174278 0.999969 -0.397549 
0.999966 -0.00181164 -0.00805596 -0.00232148 0.0018014 0.999998 -0.00128048 0.00219804 0.00805826 0.00126592 0.999967 -0.372467 
0.999952 -0.00348066 -0.00916612 0.00108457 0.00347681 0.999994 -0.000436342 0.00221628 0.00916759 0.000404454 0.999958 -0.363327 
0.999953 -0.00465609 -0.00848836 0.00269699 0.00465595 0.999989 -3.55206e-05 0.00389147 0.00848845 -4.00469e-06 0.999964 -0.311577 
0.999952 -0.00364613 -0.00906646 -0.000697613 0.00363969 0.999993 -0.000726243 0.00596398 0.00906903 0.000693209 0.999959 -0.299122 
0.999957 0.000474319 -0.00929983 -0.00676537 -0.000483241 0.999999 -0.000956802 0.0104101 0.00929938 0.000961252 0.999956 -0.275726 
0.99994 0.00118592 -0.0108531 -0.00777388 -0.00117169 0.999998 0.00131733 0.00838912 0.0108546 -0.00130453 0.99994 -0.267609 
0.999923 0.00171579 -0.0122642 -0.00810766 -0.00166698 0.999991 0.00398867 0.00641114 0.012271 -0.00396792 0.999917 -0.261425 
0.999908 -0.000544073 -0.0135436 -0.00782156 0.000591138 0.999994 0.00347221 0.00434166 0.0135416 -0.0034799 0.999902 -0.259689 
0.999873 -0.00171367 -0.0158267 -0.00586653 0.00172903 0.999998 0.000956374 0.00522768 0.0158251 -0.000983616 0.999874 -0.257946 
0.99985 -0.00197068 -0.0171999 -0.0073061 0.00197344 0.999998 0.000144143 0.00312135 0.0171994 -0.000178074 0.999852 -0.266964 
0.999864 -0.000380961 -0.0164659 -0.00975323 0.000383853 1 0.000171303 0.00278935 0.0164659 -0.000177596 0.999864 -0.24168 
0.999828 0.000748919 -0.018527 -0.0133781 -0.000749166 1 -6.499e-06 0.00188431 0.018527 2.03808e-05 0.999829 -0.251511 
0.999792 0.000758404 -0.0203607 -0.0145693 -0.000775983 0.999999 -0.000855487 0.00200373 0.0203601 0.000871107 0.999792 -0.255451 
0.999798 -0.000493244 -0.0200687 -0.0127611 0.000493329 1 -6.83824e-07 0.00093323 0.0200687 -9.2173e-06 0.999799 -0.239216 
0.999757 -0.00189951 -0.0219877 -0.0119524 0.00192204 0.999998 0.00100307 0.000670135 0.0219857 -0.00104508 0.999758 -0.24894 
0.999721 -0.00118264 -0.0235994 -0.0140734 0.00119779 0.999999 0.000627207 0.00123966 0.0235986 -0.000655302 0.999721 -0.249512 
0.999671 -0.00152035 -0.0255879 -0.0154552 0.00150373 0.999999 -0.00066869 0.00216401 0.0255889 0.000629994 0.999672 -0.254841 
0.999625 -0.00337462 -0.0271596 -0.0138588 0.0033499 0.999994 -0.000955165 0.00291848 0.0271626 0.000863818 0.999631 -0.257401 
0.999557 -0.00288296 -0.0296366 -0.015358 0.00285768 0.999996 -0.000895648 0.00362509 0.0296391 0.000810558 0.99956 -0.263618 
0.99954 -0.00103394 -0.0303084 -0.0199108 0.00100832 0.999999 -0.000860641 0.00375074 0.0303093 0.000829694 0.99954 -0.25573 
0.999468 0.00193649 -0.032564 -0.026989 -0.00194319 0.999998 -0.000173313 0.00188076 0.0325636 0.000236494 0.99947 -0.259953 
0.99934 0.00309271 -0.0361958 -0.0311108 -0.00307555 0.999995 0.000529426 0.000130296 0.0361973 -0.000417753 0.999345 -0.265633 
0.999281 0.00135537 -0.0379024 -0.0292454 -0.00127889 0.999997 0.00204187 -0.000962317 0.0379049 -0.00199193 0.999279 -0.265804 
0.99921 -0.000618324 -0.0397279 -0.0286007 0.000729468 0.999996 0.00278335 -0.00209293 0.0397261 -0.00281014 0.999207 -0.271297 
0.999127 -0.00140853 -0.04176 -0.0276146 0.00149135 0.999997 0.00195259 -0.00269374 0.041757 -0.00201317 0.999126 -0.286652 
0.99903 -0.0030869 -0.0439139 -0.0258121 0.0031361 0.999994 0.00105151 -0.00285465 0.0439105 -0.00118819 0.999035 -0.299744 
0.998977 -0.0051797 -0.0449242 -0.0260277 0.00518116 0.999987 -8.37976e-05 -0.000667393 0.0449241 -0.000149058 0.99899 -0.302822 
0.998894 -0.00591247 -0.0466519 -0.0222015 0.00590628 0.999982 -0.000270862 -0.00161785 0.0466528 -4.97792e-06 0.998911 -0.325958 
0.998788 -0.00204371 -0.0491851 -0.0295029 0.00201405 0.999998 -0.000652223 -0.00243056 0.0491864 0.000552364 0.998789 -0.341503 
0.998668 0.000351769 -0.0515986 -0.040947 -0.000495133 0.999996 -0.00276558 -0.0093326 0.0515973 0.00278743 0.998664 -0.357342 
0.99862 6.73104e-05 -0.0525137 -0.0438385 -0.000152917 0.999999 -0.00162653 -0.0245327 0.0525135 0.00163232 0.998619 -0.385986 
0.998481 -0.00117754 -0.0550903 -0.0436211 0.00110938 0.999999 -0.00126765 -0.0205988 0.0550918 0.00120458 0.998481 -0.396503 
0.998436 0.000323946 -0.0559094 -0.0398216 -0.000315285 1 0.000163722 -0.0317018 0.0559095 -0.000145834 0.998436 -0.406723 
0.998384 -0.000978427 -0.0568138 -0.0366898 0.000874978 0.999998 -0.00184536 -0.0224453 0.0568155 0.00179265 0.998383 -0.425802 
0.998447 -0.00169254 -0.0556869 -0.0402679 0.00151338 0.999994 -0.00325937 -0.0247474 0.0556922 0.00317003 0.998443 -0.436865 
0.998457 -0.00362582 -0.0554138 -0.0431213 0.0034158 0.999987 -0.00388416 -0.00577068 0.0554271 0.00368887 0.998456 -0.455654 
0.998542 -0.00647017 -0.0535842 -0.0354652 0.00631602 0.999976 -0.0030458 -0.00817597 0.0536028 0.00270292 0.998559 -0.462156 
0.998618 -0.000560192 -0.0525463 -0.0471077 0.000596436 1 0.000674048 -0.00907755 0.0525458 -0.000704475 0.998618 -0.471859 
0.998745 0.00731753 -0.0495445 -0.0505028 -0.00742707 0.99997 -0.00202717 -0.00362539 0.0495283 0.0023926 0.99877 -0.486917 
0.998893 0.0106423 -0.0458161 -0.0590858 -0.0107701 0.999939 -0.00254228 -0.00403106 0.0457862 0.00303293 0.998947 -0.503334 
0.998995 0.00585402 -0.0444306 -0.0474396 -0.00587094 0.999983 -0.000250287 -0.00940996 0.0444285 0.000510888 0.999013 -0.524369 
0.999266 0.00149143 -0.0382801 -0.0374298 -0.0013717 0.999994 0.00315395 -0.00805467 0.0382845 -0.00309913 0.999262 -0.514589 
0.999442 0.00660015 -0.0327581 -0.0414505 -0.00658018 0.999978 0.000717229 0.00372152 0.0327621 -0.000501291 0.999463 -0.532544 
0.999555 0.00457023 -0.0294894 -0.0261993 -0.00461006 0.999989 -0.00128279 0.0105984 0.0294833 0.00141816 0.999564 -0.552714 
0.99967 0.00510008 -0.0251949 -0.0240822 -0.00514717 0.999985 -0.00180448 0.00133353 0.0251853 0.00193358 0.999681 -0.566294 
0.999794 0.00408837 -0.0198891 -0.0135956 -0.00408034 0.999992 0.000444547 0.00406379 0.0198907 -0.000363328 0.999802 -0.578219 
0.999875 0.00212829 -0.0156931 -0.0117226 -0.00209935 0.999996 0.00185985 0.00383157 0.015697 -0.00182667 0.999875 -0.583171 
0.999909 -0.000344052 -0.0134718 -0.0045433 0.000337825 1 -0.000464511 0.00314474 0.0134719 0.000459928 0.999909 -0.606098 
0.999934 -0.000404394 -0.011474 0.00357437 0.000412166 1 0.000674981 0.00688052 0.0114737 -0.000679667 0.999934 -0.601831 
0.999952 0.00417718 -0.00892453 -0.00569916 -0.00414697 0.999986 0.00340128 0.0133159 0.00893862 -0.00336411 0.999954 -0.620292 
0.999969 0.00411387 -0.00674682 -0.0186882 -0.00410129 0.99999 0.00187847 0.0149974 0.00675448 -0.00185073 0.999976 -0.631233 
0.999989 -0.000135282 -0.00469093 -0.0087471 0.000131072 1 -0.000898558 0.00355601 0.00469106 0.000897919 0.999989 -0.640008 
0.99999 -0.00266065 -0.00360269 0.000724792 0.00265225 0.999994 -0.00233401 0.00255632 0.00360888 0.00232444 0.999991 -0.654978 
0.999994 -0.00241288 -0.00238019 -0.00246048 0.00239502 0.999969 -0.00748279 0.00950927 0.00239817 0.00747705 0.999969 -0.662925 
0.999998 0.00130365 -0.00142174 -0.0131836 -0.00131204 0.999982 -0.00591144 0.00841564 0.00141401 0.00591328 0.999981 -0.682152 
0.999996 0.0025993 -0.00061186 -0.0180054 -0.00260064 0.999994 -0.00220611 0.0105753 0.000606116 0.00220769 0.999997 -0.687495 
0.999995 0.00316902 0.000132859 -0.0136414 -0.00316932 0.999992 0.00226674 0.0109599 -0.000125665 -0.00226714 0.999997 -0.691918 
0.999999 0.00126616 0.000591304 -0.0132828 -0.00127088 0.999967 0.00806226 -0.00066936 -0.000581071 -0.00806301 0.999967 -0.697698 
0.999997 0.000760971 0.00214109 -0.00823593 -0.000777688 0.999969 0.00781992 -0.0119917 -0.00213508 -0.00782156 0.999967 -0.703878 
0.999997 0.00153979 0.00207111 -0.00713348 -0.00154274 0.999998 0.00141947 -0.0111774 -0.00206892 -0.00142266 0.999997 -0.721729 
0.999997 -0.00095457 0.00211211 -0.0069313 0.0009651 0.999987 -0.00499298 -0.00398219 -0.0021073 0.004995 0.999985 -0.73893 
0.999997 -0.000259941 0.0024904 -0.00540161 0.000278773 0.999971 -0.00756128 0.00717008 -0.00248836 0.00756196 0.999968 -0.739014 
0.999994 -0.00212975 0.00278896 -0.0041275 0.00213167 0.999998 -0.000688308 0.00291103 -0.00278749 0.000694249 0.999996 -0.736494 
0.999962 0.00824369 0.00290233 -0.0174599 -0.00825963 0.999951 0.00552485 -0.00418413 -0.00285666 -0.00554863 0.999981 -0.72757 
0.999992 0.00227726 0.00332673 -0.0144157 -0.00229498 0.999983 0.00533338 -0.00715017 -0.00331453 -0.00534097 0.99998 -0.730417 
0.999975 -0.00659202 0.0026311 0.00597382 0.00659076 0.999978 0.000489737 -0.00390434 -0.00263427 -0.000472382 0.999996 -0.737934 
0.999988 -0.00334512 0.00347915 0.00450134 0.00335388 0.999991 -0.00251439 0.00401473 -0.00347071 0.00252601 0.999991 -0.731026 
0.999982 0.00399834 0.00443906 -0.0119362 -0.0039732 0.999976 -0.00565639 0.0110168 -0.00446157 0.00563866 0.999974 -0.743597 
0.999982 0.00516862 0.00299723 -0.018177 -0.00517618 0.999983 0.00251844 0.00219607 -0.00298416 -0.00253393 0.999992 -0.740276 
0.999995 -0.000331931 0.00314189 -0.00143814 0.000319384 0.999992 0.00399368 -0.00206351 -0.00314319 -0.00399263 0.999987 -0.725197 
0.999988 -0.00321691 0.00371666 0.00852966 0.00321187 0.999994 0.00136139 -0.000779629 -0.00372102 -0.00134942 0.999992 -0.735048 
0.999992 -0.000773069 0.00389084 0.0118294 0.000778081 0.999999 -0.00128781 -0.000680923 -0.00388984 0.00129081 0.999992 -0.738932 
0.999983 0.00467522 0.00359078 0.000350952 -0.00466568 0.999986 -0.00265902 0.00637054 -0.00360315 0.00264223 0.99999 -0.741571 
0.999981 0.00485691 0.00368418 0.00240707 -0.00485624 0.999988 -0.000195622 0.00992012 -0.0036851 0.000177729 0.999993 -0.736181 
0.999989 0.00306496 0.0034184 -0.000926971 -0.00306872 0.999995 0.00109887 0.0021615 -0.00341501 -0.00110936 0.999994 -0.736837 
0.999996 0.000340484 0.00272585 -0.00124359 -0.000341296 1 0.000297422 -0.00178528 -0.00272574 -0.000298349 0.999996 -0.735912 
0.999992 0.00191369 0.00341721 -0.00545883 -0.00190987 0.999998 -0.00111926 -0.00294781 -0.00341935 0.00111271 0.999994 -0.741047 
0.999992 0.00172177 0.00359377 -0.00723648 -0.00171574 0.999997 -0.00168061 -0.000766039 -0.00359665 0.00167445 0.999992 -0.742538 
0.999995 -0.000874925 0.00292574 -0.000263214 0.000871532 0.999999 0.0011605 -0.0114474 -0.00292676 -0.00115795 0.999995 -0.74007 
0.999991 -0.00259155 0.0032479 0.00322723 0.00258733 0.999996 0.0013115 -0.0134916 -0.00325128 -0.00130307 0.999994 -0.743999 
0.999994 0.00206211 0.00274103 -0.00136185 -0.00206261 0.999998 0.000175323 -0.0120151 -0.00274067 -0.000180981 0.999996 -0.745182 
0.999993 -0.00247432 0.00295292 0.00362015 0.0024759 0.999997 -0.000531121 -0.00746775 -0.0029516 0.000538424 0.999995 -0.749577 
0.999997 -0.000928462 0.00209749 0.00481796 0.000926659 0.999999 0.000858305 -0.0109127 -0.00209827 -0.000856387 0.999998 -0.746197 
0.999988 -0.00359433 0.00339087 0.00508499 0.00359654 0.999993 -0.000642742 -0.00603771 -0.00338854 0.00065493 0.999994 -0.757927 
0.999994 -0.000956785 0.0034392 0.00188828 0.000949726 0.999998 0.00205313 -0.00588286 -0.00344115 -0.00204986 0.999992 -0.755764 
0.999995 -0.000740081 0.00327277 0.00056839 0.00072616 0.999991 0.0042499 -0.00505185 -0.00327589 -0.0042475 0.999986 -0.756844 
0.999994 -9.87202e-05 0.00339743 -7.62939e-06 9.4004e-05 0.999999 0.00138884 -0.00648379 -0.00339756 -0.00138852 0.999993 -0.764149 
0.999979 -0.00544746 0.00349157 0.00757217 0.00543897 0.999982 0.00243826 -0.0139449 -0.00350479 -0.00241923 0.999991 -0.767609 
0.999989 -0.00374454 0.00290762 0.00762939 0.00374888 0.999992 -0.00149014 -0.0129969 -0.002902 0.00150104 0.999995 -0.775635 
0.999991 0.00245447 0.00348873 -0.00183487 -0.00245677 0.999997 0.000656539 -0.00795579 -0.00348713 -0.00066511 0.999994 -0.779636 
0.999992 -0.000243807 0.00409117 -0.000839233 0.000239968 1 0.000936997 -0.0105286 -0.0040914 -0.000936024 0.999991 -0.780865 
0.999984 -0.00420368 0.00383964 0.00610733 0.00420094 0.999991 0.000721533 -0.0140524 -0.00384265 -0.000705389 0.999992 -0.788197 
0.999991 -2.79769e-06 0.00417247 0.000953674 7.38911e-06 0.999999 -0.00109872 -0.0110197 -0.00417245 0.00109874 0.999991 -0.79509 
0.999987 0.000282284 0.00502204 -0.000148773 -0.000273975 0.999999 -0.00165613 -0.0138541 -0.00502251 0.00165475 0.999986 -0.811974 
0.999983 -0.00301502 0.00510076 0.00636673 0.00299227 0.999986 0.00445977 -0.0124539 -0.00511414 -0.00444444 0.999977 -0.781143 
0.99998 -0.00105135 0.00621156 0.00489807 0.000993717 0.999957 0.00927344 -0.0264986 -0.00622105 -0.00926708 0.999938 -0.795742 
0.99997 -0.00109117 0.00765415 0.00370407 0.00105854 0.99999 0.00426615 -0.0226772 -0.00765873 -0.00425796 0.999962 -0.809464 
0.999966 -0.00328726 0.00758836 0.00845718 0.00327156 0.999993 0.00208168 -0.0203965 -0.00759511 -0.00205669 0.999969 -0.822659 
0.999968 -0.00318849 0.0073228 0.00919342 0.00320755 0.999991 -0.00259337 -0.0129082 -0.00731449 0.00261671 0.99997 -0.800987 
0.99997 0.000489072 0.0076962 0.00441742 -0.000474828 0.999998 -0.00185308 -0.0109425 -0.00769709 0.00184936 0.999969 -0.822441 
0.999974 0.000589428 0.00723983 0.00266647 -0.000568244 0.999996 -0.00292757 -0.0130643 -0.00724154 0.00292338 0.99997 -0.823662 
0.999969 -0.00153481 0.00771053 0.00557327 0.00158417 0.999978 -0.00639865 -0.00827169 -0.00770049 0.00641066 0.99995 -0.827335 
0.999972 -0.00149714 0.0073629 0.00770569 0.00154915 0.999974 -0.00706345 -0.0100867 -0.00735219 0.00707467 0.999948 -0.822823 
0.99997 8.77287e-05 0.00776446 0.00222397 -5.88922e-05 0.999993 -0.00371418 -0.00266093 -0.00776477 0.0037136 0.999963 -0.833656 
0.999974 0.000774714 0.00711749 0.000400543 -0.00079739 0.999995 0.00318428 -0.00929272 -0.00711498 -0.00318989 0.99997 -0.796909 
0.999983 0.00060462 0.00577208 0.00298309 -0.00063931 0.999982 0.00600968 -0.0147831 -0.00576831 -0.00601327 0.999965 -0.801056 
0.999986 -0.000476562 0.00529687 0.00247955 0.000452532 0.99999 0.00453739 -0.0137002 -0.005299 -0.00453491 0.999976 -0.795868 
0.999986 -0.00168492 0.00495252 0.00296402 0.00167475 0.999996 0.00205674 -0.0116302 -0.00495593 -0.00204844 0.999986 -0.776115 
0.999983 -0.00134206 0.00562908 0.000640869 0.00134632 0.999999 -0.000750617 -0.0120013 -0.00562805 0.000758188 0.999984 -0.781456 
0.999978 0.00417036 0.0051242 -0.00617218 -0.00415651 0.999988 -0.0027135 -0.0136347 -0.00513545 0.00269214 0.999983 -0.789597 
0.999989 0.0014031 0.00444086 -0.00240707 -0.00137732 0.999982 -0.00580529 -0.00797164 -0.00444898 0.00579911 0.999973 -0.759155 
0.999992 -0.00215761 0.00323454 0.00313187 0.00218356 0.999965 -0.00803871 -0.007613 -0.00321706 0.0080457 0.999963 -0.764328 
0.99999 -0.00293562 0.00339785 0.00475693 0.00294694 0.99999 -0.0033311 -0.00366569 -0.00338803 0.00334109 0.999989 -0.756882 
0.999993 -0.00142692 0.00336371 0.000652313 0.00142649 0.999999 0.000126212 -0.00738662 -0.00336401 -0.000121422 0.999994 -0.740189 
0.999996 -0.00187301 0.00229983 0.0022316 0.00186845 0.999996 0.00198416 -0.00611848 -0.00230347 -0.00197984 0.999996 -0.730049 
0.99999 -0.00415437 0.0016254 0.00844574 0.00414889 0.999986 0.00335658 -0.00819302 -0.00163929 -0.00334982 0.999993 -0.719193 
0.999997 -0.00135387 0.0021316 0.00524139 0.00134474 0.99999 0.00428626 -0.00835991 -0.00213738 -0.00428337 0.999989 -0.709251 
0.999998 -0.000391648 0.00209777 0.00399017 0.000380701 0.999986 0.00521464 -0.0182687 -0.00209978 -0.00521383 0.999984 -0.694786 
0.999999 0.000588218 0.00158285 0.00254822 -0.000591389 0.999998 0.00200195 -0.0133548 -0.00158171 -0.00200288 0.999997 -0.69149 
0.999997 -0.00213014 0.00136118 0.00409317 0.00213118 0.999997 -0.000763806 -0.00856006 -0.00135951 0.000766697 0.999999 -0.684654 
1 3.43642e-05 0.000669941 1.14441e-05 -3.24701e-05 0.999996 -0.00283079 -0.00244296 -0.000670016 0.00283076 0.999996 -0.676994 
1 5.25378e-05 0.000468656 0.000171661 -5.11869e-05 0.999996 -0.00288425 -0.00261629 -0.00046885 0.00288422 0.999996 -0.668602 
1 0.000709317 -0.000289932 -0.00566101 -0.000709557 0.999999 -0.000854383 -0.00854844 0.000289351 0.000854605 1 -0.654152 
0.999999 -6.11006e-05 -0.00158046 -0.00330353 5.99233e-05 1 -0.000740306 -0.000815392 0.00158051 0.000740218 0.999999 -0.645111 
0.999998 -0.00141764 -0.00166795 -0.0022316 0.00141832 0.999999 0.000399936 0.000506878 0.00166734 -0.000402294 0.999999 -0.636887 
0.999997 -0.00122638 -0.00236444 0.00173569 0.0012341 0.999994 0.00326591 0.00365734 0.00236045 -0.00326881 0.999992 -0.640495 
0.999996 0.0015271 -0.00243382 0.00187683 -0.00151763 0.999991 0.0038834 0.00091958 0.0024398 -0.0038797 0.99999 -0.589722 
0.999996 0.002175 -0.00197968 -0.00157166 -0.00217326 0.999997 0.000882074 -0.0042702 0.00198157 -0.000877786 0.999998 -0.619179 
0.999997 -0.000955019 -0.00216916 0.00659943 0.000952454 0.999999 -0.00118076 -0.00308013 0.00217025 0.00117868 0.999997 -0.593788 
0.999996 -0.000517999 -0.00264327 -0.000991821 0.000510171 0.999996 -0.00296013 0.00278252 0.00264476 0.00295875 0.999992 -0.593796 
0.999998 8.17024e-05 -0.00208881 0.000259399 -9.11465e-05 0.99999 -0.00451899 0.00934172 0.0020885 0.00451918 0.999988 -0.58107 
0.999994 0.00283124 -0.00212179 -0.00145721 -0.00283219 0.999996 -0.000447757 0.00442064 0.00212047 0.00045377 0.999998 -0.563316 
0.999989 0.00414935 -0.00209813 -0.00297165 -0.00414332 0.999987 0.00287336 0.000828743 0.00211006 -0.00286464 0.999994 -0.556488 
0.99999 0.0036087 -0.00271989 -0.00127411 -0.00360187 0.999991 0.00251168 -0.00346994 0.00272892 -0.00250187 0.999993 -0.55265 
0.999999 -0.000859968 -0.00162117 0.00163269 0.000863821 0.999997 0.00237475 -0.00206101 0.00161912 -0.00237615 0.999996 -0.54834 
0.999999 -0.000265589 -0.00127302 0.00218964 0.00026857 0.999997 0.00234188 0.00080657 0.0012724 -0.0023422 0.999997 -0.547585 
0.999998 0.00159572 -0.00133412 0.000305176 -0.00159792 0.999997 -0.00164744 -0.00283992 0.00133145 0.00164956 0.999998 -0.554573 
0.99998 0.00634083 0.000303179 -0.00945282 -0.00634065 0.99998 -0.000626581 -0.00293994 -0.000307187 0.000624654 1 -0.551224 
0.999984 0.00527115 0.00218441 -0.0115242 -0.00527109 0.999986 -3.28231e-05 -0.00507855 -0.00218453 2.12938e-05 0.999998 -0.554314 
0.999995 0.00254928 0.00182958 -0.00255585 -0.00254823 0.999997 -0.00057529 -0.00222659 -0.00183107 0.000570629 0.999998 -0.559242 
0.999989 -0.00279623 0.00374128 0.00492096 0.00279967 0.999996 -0.000912861 -0.000777245 -0.00373866 0.000923341 0.999993 -0.565147 
0.999984 -6.21229e-05 0.0056695 0.0019989 5.94296e-05 1 0.000473348 -0.0042007 -0.00566955 -0.000473011 0.999984 -0.561073 
0.999975 0.0016873 0.00687465 0.0030098 -0.00168356 0.999999 -0.000550531 -0.000511885 -0.00687562 0.000538941 0.999976 -0.573067 
0.999964 0.000278266 0.00847144 0.00650406 -0.000272421 1 -0.000691582 -0.00287986 -0.00847167 0.000689272 0.999964 -0.592873 
0.999966 0.000221679 0.0082593 0.0016861 -0.000216059 1 -0.000681146 -0.00234175 -0.00825949 0.00067933 0.999966 -0.576897 
0.999951 -0.00304211 0.00940825 0.00495529 0.00305608 0.999994 -0.00146974 0.00149345 -0.00940366 0.00149841 0.999955 -0.582993 
0.999946 -0.000686351 0.0103729 0.00653076 0.000687974 1 -0.000152683 -0.00417864 -0.0103728 0.000159813 0.999946 -0.613914 
0.999943 -0.00351932 0.01005 0.0122604 0.0034946 0.999991 0.00247558 -0.00855017 -0.0100586 -0.00244032 0.999946 -0.589195 
0.999943 -0.00289307 0.0102524 0.0117836 0.00286956 0.999993 0.00230697 -0.0142426 -0.010259 -0.00227741 0.999945 -0.628525 
0.999929 -0.00321819 0.0114862 0.00867844 0.00320495 0.999994 0.00117138 -0.0101411 -0.0114899 -0.00113451 0.999933 -0.622307 
0.999941 -0.000900503 0.0108291 0.00575256 0.000881478 0.999998 0.00176205 -0.011899 -0.0108306 -0.00175239 0.99994 -0.635269 
0.999944 -0.00159637 0.0104455 0.0123062 0.00159361 0.999999 0.000271956 -0.0200167 -0.0104459 -0.000255295 0.999945 -0.6436 
0.99994 -0.000517018 0.0109309 0.00750732 0.000507604 1 0.000863381 -0.0154748 -0.0109314 -0.00085778 0.99994 -0.664032 
0.999936 -0.00233225 0.0110725 0.00759506 0.00233167 0.999997 6.66988e-05 -0.0192125 -0.0110726 -4.08725e-05 0.999939 -0.677124 
0.999937 0.00127628 0.0111309 0.00723648 -0.00121883 0.999986 -0.00516669 -0.0174409 -0.0111372 0.0051528 0.999925 -0.70034 
0.999928 0.00461044 0.011126 0.00100708 -0.00453444 0.999966 -0.00684625 -0.0169408 -0.0111574 0.0067953 0.999915 -0.709312 
0.99993 0.00234032 0.0115786 0.00164223 -0.00229766 0.999991 -0.00369699 -0.00900805 -0.0115872 0.00367014 0.999926 -0.723724 
0.999942 0.000879964 0.0107112 0.00491142 -0.000849143 0.999996 -0.00288207 -0.0135122 -0.0107137 0.00287282 0.999939 -0.73632 
0.999932 0.00714131 0.00923198 0.000324249 -0.00712589 0.999973 -0.00170314 -0.034721 -0.00924391 0.00163724 0.999956 -0.754204 
0.999931 0.00694742 0.00945231 -0.00720787 -0.00693513 0.999975 -0.00133159 -0.0339692 -0.00946134 0.00126593 0.999954 -0.755409 
0.999931 0.00946542 0.00700185 -0.00715256 -0.00941843 0.999933 -0.00671364 -0.0278316 -0.00706488 0.00664724 0.999953 -0.781792 
0.999948 0.00689053 0.00752017 -0.00520706 -0.00687838 0.999975 -0.00164128 -0.0105964 -0.00753137 0.00158947 0.99997 -0.778259 
0.999968 0.00176153 0.00783673 0.00380325 -0.0017696 0.999998 0.00102376 -0.00820005 -0.00783485 -0.00103761 0.999969 -0.781013 
0.999961 0.00323416 0.00816137 -0.00300217 -0.00329938 0.999963 0.00799058 -0.0169529 -0.00813526 -0.00801718 0.999935 -0.774536 
0.999959 0.00478742 0.00773573 0.00156021 -0.00484262 0.999963 0.00713182 -0.0122077 -0.00770128 -0.00716899 0.999945 -0.786057 
0.99998 -0.00222142 0.00597832 0.0101871 0.00221817 0.999997 0.000552317 -0.00464678 -0.00597945 -0.000539044 0.999982 -0.779564 
0.999958 -0.00744377 0.00542057 0.0252743 0.00744918 0.999972 -0.000981823 -0.0170438 -0.00541312 0.00102216 0.999985 -0.769302 
0.999972 -0.00579179 0.00475049 0.024334 0.00578686 0.999983 0.00105266 0.000155687 -0.00475654 -0.00102516 0.999988 -0.763855 
0.999988 -0.000632979 0.00480637 0.0143929 0.000616521 0.999994 0.00342483 -0.00271201 -0.00480855 -0.00342182 0.999983 -0.752754 
0.999985 -0.00266788 0.00482917 0.0163803 0.00265088 0.99999 0.00352553 0.00988722 -0.00483859 -0.00351267 0.999982 -0.756142 
0.999987 -0.00294112 0.00401175 0.0160236 0.00293398 0.999994 0.00178353 0.00923109 -0.004017 -0.00177174 0.99999 -0.724716 
0.99999 -0.000794819 0.00453824 0.0139713 0.000805167 0.999997 -0.00227958 0.0135798 -0.00453633 0.00228321 0.999987 -0.736427 
0.999988 0.00147199 0.00467455 0.00561333 -0.00145641 0.999993 -0.00333212 0.00878406 -0.0046795 0.00332529 0.999983 -0.73774 
0.999993 -0.000149349 0.00376189 0.0108452 0.000159629 0.999996 -0.00273244 0.0131284 -0.00376141 0.00273302 0.999989 -0.705063 
0.999991 -0.0010206 0.00413877 0.0100117 0.00102692 0.999998 -0.00152541 0.0144689 -0.00413731 0.00152964 0.99999 -0.724251 
0.999992 -0.00131822 0.00384331 0.0124321 0.00131213 0.999998 0.0015892 0.0102522 -0.00384524 -0.00158415 0.999991 -0.670753 
0.999995 0.00120897 0.00303319 0.00643539 -0.00121185 0.999999 0.000944111 0.00431681 -0.00303215 -0.000947794 0.999995 -0.678001 
0.999995 0.00221089 0.00220552 0.0036869 -0.00220882 0.999997 -0.000939854 0.00440753 -0.00220752 0.000934997 0.999997 -0.673676 
0.999996 0.00213195 0.00180092 0.00409508 -0.00213193 0.999998 -1.7642e-05 0.00672495 -0.00180089 1.37892e-05 0.999998 -0.662827 
0.999997 -0.00125828 0.00213382 0.00883675 0.00126014 0.999999 -0.000874002 0.00533903 -0.00213268 0.000876687 0.999997 -0.655045 
0.999997 0.00135261 0.00216711 0.00954056 -0.00135327 0.999999 0.000299271 0.00577331 -0.00216672 -0.000302199 0.999998 -0.646461 
0.999996 -8.54805e-05 0.00298628 0.010397 7.82926e-05 0.999997 0.00240649 0.00827217 -0.00298664 -0.00240625 0.999993 -0.632904 
0.999991 0.00260465 0.00331172 0.0087204 -0.00260683 0.999996 0.000657162 0.008986 -0.00330985 -0.000665799 0.999994 -0.618118 
0.999991 0.00262521 0.00331622 0.00675774 -0.00262725 0.999996 0.000610519 0.0082345 -0.0033147 -0.000619233 0.999994 -0.617142 
0.999989 0.00311208 0.00344312 0.00602531 -0.00311124 0.999995 -0.000249479 0.00126076 -0.00344381 0.000238776 0.999994 -0.60614 
0.999991 0.00179849 0.00378627 0.00247288 -0.00179818 0.999998 -8.78125e-05 -0.00662708 -0.00378636 8.10176e-05 0.999993 -0.600395 
0.999993 0.0012344 0.00355574 0.00275421 -0.00123518 0.999999 0.000216601 -0.00617719 -0.00355554 -0.000221008 0.999994 -0.590088 
0.999992 0.00101285 0.00382674 0.00316906 -0.00101194 1 -0.000237722 -0.00573826 -0.00382689 0.000233859 0.999993 -0.586105 
0.999991 0.00197796 0.00380549 0.0014925 -0.00197995 0.999998 0.000517502 -0.00640225 -0.00380453 -0.000525046 0.999993 -0.579865 
0.99999 -3.23951e-05 0.00447872 0.0041132 2.57269e-05 0.999999 0.00148738 -0.00767255 -0.00447881 -0.00148724 0.999989 -0.5784 
0.999985 0.00239822 0.00482756 0.00205708 -0.00240567 0.999996 0.00153957 -0.00670242 -0.00482377 -0.00155118 0.999987 -0.57991 
0.999982 -0.00190571 0.00564072 0.00385761 0.00188934 0.999994 0.00290721 0.00335145 -0.00564614 -0.00289652 0.99998 -0.576416 
0.999975 -0.0027344 0.00656205 0.00736332 0.00270023 0.999983 0.00520864 0.00233316 -0.0065763 -0.00519078 0.999965 -0.564957 
0.999963 -0.0047638 0.00720665 0.0092659 0.004725 0.999974 0.0053914 -0.000463963 -0.00723219 -0.00535715 0.99996 -0.577759 
0.999963 -0.00429757 0.00752828 0.0102253 0.00426242 0.99998 0.00467998 -0.00496626 -0.00754827 -0.00464772 0.999961 -0.569534 
0.999967 -0.00223697 0.00780234 0.00640869 0.00220731 0.99999 0.00381083 -0.00660467 -0.00781056 -0.00379346 0.999962 -0.578186 
0.999969 -0.0038969 0.00680518 0.00974464 0.00391167 0.99999 -0.00215885 -0.00595093 -0.00679672 0.00218532 0.999974 -0.588531 
0.999959 -0.00575274 0.0069983 0.00753021 0.00578829 0.999971 -0.00506895 0.0036397 -0.00696892 0.00510926 0.999963 -0.602737 
0.999957 -0.00539779 0.00749806 0.00253248 0.00544532 0.999965 -0.00633461 -0.00101972 -0.00746366 0.00637518 0.999952 -0.613235 
0.999956 -0.00558778 0.00750622 0.00512552 0.00563442 0.999965 -0.00620859 0.000189543 -0.00747132 0.00625061 0.999953 -0.624069 
0.999969 -0.00203226 0.00761589 -0.00227857 0.00205874 0.999992 -0.00346992 -0.00356436 -0.0076088 0.00348549 0.999965 -0.631454 
0.999959 -0.0038837 0.00820002 0.00208044 0.00386913 0.999991 0.00179148 -0.00593472 -0.00820681 -0.00175969 0.999965 -0.631424 
0.999966 -0.00313122 0.0075956 0.00432897 0.00311131 0.999992 0.00263209 -0.00870132 -0.00760376 -0.00260834 0.999968 -0.646149 
0.999968 -0.00208797 0.00772879 0.00427319 0.00206729 0.999994 0.00268129 -0.0105948 -0.00773427 -0.00266525 0.999967 -0.656937 
0.999968 -0.00133756 0.00794885 -0.00357127 0.00132657 0.999998 0.001387 -0.0165501 -0.00795069 -0.00137642 0.999967 -0.678299 
0.999964 -0.00254297 0.00806952 -0.000744343 0.00254841 0.999996 -0.000662754 -0.0142992 -0.00806782 0.00068327 0.999967 -0.693817 
0.999952 -0.00522753 0.00831702 0.00324655 0.00523917 0.999985 -0.0013777 -0.00957489 -0.00830969 0.00142123 0.999965 -0.707336 
0.99996 0.000382446 0.00894371 0.00146341 -0.000359534 0.999997 -0.00256477 -0.00239658 -0.00894463 0.00256142 0.999957 -0.722946 
0.999955 0.00080775 0.00944299 -0.00216866 -0.00079042 0.999998 -0.0018342 -0.00415349 -0.00944459 0.00182672 0.999954 -0.733475 
0.999954 -0.000132986 0.00958148 0.00204992 0.000132167 1 8.50367e-05 -0.0169721 -0.00958154 -8.37711e-05 0.999954 -0.743103 
0.999941 -0.00412648 0.0100921 0.00855064 0.00412816 0.999991 -0.000147387 -0.0121186 -0.0100914 0.000189031 0.999949 -0.750366 
0.999949 0.000409576 0.0100783 0.00307465 -0.000419786 0.999999 0.00100976 -0.0187662 -0.0100777 -0.00101395 0.999949 -0.766891 
0.99996 -0.00100681 0.00891611 0.00214386 0.00100495 1 0.000211579 -0.0162332 -0.00891638 -0.000202637 0.99996 -0.781937 
0.999977 0.000586206 0.0067322 -0.00124168 -0.000577468 0.999999 -0.00129649 -0.01982 -0.00673291 0.0012926 0.999977 -0.796082 
0.999988 0.00119822 0.00471997 -0.0030632 -0.00119401 0.999999 -0.000900363 -0.015281 -0.00472099 0.000894692 0.999989 -0.808029 
0.999981 0.00425466 0.00451893 -0.00894737 -0.0042552 0.999991 0.000113837 -0.0255523 -0.00451851 -0.000133065 0.99999 -0.837509 
0.999976 0.005714 0.00392139 -0.0117836 -0.00571458 0.999984 0.000134693 -0.0194242 -0.00392058 -0.000157119 0.999992 -0.808212 
0.999958 0.00811444 0.00431934 -0.0164289 -0.00810561 0.999965 -0.00206062 -0.0180264 -0.00433591 0.00202552 0.999988 -0.853424 
0.999973 0.00596593 0.0042246 -0.0120182 -0.00595619 0.99998 -0.00231583 -0.0180044 -0.00423834 0.00229059 0.999988 -0.85939 
0.999973 0.0059862 0.004168 -0.0156651 -0.00597649 0.999979 -0.00233782 -0.0158077 -0.00418192 0.00231284 0.999989 -0.850845 
0.99999 0.000517714 0.00440374 -0.00639725 -0.000513055 0.999999 -0.00105889 -0.0143638 -0.00440431 0.00105661 0.99999 -0.866028 
0.999991 -0.000523947 0.0041464 -0.00408173 0.000516601 0.999998 0.00177137 -0.0142695 -0.00414732 -0.00176918 0.99999 -0.864594 
0.999972 -0.00549151 0.00498322 0.0037384 0.00548569 0.999984 0.0011831 -0.016441 -0.0049895 -0.00115574 0.999987 -0.894333 
0.999978 -0.00519884 0.00411654 0.00595856 0.00519938 0.999986 -0.000124792 -0.0143337 -0.00411582 0.000146195 0.999992 -0.869614 
0.999991 -0.000688809 0.00406733 -0.000314713 0.000709378 0.999987 -0.00505832 -0.0103507 -0.00406387 0.00506116 0.999979 -0.892014 
0.999984 -0.00233024 0.00504473 0.00117111 0.00236101 0.999978 -0.00610311 -0.01042 -0.00503036 0.00611493 0.999969 -0.901031 
0.999988 0.000647795 0.00475836 -0.00150299 -0.000616135 0.999978 -0.00665328 -0.00550991 -0.00476247 0.00665027 0.999967 -0.904129 
0.999976 0.00308564 0.00614566 -0.00264359 -0.00306695 0.999991 -0.00304936 -0.00356662 -0.00615504 0.00303044 0.999977 -0.90123 
0.999964 0.00590341 0.0060792 -0.00919724 -0.00591497 0.999981 0.00188525 -0.00590062 -0.00606805 -0.00192114 0.99998 -0.904129 
0.999915 0.0111387 0.00674507 -0.00726509 -0.0111837 0.999915 0.00667007 -0.00333908 -0.00667021 -0.00674494 0.999955 -0.896713 
0.999955 0.00622043 0.00722671 -0.00813866 -0.00628339 0.999942 0.00872164 -0.00815141 -0.00717202 -0.00876665 0.999936 -0.918472 
0.999965 0.00316377 0.00780255 0.00034523 -0.00318877 0.99999 0.00319448 -0.00884616 -0.00779238 -0.00321927 0.999964 -0.8965 
0.999963 0.00308834 0.00806287 -0.00303459 -0.00306756 0.999992 -0.00258971 -0.00302196 -0.00807077 0.00256489 0.999964 -0.922287 
0.999953 0.00513372 0.00824669 -0.00485802 -0.00510131 0.999979 -0.00394382 -0.00219642 -0.00826672 0.00390156 0.999958 -0.927963 
0.999961 0.00469464 0.0074797 -0.00368309 -0.0047062 0.999988 0.00152684 -0.0105149 -0.00747249 -0.00156199 0.999971 -0.925903 
0.999974 0.00285624 0.00657865 -0.00313187 -0.00288821 0.999984 0.00485568 -0.0170143 -0.0065648 -0.00487456 0.999967 -0.927261 
0.999985 -0.00070034 0.00542954 0.00162888 0.000682989 0.999995 0.0031951 -0.0154084 -0.00543165 -0.00319135 0.99998 -0.929153 
0.999986 0.00270846 0.0045203 -0.0045433 -0.00269486 0.999992 -0.0030084 -0.00951922 -0.00452846 0.00299615 0.999985 -0.940323 
0.999988 0.0034724 0.00338864 -0.00782394 -0.00345921 0.999986 -0.00389075 -0.00612688 -0.00340208 0.003879 0.999987 -0.940826 
0.999993 0.00326089 0.00189635 -0.00851822 -0.0032564 0.999992 -0.00236713 -0.00471285 -0.0019041 0.00236091 0.999995 -0.960617 
0.999994 0.00346755 0.000676692 -0.0057373 -0.00346569 0.99999 -0.00273767 -0.00714141 -0.000686198 0.00273532 0.999996 -0.923935 
1 -7.96523e-05 0.00040704 -0.00315857 8.02688e-05 0.999999 -0.00151451 -0.00569069 -0.000406891 0.00151454 0.999999 -0.943619 
0.999999 -0.00122299 -0.000192493 -0.00192642 0.00122279 0.999999 -0.00104009 -0.00605464 0.000193745 0.00103985 1 -0.945023 
0.999998 -0.00169665 -0.000690728 -0.00257111 0.00169777 0.999997 0.00160575 -0.00610149 0.000687987 -0.00160693 0.999998 -0.950989 
0.999991 -0.00396029 -0.0018267 -0.00202179 0.00396382 0.99999 0.00193636 -0.00989965 0.00181898 -0.00194358 0.999996 -0.966415 
0.99999 -0.003619 -0.00260803 -0.00304031 0.00362185 0.999993 0.00108826 -0.0105117 0.00260413 -0.0010977 0.999996 -0.924118 
0.999986 -0.00459003 -0.00268921 -0.00167847 0.00458875 0.999989 -0.000490168 -0.00827843 0.00269151 0.000477821 0.999996 -0.936249 
0.999992 -0.00211167 -0.00344443 -0.00453186 0.00210838 0.999997 -0.000956077 -0.00930594 0.00344637 0.000948818 0.999994 -0.95372 
0.999994 -0.00100848 -0.00338277 -0.00575829 0.00100461 0.999999 -0.00114457 -0.00524443 0.00338396 0.00114115 0.999994 -0.93988 
