1 -1.82283e-10 5.24111e-10 -5.55112e-17 -1.82283e-10 1 -5.07285e-10 -3.33067e-16 5.24111e-10 -5.07285e-10 1 2.22045e-16 
0.999999 0.000712213 0.00153351 -0.011011 -0.000705572 0.99999 -0.00432704 -0.0171216 -0.00153658 0.00432595 0.99999 0.961713 
0.999998 -0.00209755 0.000596392 -0.00745302 0.00209809 0.999997 -0.000895821 -0.0117574 -0.000594512 0.000897071 0.999999 0.963222 
0.999999 -0.00148209 7.37058e-05 -0.0161579 0.00148176 0.99999 0.00431199 -0.0253233 -8.00944e-05 -0.00431187 0.999991 0.963282 
0.999999 -0.00148892 -0.000751441 -0.0157584 0.00149375 0.999978 0.00645974 -0.0306975 0.000741806 -0.00646085 0.999979 0.960255 
0.999989 -0.00442383 -0.00138149 -0.0102543 0.00442261 0.99999 -0.000880775 -0.0324509 0.00138538 0.000874654 0.999999 0.958061 
0.999996 -0.00274081 -0.001069 -0.0114962 0.00273754 0.999992 -0.00304206 -0.0268974 0.00107733 0.00303912 0.999995 0.932292 
1 -0.000564343 -0.000834469 -0.0100288 0.000561788 0.999995 -0.00306207 -0.0100894 0.000836194 0.00306159 0.999995 0.937432 
1 0.000627094 -0.000812084 -0.0124262 -0.000627622 1 -0.000642558 -0.0128041 0.000811681 0.000643068 0.999999 0.929805 
0.999999 0.000652015 -0.000924272 -0.00963267 -0.000649878 0.999997 0.00231787 -0.00920856 0.00092578 -0.00231727 0.999997 0.929379 
1 6.78592e-05 -0.000674194 -0.00960984 -6.5871e-05 0.999996 0.00293498 -0.00749332 0.000674391 -0.00293494 0.999995 0.93042 
1 -0.000164266 -0.000987505 -0.00958462 0.000165567 0.999999 0.00132006 -0.00782175 0.000987288 -0.00132022 0.999999 0.92308 
0.999999 -0.00156169 -0.000606321 -0.00977571 0.00156209 0.999999 0.00066262 -0.0121921 0.000605284 -0.000663567 1 0.950619 
1 -0.000167145 -0.000959514 -0.00775306 0.000167053 1 -9.90373e-05 -0.0202406 0.000959531 9.88781e-05 1 0.883897 
1 -0.000230994 -0.00069454 -0.0085291 0.000229908 0.999999 -0.00156991 -0.0243445 0.000694901 0.00156975 0.999998 0.909767 
0.999999 -0.000476992 -0.00156212 -0.00914041 0.000473551 0.999997 -0.00219694 -0.0277337 0.00156316 0.0021962 0.999996 0.908112 
0.999998 -0.00131007 -0.00150256 -0.00643419 0.00130816 0.999998 -0.00126124 -0.0167857 0.00150422 0.00125927 0.999998 0.904235 
0.999999 0.000365957 -0.0016744 -0.00831757 -0.000366844 1 -0.000533673 -0.00883883 0.0016742 0.000534286 0.999999 0.900887 
0.999998 0.00129632 -0.00146354 -0.00894308 -0.00129763 0.999999 -0.000886856 -0.00752965 0.00146239 0.000888752 0.999998 0.896998 
0.999998 0.00144579 -0.00172531 -0.00602161 -0.00144586 0.999999 -4.18671e-05 -0.00340503 0.00172525 4.43617e-05 0.999999 0.89192 
0.999999 -0.000555218 -0.00154623 -0.00457555 0.000556719 0.999999 0.000972868 -0.00465146 0.0015457 -0.000973727 0.999998 0.892183 
0.999999 0.000628843 -0.00132085 -0.00575651 -0.000626987 0.999999 0.00140102 -0.00876307 0.00132173 -0.00140019 0.999998 0.887579 
0.999999 0.000155023 -0.00149913 -0.00490062 -0.000154505 1 0.000349742 -0.0104144 0.00149918 -0.000349511 0.999999 0.880817 
0.999998 -0.00114433 -0.00173554 -0.0016798 0.00114425 0.999999 -5.04302e-05 0.000759363 0.0017356 4.84452e-05 0.999999 0.874325 
0.999999 -0.000206778 -0.00160305 0.000483081 0.000205788 1 -0.000616723 0.000683099 0.00160317 0.000616392 0.999999 0.869223 
0.999999 6.31674e-05 -0.00101828 -0.000806212 -6.26848e-05 1 0.000471075 0.00301445 0.00101831 -0.00047101 0.999999 0.863213 
0.999999 0.000199085 -0.00102824 -0.00014545 -0.000197061 0.999998 0.00197037 0.000616789 0.00102863 -0.00197016 0.999998 0.857094 
0.999999 -0.00134361 -0.000788769 0.00284877 0.00134588 0.999995 0.00286424 -0.000489682 0.000784909 -0.0028653 0.999996 0.857903 
1 0.000326203 -0.000668535 0.00561225 -0.000325299 0.999999 0.0013618 0.00357699 0.000668975 -0.00136158 0.999999 0.826916 
1 0.000483548 -0.000777626 0.00263445 -0.000484473 0.999999 -0.00118294 0.00112191 0.000777055 0.00118332 0.999999 0.82428 
0.999999 0.00147092 -0.000792148 0.000685632 -0.00147308 0.999995 -0.00274395 0.00109971 0.000788113 0.00274511 0.999996 0.814468 
0.999999 0.000552153 -0.000795171 -0.000109553 -0.000553421 0.999999 -0.00159546 -0.00275087 0.000794293 0.0015959 0.999998 0.796913 
0.999999 0.000732251 -0.000945464 -0.000194818 -0.000732683 1 -0.000452958 -0.00598148 0.000945138 0.00045365 0.999999 0.792931 
0.999999 -0.000208375 -0.00141435 0.000432044 0.000207813 1 -0.000395838 -0.00550389 0.00141442 0.000395543 0.999999 0.785469 
0.999998 0.000323428 -0.00187282 0.00086844 -0.000324558 1 -0.000602977 0.000165373 0.00187264 0.000603584 0.999998 0.772291 
0.999998 -7.74425e-06 -0.00185173 0.00292596 7.07192e-06 1 -0.000367113 0.0131828 0.00185173 0.000367099 0.999998 0.76693 
0.999998 -0.000354936 -0.00204867 0.00051713 0.000357284 0.999999 0.00114742 0.00473061 0.00204825 -0.00114814 0.999997 0.760506 
0.999998 -8.61688e-05 -0.00193629 0.000139117 9.13221e-05 0.999997 0.00266328 -0.00149527 0.00193606 -0.00266345 0.999995 0.744646 
0.999998 0.00071591 -0.00182983 -0.00340766 -0.000713571 0.999999 0.00127859 -0.00774971 0.00183073 -0.00127728 0.999997 0.738121 
0.999997 0.00145443 -0.00194336 -0.00785285 -0.0014539 0.999999 0.000272418 -0.010019 0.00194376 -0.000269592 0.999998 0.728264 
0.999995 0.00268074 -0.00182123 -0.00883287 -0.00268228 0.999996 -0.000844383 -0.00657216 0.00181897 0.000849263 0.999998 0.742283 
0.999997 0.0015317 -0.00176371 -0.00771022 -0.00153314 0.999998 -0.000815762 -0.0027962 0.00176246 0.000818464 0.999998 0.690666 
0.999999 0.000408637 -0.0015076 -0.00417382 -0.000406481 0.999999 0.0014293 0.00565505 0.00150818 -0.00142868 0.999998 0.693523 
0.999999 0.00110567 -0.0010369 -0.00245756 -0.00110403 0.999998 0.00158712 0.005824 0.00103865 -0.00158598 0.999998 0.688591 
0.999996 0.00299524 6.93053e-05 -0.0068779 -0.0029953 0.999995 0.000739654 -0.00248808 -6.70888e-05 -0.000739858 1 0.676983 
0.999994 0.0032477 0.00107284 -0.0052954 -0.00324547 0.999993 -0.00207475 0.00302023 -0.00107956 0.00207126 0.999997 0.663116 
0.999997 0.00176522 0.00178692 0.000653684 -0.00175925 0.999993 -0.00333901 0.00783128 -0.00179281 0.00333586 0.999993 0.653069 
0.999998 0.000452938 0.0021597 0.00151968 -0.000448634 0.999998 -0.00199338 0.00445068 -0.0021606 0.00199241 0.999996 0.637688 
0.999995 0.00117588 0.00305374 -0.000937343 -0.0011787 0.999999 0.000921454 0.00469606 -0.00305266 -0.000925049 0.999995 0.637501 
0.999982 0.00492045 0.00352876 -0.00504154 -0.00493181 0.999983 0.00321761 -0.00170723 -0.00351286 -0.00323495 0.999989 0.650097 
0.999984 0.00430104 0.00378299 -0.00558758 -0.00431539 0.999983 0.00379376 -0.00206533 -0.00376662 -0.00381002 0.999986 0.605911 
0.999979 0.00487251 0.00430749 -0.00446784 -0.00487646 0.999988 0.000907477 -0.00268143 -0.004303 -0.000928463 0.99999 0.599262 
0.999979 0.00369932 0.00538572 -0.00303619 -0.00370059 0.999993 0.000226708 -0.00106454 -0.00538485 -0.000246634 0.999985 0.585148 
0.999977 0.0036402 0.00575759 -0.00220741 -0.0036526 0.999991 0.00214371 -0.00152141 -0.00574972 -0.00216468 0.999981 0.568779 
0.999965 0.00498811 0.00670642 -0.00332326 -0.00499927 0.999986 0.00164964 -0.00455785 -0.00669811 -0.00168311 0.999976 0.548271 
0.999969 0.00329187 0.00715297 -0.00104934 -0.00328902 0.999995 -0.000410389 -0.00640535 -0.00715427 0.000386851 0.999974 0.527088 
0.999967 0.00349819 0.0073142 0.000647128 -0.00350307 0.999994 0.00065699 -0.00528347 -0.00731185 -0.000682592 0.999973 0.507553 
0.999962 0.00444265 0.00756418 -0.00155938 -0.00444134 0.99999 -0.00018919 0.000287473 -0.00756495 0.000155595 0.999971 0.483456 
0.99996 0.00435234 0.00784834 -0.00186336 -0.00433181 0.999987 -0.00263148 0.000151336 -0.00785969 0.00259737 0.999966 0.464043 
0.999966 0.00168253 0.00811188 0.000334263 -0.00165878 0.999994 -0.00293442 -0.00549912 -0.00811678 0.00292087 0.999963 0.439529 
0.999968 0.000480672 0.00793821 0.00318813 -0.000486782 1 0.000768022 -0.00295132 -0.00793783 -0.000771862 0.999968 0.421886 
0.99997 -0.000459603 0.00771866 0.00707316 0.000446165 0.999998 0.00174278 -0.00311136 -0.00771945 -0.00173929 0.999969 0.397507 
0.999966 0.00180139 0.00805825 0.00531864 -0.00181166 0.999998 0.00126592 -0.00173074 -0.00805596 -0.00128048 0.999967 0.372437 
0.999952 0.00347681 0.00916759 0.00223851 -0.00348067 0.999994 0.000404452 -0.00206548 -0.00916612 -0.000436341 0.999958 0.363323 
0.999953 0.00465595 0.00848844 -7.00951e-05 -0.00465609 0.999989 -4.00189e-06 -0.00388008 -0.00848837 -3.55178e-05 0.999964 0.311592 
0.999952 0.00363969 0.00906905 0.00338936 -0.00364612 0.999993 0.000693211 -0.005759 -0.00906646 -0.000726243 0.999959 0.299107 
0.999957 -0.000483241 0.00929939 0.00933456 0.000474319 0.999999 0.000961254 -0.0101418 -0.00929985 -0.000956801 0.999956 0.275661 
0.99994 -0.00117169 0.0108546 0.0106883 0.00118593 0.999998 -0.00130454 -0.00872892 -0.0108531 0.00131732 0.99994 0.267494 
0.999923 -0.00166698 0.0122709 0.0113263 0.00171579 0.999991 -0.00396791 -0.00743443 -0.0122642 0.00398867 0.999917 0.261272 
0.999908 0.000591146 0.0135416 0.0113358 -0.000544061 0.999994 -0.0034799 -0.00524962 -0.0135436 0.00347221 0.999902 0.259544 
0.999873 0.00172902 0.0158251 0.00993872 -0.00171368 0.999998 -0.000983618 -0.0054915 -0.0158268 0.000956372 0.999874 0.257816 
0.99985 0.00197345 0.0171996 0.0118904 -0.00197067 0.999998 -0.000178066 -0.00318328 -0.0171998 0.000144149 0.999852 0.2668 
0.999865 0.000383831 0.0164659 0.013731 -0.000380983 1 -0.000177603 -0.00283596 -0.016466 0.000171297 0.999865 0.241482 
0.999828 -0.000749166 0.018527 0.0180378 0.000748919 1 2.0378e-05 -0.00186908 -0.018527 -6.50273e-06 0.999828 0.251217 
0.999792 -0.000775983 0.02036 0.0197678 0.000758403 0.999999 0.00087111 -0.00177023 -0.0203608 -0.000855485 0.999793 0.255104 
0.999798 0.000493321 0.0200687 0.01756 -0.000493237 1 -9.21683e-06 -0.000941813 -0.0200687 -6.83358e-07 0.999799 0.238911 
0.999756 0.00192203 0.0219857 0.0174217 -0.00189951 0.999998 -0.00104509 -0.000952959 -0.0219877 0.00100307 0.999758 0.248615 
0.999721 0.00119778 0.0235986 0.0199566 -0.00118264 0.999999 -0.000655298 -0.00141966 -0.0235994 0.000627213 0.999721 0.249107 
0.999672 0.00150374 0.0255889 0.0219727 -0.00152035 0.999999 0.000629992 -0.00202674 -0.0255879 -0.000668692 0.999672 0.254364 
0.999626 0.00334992 0.0271627 0.0208378 -0.00337462 0.999994 0.000863824 -0.00274277 -0.0271596 -0.000955165 0.999631 0.256931 
0.999557 0.00285769 0.029639 0.0231533 -0.00288297 0.999996 0.000810559 -0.0034554 -0.0296366 -0.000895646 0.99956 0.26305 
0.99954 0.00100833 0.0303093 0.027647 -0.00103394 0.999999 0.000829683 -0.00355905 -0.0303085 -0.000860647 0.99954 0.255009 
0.999468 -0.00194318 0.0325636 0.0354385 0.00193651 0.999998 0.000236493 -0.00176698 -0.0325639 -0.000173304 0.99947 0.25893 
0.99934 -0.00307556 0.0361973 0.0407047 0.0030927 0.999995 -0.000417756 -0.000145018 -0.0361958 0.000529426 0.999345 0.264336 
0.999281 -0.00127889 0.037905 0.0392971 0.00135536 0.999997 -0.00199193 0.000472486 -0.0379023 0.00204187 0.999279 0.264507 
0.99921 0.000729484 0.0397261 0.0393581 -0.000618326 0.999996 -0.00281013 0.00131309 -0.039728 0.00278335 0.999207 0.269958 
0.999127 0.00149137 0.0417572 0.0395622 -0.00140853 0.999997 -0.00201317 0.00207773 -0.04176 0.0019526 0.999126 0.285255 
0.999031 0.00313609 0.0439105 0.0389576 -0.0030869 0.999994 -0.00118821 0.00241873 -0.043914 0.0010515 0.999035 0.298328 
0.998977 0.00518117 0.044924 0.039608 -0.00517971 0.999987 -0.000149049 0.000487566 -0.0449242 -8.37902e-05 0.99899 0.301357 
0.998894 0.00590627 0.0466528 0.0373955 -0.00591249 0.999983 -4.98234e-06 0.00148493 -0.046652 -0.000270866 0.998911 0.32457 
0.998788 0.00201406 0.0491864 0.0462685 -0.0020437 0.999998 0.000552364 0.00255847 -0.0491852 -0.000652225 0.99879 0.339642 
0.998668 -0.000495134 0.0515974 0.0593224 0.000351762 0.999996 0.00278743 0.0103428 -0.0515985 -0.00276557 0.998664 0.354725 
0.99862 -0.000152935 0.0525135 0.0640373 6.72908e-05 0.999999 0.00163231 0.0251656 -0.0525136 -0.00162654 0.998619 0.38311 
0.998481 0.00110938 0.0550916 0.0654144 -0.00117752 0.999998 0.00120461 0.0210252 -0.0550903 -0.00126763 0.998481 0.393475 
0.998436 -0.000315294 0.0559094 0.0624771 0.000323948 1 -0.000145836 0.0316556 -0.0559093 0.000163714 0.998436 0.403862 
0.998384 0.000874998 0.0568155 0.060833 -0.000978412 0.999998 0.00179267 0.0231725 -0.0568137 -0.00184536 0.998383 0.422985 
0.998447 0.00151337 0.055692 0.0645676 -0.00169256 0.999994 0.00317001 0.0260639 -0.055687 -0.00325937 0.998443 0.433859 
0.998457 0.0034158 0.0554272 0.0683289 -0.00362582 0.999987 0.00368887 0.00729501 -0.0554137 -0.00388415 0.998456 0.452538 
0.998542 0.00631601 0.0536026 0.0602341 -0.00647017 0.999976 0.00270291 0.00919557 -0.0535844 -0.0030458 0.998559 0.459566 
0.998618 0.000596439 0.0525459 0.0718498 -0.000560198 1 -0.00070446 0.00871921 -0.0525462 0.000674058 0.998618 0.468739 
0.998745 -0.00742706 0.0495283 0.0745316 0.00731752 0.99997 0.00239259 0.00516021 -0.0495446 -0.00202717 0.99877 0.483812 
0.998893 -0.01077 0.0457862 0.0820236 0.0106423 0.999939 0.00303292 0.00618637 -0.045816 -0.00254229 0.998947 0.500088 
0.998995 -0.00587094 0.0444284 0.0706329 0.00585402 0.999983 0.000510889 0.00995553 -0.0444307 -0.000250289 0.999012 0.52174 
0.999266 -0.00137169 0.0382846 0.0570984 0.00149143 0.999994 -0.00309912 0.00651568 -0.03828 0.00315396 0.999262 0.512802 
0.999442 -0.00658018 0.0327621 0.0588951 0.00660014 0.999978 -0.000501289 -0.00371492 -0.0327581 0.000717251 0.999463 0.530898 
0.999555 -0.00461006 0.0294832 0.0425262 0.00457023 0.999989 0.00141815 -0.0096949 -0.0294895 -0.00128278 0.999564 0.551715 
0.99967 -0.00514717 0.0251853 0.0383415 0.00510009 0.999985 0.00193356 -0.00011575 -0.0251949 -0.00180449 0.999681 0.56551 
0.999794 -0.00408033 0.0198907 0.0251083 0.00408837 0.999992 -0.000363305 -0.00421831 -0.0198891 0.000444569 0.999802 0.577833 
0.999875 -0.00209935 0.015697 0.0208778 0.00212828 0.999996 -0.00182668 -0.0048719 -0.0156931 0.00185985 0.999875 0.582906 
0.999909 0.000337825 0.0134719 0.0127068 -0.000344054 1 0.000459913 -0.00286752 -0.0134718 -0.000464519 0.999909 0.605985 
0.999934 0.000412166 0.0114737 0.00332642 -0.000404396 1 -0.000679667 -0.00728816 -0.011474 0.000674989 0.999934 0.601829 
0.999952 -0.00414697 0.00893861 0.0112953 0.00417719 0.999986 -0.00336411 -0.0153787 -0.00892453 0.00340128 0.999954 0.620167 
0.999969 -0.00410129 0.00675448 0.0230141 0.00411387 0.99999 -0.00185074 -0.0160887 -0.00674681 0.00187846 0.999976 0.631063 
0.999989 0.000131071 0.00469105 0.0117569 -0.000135284 1 0.000897926 -0.00298262 -0.00469093 -0.000898535 0.999989 0.639964 
0.99999 0.00265225 0.00360887 0.00163269 -0.00266065 0.999994 0.00232443 -0.00103199 -0.00360269 -0.00233401 0.999991 0.654983 
0.999994 0.00239501 0.00239817 0.00402832 -0.00241289 0.999969 0.00747704 -0.0045585 -0.00238019 -0.00748278 0.999969 0.66297 
0.999998 -0.00131203 0.00141401 0.0141602 0.00130365 0.999982 0.0059133 -0.00436461 -0.00142174 -0.00591143 0.999982 0.68217 
0.999996 -0.00260064 0.00060612 0.0184517 0.0025993 0.999994 0.00220769 -0.00901067 -0.000611853 -0.00220611 0.999997 0.687505 
0.999995 -0.00316932 -0.000125676 0.013588 0.00316903 0.999992 -0.00226716 -0.0124852 0.000132855 0.00226673 0.999997 0.691893 
0.999999 -0.00127089 -0.000581071 0.0128822 0.00126616 0.999967 -0.00806301 -0.00493979 0.000591304 0.00806227 0.999967 0.697688 
0.999998 -0.000777692 -0.00213507 0.00672913 0.000760965 0.999969 -0.00782158 0.00649202 0.0021411 0.00781992 0.999967 0.703967 
0.999997 -0.00154274 -0.00206892 0.00561905 0.0015398 0.999998 -0.00142266 0.0101618 0.00207111 0.00141948 0.999997 0.721758 
0.999997 0.000965109 -0.00210732 0.00537491 -0.000954563 0.999987 0.004995 0.00766659 0.0021121 -0.00499298 0.999985 0.738914 
0.999997 0.000278769 -0.00248837 0.00355911 -0.000259951 0.999972 0.00756195 -0.00158286 0.00249041 -0.00756129 0.999968 0.739056 
0.999994 0.00213168 -0.00278749 0.00205994 -0.00212974 0.999997 0.000694249 -0.00240815 0.00278896 -0.000688293 0.999996 0.736502 
0.999962 -0.00825963 -0.00285664 0.0153351 0.00824369 0.999951 -0.00554862 0.000290453 0.00290234 0.00552487 0.999981 0.727631 
0.999992 -0.00229499 -0.00331453 0.0119667 0.00227726 0.999983 -0.00534098 0.00328124 0.00332673 0.00533337 0.99998 0.730492 
0.999975 0.00659076 -0.00263427 -0.00789642 -0.00659202 0.999978 -0.000472382 0.00359476 0.0026311 0.00048973 0.999996 0.737921 
0.999988 0.00335388 -0.00347071 -0.00705338 -0.00334512 0.999991 0.00252602 -0.00215328 0.00347915 -0.00251438 0.999991 0.731014 
0.999982 -0.0039732 -0.00446157 0.00866699 0.00399834 0.999976 0.00563865 -0.00677598 0.00443906 -0.00565641 0.999974 0.743692 
0.999982 -0.00517617 -0.00298416 0.0159874 0.00516862 0.999983 -0.00253392 -0.00397801 0.00299723 0.00251846 0.999992 0.740318 
0.999995 0.000319377 -0.00314319 -0.000835419 -0.000331931 0.999992 -0.00399266 -0.000832438 0.00314189 0.00399366 0.999987 0.725199 
0.999988 0.00321187 -0.00372102 -0.0112686 -0.00321691 0.999994 -0.00134942 -0.000184298 0.00371667 0.00136139 0.999992 0.735012 
0.999992 0.000778079 -0.00388984 -0.0147057 -0.000773065 0.999999 0.00129084 0.0016439 0.00389084 -0.00128779 0.999992 0.738876 
0.999983 -0.00466569 -0.00360316 -0.00299454 0.00467522 0.999986 0.00264223 -0.00441301 0.00359077 -0.00265903 0.99999 0.741581 
0.999981 -0.00485623 -0.00368509 -0.00507355 0.00485693 0.999988 0.000177722 -0.00980115 0.00368419 -0.000195622 0.999993 0.736172 
0.999989 -0.00306872 -0.00341501 -0.0015831 0.00306495 0.999995 -0.00110935 -0.0029763 0.0034184 0.00109888 0.999994 0.736834 
0.999996 -0.000341296 -0.00272574 -0.000770569 0.000340488 1 -0.000298371 0.00156593 0.00272584 0.00029743 0.999996 0.735914 
0.999992 -0.00190988 -0.00341934 0.00291824 0.00191369 0.999998 0.00111273 0.00378275 0.00341721 -0.00111925 0.999994 0.741055 
0.999992 -0.00171574 -0.00359665 0.00455856 0.00172178 0.999997 0.00167442 0.00202155 0.00359377 -0.00168063 0.999992 0.742558 
0.999995 0.000871535 -0.00292675 -0.0018959 -0.000874925 0.999999 -0.00115795 0.0105903 0.00292574 0.0011605 0.999995 0.740078 
0.999991 0.00258731 -0.00325128 -0.00561142 -0.00259157 0.999996 -0.00130308 0.0125303 0.00324789 0.00131149 0.999994 0.744003 
0.999994 -0.0020626 -0.00274067 -0.000709534 0.00206212 0.999998 -0.000180981 0.0118825 0.00274104 0.000175337 0.999996 0.745186 
0.999992 0.0024759 -0.0029516 -0.0058136 -0.00247432 0.999997 0.000538424 0.00787973 0.00295293 -0.000531122 0.999996 0.749565 
0.999997 0.000926662 -0.00209828 -0.00637054 -0.000928458 0.999999 -0.000856371 0.010278 0.00209748 0.000858327 0.999997 0.746201 
0.999988 0.00359653 -0.00338854 -0.00762177 -0.00359434 0.999993 0.000654916 0.00655174 0.00339087 -0.00064275 0.999994 0.7579 
0.999994 0.000949729 -0.00344115 -0.00447464 -0.000956777 0.999997 -0.00204987 0.00433469 0.0034392 0.00205314 0.999992 0.755764 
0.999994 0.00072616 -0.00327589 -0.00305176 -0.000740074 0.999991 -0.0042475 0.00183713 0.00327278 0.0042499 0.999986 0.756847 
0.999994 9.39928e-05 -0.00339757 -0.00259399 -9.87239e-05 0.999999 -0.00138852 0.00542235 0.00339743 0.00138884 0.999993 0.764156 
0.999979 0.00543896 -0.00350479 -0.0101852 -0.00544747 0.999982 -0.00241924 0.0121286 0.00349157 0.00243828 0.999991 0.767616 
0.999989 0.00374888 -0.00290201 -0.00982666 -0.00374454 0.999992 0.00150101 0.0141892 0.00290761 -0.00149013 0.999995 0.775585 
0.999991 -0.00245677 -0.00348711 -0.000900269 0.00245446 0.999997 -0.000665103 0.00744176 0.00348875 0.000656546 0.999994 0.779648 
0.999992 0.000239976 -0.0040914 -0.00235748 -0.0002438 1 -0.000936016 0.0097971 0.00409117 0.000937011 0.999991 0.780876 
0.999984 0.00420094 -0.00384264 -0.00908279 -0.00420368 0.999991 -0.000705403 0.0135216 0.00383965 0.00072154 0.999992 0.788177 
0.999991 7.38166e-06 -0.00417247 -0.00427628 -2.80514e-06 0.999999 0.00109875 0.0118932 0.00417247 -0.00109871 0.999991 0.795071 
0.999987 -0.000273973 -0.00502251 -0.00393295 0.000282286 0.999999 0.00165473 0.0151979 0.00502205 -0.00165614 0.999986 0.811935 
0.999982 0.00299227 -0.00511414 -0.0103188 -0.00301501 0.999986 -0.00444444 0.00900114 0.00510076 0.00445979 0.999977 0.781147 
0.99998 0.000993716 -0.00622105 -0.00982285 -0.00105135 0.999956 -0.00926707 0.0191288 0.00621157 0.00927343 0.999938 0.795906 
0.99997 0.00105854 -0.00765873 -0.00988007 -0.00109117 0.99999 -0.00425791 0.0192342 0.00765415 0.00426617 0.999962 0.809498 
0.999966 0.00327155 -0.00759515 -0.0146446 -0.00328727 0.999992 -0.00205678 0.0187323 0.00758833 0.00208159 0.999969 0.822613 
0.999968 0.00320755 -0.00731446 -0.0150108 -0.00318849 0.999992 0.00261677 0.0150332 0.00732282 -0.00259332 0.99997 0.800865 
0.99997 -0.000474822 -0.00769708 -0.010746 0.000489078 0.999998 0.00184937 0.0124609 0.00769619 -0.00185308 0.999969 0.822357 
0.999974 -0.000568243 -0.00724151 -0.00863647 0.000589427 0.999996 0.00292337 0.0154698 0.00723984 -0.00292759 0.999969 0.823574 
0.999969 0.00158416 -0.00770056 -0.0119362 -0.00153482 0.999978 0.00641065 0.0135829 0.00771047 -0.00639863 0.99995 0.827198 
0.999972 0.00154916 -0.00735214 -0.0137444 -0.00149714 0.999974 0.00707464 0.0159185 0.00736296 -0.00706345 0.999948 0.822655 
0.99997 -5.88922e-05 -0.00776476 -0.00870514 8.77306e-05 0.999993 0.0037136 0.00575614 0.0077645 -0.00371416 0.999963 0.833595 
0.999974 -0.000797395 -0.00711501 -0.00608063 0.00077471 0.999995 -0.00318988 0.00675035 0.00711748 0.00318428 0.99997 0.796909 
0.999983 -0.000639307 -0.00576833 -0.00761414 0.000604624 0.999982 -0.00601327 0.00996453 0.00577205 0.00600967 0.999965 0.801105 
0.999986 0.000452528 -0.00529899 -0.00669479 -0.000476565 0.99999 -0.00453493 0.0100919 0.0052969 0.00453738 0.999976 0.795895 
0.999986 0.00167475 -0.00495599 -0.00679779 -0.00168492 0.999996 -0.00204842 0.0100459 0.00495252 0.00205676 0.999986 0.776115 
0.999983 0.00134631 -0.00562809 -0.00503159 -0.00134207 0.999999 0.000758182 0.0125947 0.00562906 -0.000750616 0.999984 0.781433 
0.999978 -0.0041565 -0.00513546 0.00205612 0.00417037 0.999988 0.00269213 0.0157859 0.0051242 -0.0027135 0.999983 0.789566 
0.999989 -0.00137731 -0.00444891 -0.000984192 0.00140311 0.999982 0.00579911 0.0123776 0.0044409 -0.00580529 0.999973 0.759094 
0.999992 0.00218355 -0.00321706 -0.00557709 -0.00215762 0.999965 0.00804571 0.0137693 0.00323448 -0.0080387 0.999962 0.764229 
0.99999 0.00294694 -0.00338802 -0.00731659 -0.00293562 0.99999 0.00334108 0.00620753 0.00339782 -0.0033311 0.999989 0.756844 
0.999993 0.0014265 -0.00336388 -0.00313187 -0.00142691 0.999999 -0.000121422 0.00729766 0.00336382 0.000126218 0.999994 0.740189 
0.999996 0.00186844 -0.00230353 -0.00390244 -0.00187301 0.999996 -0.00197986 0.00467664 0.00229974 0.00198415 0.999995 0.730057 
0.99999 0.0041489 -0.00163932 -0.00959015 -0.00415436 0.999986 -0.0033498 0.00581867 0.00162537 0.0033566 0.999993 0.7192 
0.999997 0.00134473 -0.00213738 -0.0067482 -0.00135389 0.99999 -0.00428338 0.00532877 0.0021316 0.00428626 0.999989 0.709274 
0.999998 0.000380706 -0.00209977 -0.00543976 -0.000391643 0.999986 -0.00521383 0.014647 0.00209776 0.00521465 0.999984 0.694862 
0.999999 -0.000591382 -0.00158165 -0.00365829 0.000588222 0.999998 -0.0020029 0.0119675 0.00158289 0.00200196 0.999997 0.691505 
0.999997 0.00213118 -0.00135952 -0.0050087 -0.00213014 0.999997 0.000766691 0.00909257 0.0013611 -0.000763791 0.999999 0.684647 
1 -3.24661e-05 -0.000670016 -0.000461578 3.43638e-05 0.999996 0.00283076 0.00435913 0.000669897 -0.00283079 0.999996 0.676987 
1 -5.1184e-05 -0.000468791 -0.000492096 5.25413e-05 0.999996 0.00288422 0.00454384 0.000468701 -0.00288424 0.999996 0.66861 
1 -0.000709564 0.000289336 0.00583267 0.00070931 0.999999 0.000854591 0.00911194 -0.000289962 -0.000854398 1 0.65416 
0.999999 5.99316e-05 0.00158052 0.00431824 -6.1091e-05 1 0.000740217 0.00129306 -0.00158048 -0.000740308 0.999998 0.645103 
0.999998 0.00141831 0.0016674 0.00328445 -0.00141765 0.999999 -0.000402292 -0.000766039 -0.00166793 0.000399928 0.999999 0.636902 
0.999997 0.0012341 0.00236043 -0.000244141 -0.00122638 0.999994 -0.00326881 -0.0057497 -0.00236449 0.0032659 0.999992 0.640503 
0.999996 -0.00151764 0.00243974 -0.00044632 0.00152709 0.999991 -0.0038797 -0.0032106 -0.00243388 0.0038834 0.99999 0.589722 
0.999996 -0.00217326 0.0019816 0.00278854 0.002175 0.999997 -0.000877772 0.00372994 -0.00197966 0.000882082 0.999998 0.619186 
0.999997 0.000952463 0.00217031 -0.00531006 -0.000955015 0.999999 0.00117868 0.00378585 -0.00216915 -0.00118074 0.999997 0.593803 
0.999996 0.000510175 0.00264479 0.00255585 -0.000517998 0.999996 0.00295875 -0.0010277 -0.00264326 -0.00296012 0.999992 0.593803 
0.999998 -9.11375e-05 0.00208841 0.000953674 8.17032e-05 0.99999 0.00451917 -0.00671577 -0.00208889 -0.004519 0.999988 0.581108 
0.999994 -0.0028322 0.00212049 0.00265884 0.00283123 0.999996 0.000453764 -0.00416088 -0.00212176 -0.000447757 0.999998 0.563316 
0.999989 -0.00414332 0.00211002 0.00413895 0.00414936 0.999987 -0.00286464 -0.00241137 -0.00209817 0.00287337 0.999994 0.556488 
0.99999 -0.00360187 0.00272895 0.00276184 0.0036087 0.99999 -0.00250187 0.00209081 -0.00271989 0.00251169 0.999993 0.55265 
0.999998 0.000863817 0.00161913 -0.000747681 -0.000859972 0.999997 -0.00237615 0.000759244 -0.00162117 0.00237475 0.999996 0.548332 
0.999999 0.000268568 0.0012724 -0.00149155 -0.000265587 0.999997 -0.00234221 -0.00208771 -0.00127301 0.00234186 0.999997 0.5476 
0.999998 -0.00159792 0.00133148 0.000431061 0.00159572 0.999997 0.00164956 0.00375402 -0.00133407 -0.00164742 0.999998 0.554581 
0.99998 -0.00634064 -0.000307158 0.00925446 0.00634084 0.99998 0.000624625 0.00334275 0.000303239 -0.000626582 1 0.551224 
0.999984 -0.00527109 -0.00218455 0.0102768 0.00527115 0.999986 2.12938e-05 0.00515044 0.00218439 -3.28007e-05 0.999998 0.554344 
0.999995 -0.00254823 -0.00183102 0.00151062 0.00254929 0.999997 0.000570621 0.00255179 0.00182959 -0.000575283 0.999998 0.55925 
0.999989 0.00279966 -0.00373873 -0.00703812 -0.00279624 0.999996 0.000923329 0.00131297 0.0037412 -0.000912875 0.999993 0.565132 
0.999984 5.94389e-05 -0.00566955 -0.00518799 -6.21118e-05 1 -0.000473003 0.00393605 0.00566953 0.00047336 0.999984 0.561073 
0.999975 -0.00168356 -0.00687557 -0.00695419 0.00168731 0.999999 0.000538934 0.000815868 0.00687468 -0.000550526 0.999976 0.573044 
0.999964 -0.000272421 -0.00847165 -0.0115471 0.000278272 1 0.000689251 0.0032866 0.00847147 -0.000691599 0.999964 0.592796 
0.999966 -0.000216059 -0.00825946 -0.00646591 0.000221677 1 0.000679332 0.00273275 0.00825934 -0.000681126 0.999966 0.576859 
0.999951 0.00305607 -0.00940371 -0.010437 -0.00304212 0.999994 0.00149841 -0.000605345 0.00940819 -0.00146972 0.999955 0.582924 
0.999946 0.00068797 -0.0103728 -0.0128975 -0.000686353 1 0.000159807 0.00428057 0.0103729 -0.000152668 0.999946 0.613808 
0.999943 0.0034946 -0.0100587 -0.018158 -0.00351932 0.999991 -0.00244032 0.00715578 0.01005 0.00247559 0.999946 0.589066 
0.999943 0.00286956 -0.010259 -0.0181923 -0.00289308 0.999993 -0.00227743 0.0128444 0.0102525 0.00230696 0.999945 0.628403 
0.999929 0.00320495 -0.0114899 -0.0157967 -0.0032182 0.999994 -0.00113451 0.00946248 0.0114862 0.00117141 0.999933 0.622185 
0.999941 0.000881474 -0.0108306 -0.0126228 -0.000900508 0.999998 -0.0017524 0.0107906 0.010829 0.00176204 0.99994 0.635201 
0.999944 0.00159361 -0.0104459 -0.019001 -0.00159637 0.999999 -0.000255294 0.0198712 0.0104455 0.000271964 0.999945 0.643425 
0.99994 0.000507609 -0.0109314 -0.0147629 -0.000517012 0.999999 -0.000857787 0.0149088 0.010931 0.000863385 0.99994 0.663918 
0.999936 0.00233166 -0.0110727 -0.0150452 -0.00233226 0.999997 -4.08837e-05 0.0192029 0.0110725 6.67055e-05 0.999939 0.677002 
0.999937 -0.00121883 -0.0111373 -0.0150528 0.00127628 0.999986 0.00515279 0.0210392 0.0111308 -0.00516668 0.999925 0.700119 
0.999928 -0.00453444 -0.0111572 -0.00899887 0.00461044 0.999966 0.0067953 0.0217556 0.0111262 -0.00684624 0.999915 0.709129 
0.99993 -0.00229766 -0.0115872 -0.0100517 0.00234032 0.999991 0.00367013 0.0116606 0.0115786 -0.00369702 0.999926 0.723625 
0.999942 -0.00084914 -0.0107137 -0.0128155 0.000879967 0.999996 0.00287282 0.0156241 0.0107112 -0.00288207 0.999938 0.736191 
0.999932 -0.00712588 -0.00924394 -0.00754166 0.00714132 0.999973 0.00163724 0.0359536 0.00923198 -0.00170313 0.999956 0.754112 
0.999931 -0.00693514 -0.00946134 -0.000177383 0.00694742 0.999975 0.00126594 0.0349752 0.00945237 -0.00133158 0.999954 0.755402 
0.999931 -0.00941843 -0.00706494 0.00136375 0.00946542 0.999933 0.00664723 0.0330947 0.00700179 -0.00671365 0.999953 0.781616 
0.999948 -0.00687837 -0.00753126 -0.000728607 0.00689054 0.999975 0.00158947 0.0118685 0.00752023 -0.00164128 0.99997 0.778244 
0.999968 -0.00176961 -0.00783491 -0.00994492 0.00176153 0.999998 -0.00103759 0.00738326 0.00783664 0.00102376 0.999969 0.78096 
0.999962 -0.00329938 -0.00813523 -0.00335693 0.00323416 0.999963 -0.00801719 0.0107516 0.00816143 0.00799056 0.999935 0.774666 
0.999959 -0.00484262 -0.00770131 -0.00766754 0.00478742 0.999963 -0.00716899 0.00656497 0.00773576 0.00713183 0.999945 0.78611 
0.99998 0.00221816 -0.00597948 -0.0148354 -0.00222144 0.999997 -0.00053904 0.00424886 0.00597823 0.000552326 0.999982 0.779503 
0.999958 0.00744919 -0.00541309 -0.029314 -0.00744375 0.999972 0.00102215 0.0180171 0.0054206 -0.000981811 0.999985 0.769142 
0.999972 0.00578685 -0.00475654 -0.0279713 -0.00579179 0.999983 -0.00102516 -0.000798941 0.00475049 0.00105267 0.999988 0.763733 
0.999988 0.000616521 -0.00480857 -0.0180092 -0.000632979 0.999994 -0.00342183 0.000144005 0.00480637 0.00342481 0.999983 0.752678 
0.999985 0.00265088 -0.00483856 -0.0200653 -0.00266789 0.99999 -0.00351268 -0.0124993 0.00482926 0.00352553 0.999982 0.756012 
0.999988 0.00293398 -0.004017 -0.0189629 -0.00294112 0.999994 -0.00177173 -0.0104661 0.00401175 0.00178354 0.999991 0.724632 
0.999989 0.000805169 -0.00453642 -0.0173206 -0.00079482 0.999997 0.00228322 -0.0118876 0.00453812 -0.00227958 0.999987 0.736389 
0.999988 -0.00145641 -0.00467941 -0.00904655 0.00147198 0.999994 0.00332528 -0.00633979 0.00467461 -0.00333214 0.999984 0.737732 
0.999993 0.000159631 -0.00376141 -0.0135021 -0.000149343 0.999996 0.00273303 -0.0111992 0.00376183 -0.00273243 0.999989 0.705055 
0.999991 0.00102692 -0.00413722 -0.0130234 -0.00102059 0.999998 0.00152966 -0.0133501 0.00413883 -0.00152541 0.99999 0.72422 
0.999992 0.00131212 -0.00384539 -0.015028 -0.00131823 0.999998 -0.00158415 -0.0112989 0.00384316 0.00158921 0.999992 0.670685 
0.999995 -0.00121184 -0.003032 -0.0084877 0.00120898 0.999999 -0.000947791 -0.00496817 0.00303328 0.000944129 0.999995 0.677979 
0.999995 -0.00220882 -0.00220755 -0.00516129 0.00221089 0.999997 0.000934977 -0.00378633 0.0022054 -0.000939868 0.999997 0.673668 
0.999996 -0.00213192 -0.00180092 -0.00527 0.00213196 0.999998 1.38087e-05 -0.006724 0.00180089 -1.76337e-05 0.999998 0.662811 
0.999997 0.00126014 -0.00213274 -0.0102444 -0.00125828 0.999999 0.000876689 -0.00475347 0.00213382 -0.000874008 0.999997 0.655029 
0.999997 -0.00135327 -0.00216672 -0.0109348 0.00135261 0.999999 -0.000302216 -0.00598252 0.00216711 0.000299263 0.999998 0.646439 
0.999996 7.82982e-05 -0.00298649 -0.0122986 -8.54824e-05 0.999997 -0.00240626 -0.00979519 0.00298643 0.00240649 0.999993 0.632858 
0.999991 -0.00260684 -0.00330999 -0.0107441 0.00260464 0.999996 -0.000665793 -0.00942039 0.00331154 0.000657171 0.999994 0.618095 
0.999991 -0.00262725 -0.00331467 -0.00878906 0.00262521 0.999996 -0.000619236 -0.00863528 0.00331631 0.00061051 0.999994 0.617111 
0.999989 -0.00311124 -0.00344396 -0.00811577 0.00311209 0.999995 0.000238759 -0.00113583 0.00344309 -0.000249486 0.999994 0.606117 
0.999991 -0.00179817 -0.00378641 -0.00475502 0.0017985 0.999998 8.1012e-05 0.00667095 0.00378627 -8.78256e-05 0.999993 0.600388 
0.999993 -0.00123518 -0.00355545 -0.0048666 0.0012344 0.999999 -0.000221001 0.00604296 0.00355583 0.000216624 0.999994 0.590088 
0.999992 -0.00101195 -0.00382701 -0.0054245 0.00101285 1 0.000233842 0.00587106 0.00382668 -0.000237722 0.999993 0.586105 
0.999991 -0.00197994 -0.00380442 -0.00370884 0.00197797 0.999998 -0.000525037 0.00609469 0.00380561 0.000517512 0.999993 0.579849 
0.99999 2.57269e-05 -0.00447881 -0.0067091 -3.23914e-05 0.999999 -0.00148725 0.00681424 0.00447875 0.00148737 0.999989 0.578369 
0.999986 -0.00240568 -0.00482386 -0.00487804 0.00239821 0.999996 -0.00155117 0.00579786 0.00482753 0.00153959 0.999987 0.579895 
0.999982 0.00188933 -0.00564617 -0.00711346 -0.00190572 0.999994 -0.00289653 -0.00501466 0.00564066 0.00290722 0.99998 0.576355 
0.999975 0.00270024 -0.00657618 -0.0110693 -0.00273439 0.999983 -0.00519079 -0.00524569 0.00656211 0.00520864 0.999965 0.564865 
0.999963 0.00472499 -0.00723216 -0.0134382 -0.0047638 0.999974 -0.00535714 -0.00258684 0.00720662 0.0053914 0.999959 0.577652 
0.999962 0.00426242 -0.00754824 -0.0144997 -0.00429757 0.99998 -0.00464772 0.00236368 0.00752831 0.00467997 0.999961 0.569458 
0.999967 0.0022073 -0.00781071 -0.0108929 -0.00223698 0.99999 -0.00379349 0.00442505 0.00780219 0.00381081 0.999962 0.57814 
0.999969 0.00391169 -0.00679663 -0.01371 -0.00389689 0.99999 0.00218539 0.0072751 0.00680527 -0.00215878 0.999974 0.588455 
0.999959 0.00578828 -0.00696892 -0.0117474 -0.00575275 0.99997 0.00510924 -0.000517845 0.00699827 -0.00506897 0.999963 0.602707 
0.999957 0.00544533 -0.0074636 -0.00709915 -0.00539779 0.999965 0.00637515 0.00494099 0.00749815 -0.00633462 0.999952 0.61319 
0.999956 0.00563443 -0.00747129 -0.00980043 -0.00558777 0.999965 0.00625061 0.00373816 0.00750631 -0.00620859 0.999953 0.623993 
0.999969 0.00205872 -0.00760883 -0.00251913 -0.00203226 0.999992 0.0034855 0.00575948 0.00761589 -0.00346992 0.999965 0.631409 
0.999959 0.00386914 -0.0082069 -0.00723386 -0.00388371 0.999991 -0.00175969 0.0048306 0.00819999 0.0017915 0.999965 0.631393 
0.999966 0.00311131 -0.00760379 -0.00921488 -0.00313122 0.999992 -0.00260837 0.00702858 0.00759569 0.00263207 0.999968 0.646133 
0.999968 0.0020673 -0.00773436 -0.00933146 -0.00208795 0.999994 -0.00266523 0.00885344 0.00772879 0.00268133 0.999967 0.656937 
0.999968 0.00132657 -0.00795072 -0.00180744 -0.00133755 0.999998 -0.00137642 0.0156097 0.00794896 0.00138702 0.999967 0.678345 
0.999964 0.0025484 -0.00806785 -0.00483012 -0.00254298 0.999997 0.000683283 0.0147696 0.00806963 -0.00066272 0.999967 0.693802 
0.999952 0.00523916 -0.00830972 -0.00907564 -0.00522753 0.999985 0.0014212 0.010597 0.00831702 -0.00137772 0.999964 0.70726 
0.99996 -0.000359538 -0.00894469 -0.00794578 0.000382451 0.999997 0.00256144 0.00424933 0.00894368 -0.00256476 0.999957 0.7229 
0.999955 -0.000790469 -0.00944448 -0.0047698 0.000807706 0.999998 0.00182666 0.00549579 0.00944307 -0.00183427 0.999954 0.733444 
0.999954 0.000132174 -0.00958154 -0.00915718 -0.000132971 1 -8.37615e-05 0.0169106 0.00958151 8.50393e-05 0.999954 0.743073 
0.999941 0.00412816 -0.0100915 -0.0160699 -0.00412646 0.999992 0.000189036 0.0122962 0.0100921 -0.000147368 0.999949 0.750259 
0.999949 -0.000419782 -0.0100778 -0.0108051 0.000409587 0.999999 -0.00101394 0.0179877 0.0100782 0.00100978 0.999949 0.766861 
0.99996 0.00100496 -0.00891626 -0.00910187 -0.00100679 0.999999 -0.00020262 0.0160768 0.00891617 0.000211603 0.99996 0.781906 
0.999977 -0.000577492 -0.00673297 -0.00413132 0.000586183 0.999999 0.00129256 0.0208495 0.00673217 -0.00129652 0.999977 0.796066 
0.999988 -0.00119399 -0.00472108 -0.000776291 0.00119824 0.999999 0.000894719 0.0160062 0.00471997 -0.000900331 0.999988 0.808044 
0.999981 -0.00425521 -0.00451842 0.00504684 0.00425464 0.999991 -0.00013306 0.0254798 0.00451899 0.000113817 0.99999 0.83757 
0.999976 -0.00571457 -0.00392056 0.00851631 0.005714 0.999984 -0.000157106 0.0193641 0.00392139 0.000134693 0.999992 0.808258 
0.999958 -0.00810561 -0.004336 0.0125771 0.00811445 0.999965 0.00202551 0.0198872 0.00431937 -0.00206062 0.999989 0.853455 
0.999973 -0.00595619 -0.00423843 0.0082674 0.00596594 0.99998 0.0022906 0.0200436 0.00422466 -0.0023158 0.999988 0.859375 
0.999973 -0.00597649 -0.00418192 0.0120068 0.00598619 0.999979 0.00231285 0.0178688 0.004168 -0.00233782 0.999989 0.850845 
0.99999 -0.000513057 -0.00440425 0.00257683 0.000517711 0.999999 0.00105662 0.0152831 0.00440374 -0.00105888 0.99999 0.866013 
0.999991 0.000516607 -0.00414735 0.000507355 -0.000523943 0.999998 -0.0017692 0.012737 0.00414643 0.00177134 0.99999 0.864609 
0.999972 0.00548568 -0.00498959 -0.00811768 -0.00549153 0.999984 -0.00115573 0.0154253 0.0049831 0.00118312 0.999987 0.894318 
0.999978 0.00519939 -0.00411579 -0.00946808 -0.00519882 0.999986 0.000146192 0.0144907 0.00411656 -0.000124798 0.999991 0.869583 
0.999991 0.000709373 -0.00406376 -0.00328827 -0.000688811 0.999987 0.00506116 0.0148656 0.00406742 -0.00505831 0.999979 0.891953 
0.999985 0.00236102 -0.00503036 -0.00567055 -0.00233024 0.999978 0.00611493 0.0159321 0.0050447 -0.00610312 0.999969 0.90094 
0.999988 -0.000616142 -0.0047625 -0.00279617 0.000647799 0.999978 0.00665027 0.0115227 0.0047583 -0.00665328 0.999967 0.904083 
0.999976 -0.00306695 -0.00615498 -0.00291443 0.00308565 0.999991 0.00303044 0.0063045 0.00614572 -0.00304936 0.999977 0.90123 
0.999964 -0.00591498 -0.00606802 0.00367355 0.00590341 0.999981 -0.00192114 0.00421762 0.00607926 0.00188525 0.99998 0.90419 
0.999915 -0.0111837 -0.00667021 0.00126266 0.0111387 0.999915 -0.00674494 -0.00262833 0.0067451 0.00667007 0.999955 0.896744 
0.999955 -0.00628338 -0.00717196 0.00151634 0.00622043 0.999942 -0.00876665 0.000149697 0.00722665 0.00872163 0.999936 0.918533 
0.999965 -0.00318877 -0.00779238 -0.0073452 0.00316376 0.99999 -0.00321926 0.00595772 0.00780258 0.00319449 0.999964 0.896515 
0.999963 -0.00306755 -0.00807083 -0.00443077 0.00308836 0.999992 0.00256488 0.00539768 0.0080629 -0.00258973 0.999964 0.922272 
0.999953 -0.00510133 -0.00826681 -0.00283623 0.00513371 0.999979 0.00390158 0.0058434 0.00824678 -0.00394382 0.999958 0.927948 
0.999961 -0.00470619 -0.00747246 -0.00328636 0.00469466 0.999988 -0.00156198 0.0090865 0.00747976 0.00152685 0.999971 0.925934 
0.999974 -0.00288822 -0.00656477 -0.0030117 0.00285624 0.999984 -0.00487456 0.0125032 0.00657868 0.00485568 0.999967 0.927322 
0.999985 0.000683002 -0.00543171 -0.00666428 -0.000700328 0.999995 -0.00319135 0.0124457 0.00542945 0.0031951 0.99998 0.929184 
0.999986 -0.00269488 -0.0045284 0.000263214 0.00270844 0.999992 0.00299617 0.0123488 0.00452033 -0.00300838 0.999985 0.940323 
0.999988 -0.00345921 -0.00340214 0.00461197 0.0034724 0.999987 0.00387898 0.00980318 0.00338858 -0.00389078 0.999987 0.940826 
0.999993 -0.0032564 -0.00190407 0.00667191 0.00326089 0.999992 0.00236094 0.00700855 0.00189638 -0.00236712 0.999995 0.960617 
0.999994 -0.00346569 -0.000686258 0.00507736 0.00346755 0.99999 0.0027353 0.00968716 0.000676721 -0.00273768 0.999996 0.92392 
1 8.02651e-05 -0.000406951 0.00278473 -7.9656e-05 0.999999 0.00151455 0.00712031 0.00040704 -0.00151451 0.999999 0.943604 
0.999999 0.00122278 0.000193715 0.00210571 -0.00122298 0.999999 0.00103986 0.00703466 -0.000192463 -0.00104009 0.999999 0.945023 
0.999998 0.00169776 0.000687957 0.00322342 -0.00169666 0.999997 -0.00160693 0.00456834 -0.000690669 0.00160575 0.999999 0.950989 
0.999991 0.00396383 0.00181904 0.0038147 -0.00396028 0.99999 -0.00194358 0.00801194 -0.00182667 0.00193635 0.999996 0.966415 
0.99999 0.00362185 0.0026041 0.00548553 -0.003619 0.999993 -0.0010977 0.0094876 -0.00260806 0.00108826 0.999996 0.924103 
0.999986 0.00458874 0.00269145 0.00423813 -0.00459005 0.999989 0.000477822 0.00871772 -0.00268927 -0.000490176 0.999996 0.936218 
0.999992 0.00210839 0.00344643 0.00783539 -0.00211166 0.999997 0.000948807 0.0102009 -0.00344434 -0.000956094 0.999994 0.953705 
0.999994 0.00100461 0.00338387 0.00893402 -0.00100848 0.999999 0.00114116 0.00631119 -0.00338283 -0.00114455 0.999994 0.93985 
0.999993 0.00139225 0.00353804 0.00933266 -0.0014047 0.999993 0.00351462 0.00962597 -0.00353321 -0.00351957 0.999987 0.930603 
0.999985 -0.0035065 0.00410506 0.0151424 0.00349949 0.999992 0.00171711 0.00536579 -0.00411108 -0.00170271 0.99999 0.933456 
