1 1.19762e-11 1.70464e-10 -5.55112e-17 1.19762e-11 1 3.5625e-10 0 1.70464e-10 3.5625e-10 1 2.22045e-16 
1 -0.000903519 -0.000210117 0.00128913 0.000903796 0.999999 0.00132565 -0.0182162 0.000208919 -0.00132583 0.999999 1.31064 
1 -0.000742941 -0.000343221 -0.000591164 0.000743125 1 0.000534384 -0.0255592 0.000342824 -0.000534639 1 1.31462 
0.999998 -0.00176638 -0.000179578 0.00228319 0.00176614 0.999997 -0.00132323 -0.0234468 0.000181915 0.00132291 0.999999 1.31639 
1 -0.000222098 8.87676e-05 0.00162812 0.000222074 1 0.000277625 -0.0225227 -8.88293e-05 -0.000277606 1 1.31927 
1 -0.000290406 0.00013018 0.00216533 0.000290298 1 0.000826201 -0.0177133 -0.00013042 -0.000826163 1 1.32061 
0.999999 -0.0015794 0.000103373 0.00403025 0.00157929 0.999998 0.00105327 -0.0173131 -0.000105036 -0.00105311 0.999999 1.32711 
1 0.000319131 -0.00017568 0.00119845 -0.000318975 1 0.000889569 -0.0198071 0.000175964 -0.000889513 1 1.33014 
1 0.000554706 -0.000271805 8.69734e-05 -0.00055517 0.999999 -0.00171455 -0.0217299 0.000270853 0.0017147 0.999999 1.3306 
0.999996 0.00273234 -0.000111914 0.000126027 -0.00273263 0.999993 -0.00265084 -0.0161824 0.00010467 0.00265113 0.999996 1.3346 
0.999994 0.00344529 0.000336448 -0.00210034 -0.00344498 0.999994 -0.000941392 -0.0122402 -0.00033969 0.000940227 0.999999 1.33783 
0.999997 0.00241888 9.11621e-05 -0.00442322 -0.0024189 0.999997 0.000145975 -0.0168703 -9.08088e-05 -0.000146195 1 1.33843 
0.999999 0.0012269 0.000140736 -0.00319519 -0.001227 0.999999 0.000706817 -0.0197207 -0.000139869 -0.000706989 1 1.35022 
0.999997 -0.00219774 0.000401993 0.00219768 0.00219667 0.999994 0.00264407 -0.0174628 -0.000407801 -0.00264318 0.999996 1.35157 
0.999992 -0.0038924 0.00021705 0.00477062 0.00389191 0.99999 0.00222982 -0.0197119 -0.000225727 -0.00222896 0.999998 1.35244 
0.999996 -0.00273981 -0.000294031 0.00416255 0.00273917 0.999994 -0.00216657 -0.0215718 0.000299965 0.00216575 0.999997 1.35194 
0.999999 -0.00148055 -0.000201122 -0.000911206 0.00148007 0.999996 -0.0023846 -0.0256767 0.000204651 0.0023843 0.999997 1.35452 
0.999997 0.00227085 0.000650543 -0.0047287 -0.00226986 0.999996 -0.00151623 -0.0283409 -0.000653984 0.00151474 0.999999 1.3645 
0.999995 0.00299181 0.000822866 -0.00724825 -0.00299288 0.999995 0.00129839 -0.0217376 -0.000818978 -0.00130085 0.999999 1.36639 
0.999999 0.00130587 0.000695775 -0.00406142 -0.00131015 0.99998 0.0061934 -0.0208765 -0.000687673 -0.00619431 0.999981 1.3766 
0.999997 -0.00249145 0.000427126 0.00203177 0.00249144 0.999997 3.86667e-05 -0.0258384 -0.000427222 -3.76035e-05 1 1.3715 
0.999991 -0.00429187 -0.000419578 0.00373559 0.00429121 0.99999 -0.00157696 -0.0303138 0.000426343 0.00157515 0.999999 1.37429 
1 -0.000599267 1.98579e-05 0.000484526 0.000599317 0.999997 -0.00257086 -0.0283095 -1.8318e-05 0.00257087 0.999997 1.37531 
1 -0.000248636 0.0003982 -0.000247449 0.000249548 0.999997 -0.00229505 -0.0280366 -0.000397627 0.00229515 0.999997 1.37969 
0.999994 0.00331208 0.000774033 -0.00458409 -0.00331176 0.999994 -0.000415045 -0.0245161 -0.000775404 0.000412479 0.999999 1.38549 
0.999999 0.00094095 0.00039051 -0.00298152 -0.000940121 0.999997 -0.00211492 -0.0252992 -0.000392499 0.00211455 0.999998 1.38252 
1 0.000893507 -7.22937e-05 -0.00315484 -0.000893541 1 -0.00046346 -0.0259981 7.1879e-05 0.000463524 1 1.39313 
1 7.32103e-05 -8.71033e-05 -0.00296845 -7.30093e-05 0.999997 0.00230395 -0.0259674 8.72714e-05 -0.00230394 0.999997 1.39717 
1 0.000772794 -0.000421287 -0.00179245 -0.000772119 0.999999 0.00159919 -0.022956 0.000422523 -0.00159887 0.999999 1.39804 
0.999996 0.00270255 -2.35334e-05 -0.00231845 -0.00270256 0.999996 -0.000318492 -0.0238672 2.26723e-05 0.000318555 1 1.39567 
0.999997 0.0025365 0.000139198 -0.00164651 -0.00253648 0.999997 -0.000182004 -0.019332 -0.000139659 0.00018165 1 1.40282 
0.999998 0.00215374 7.0557e-06 -0.00449613 -0.00215374 0.999997 0.000511009 -0.0262461 -5.95511e-06 -0.000511023 1 1.40664 
0.999999 0.00110556 -0.000269429 -0.00203004 -0.00110548 0.999999 0.000276941 -0.0233518 0.000269735 -0.000276643 1 1.40759 
0.999999 -0.00104981 -0.000427929 0.00107064 0.00104963 0.999999 -0.000415163 -0.0240402 0.000428364 0.000414713 1 1.40963 
1 -0.000835015 -0.000686776 0.00137979 0.000834583 1 -0.000629421 -0.0208988 0.000687302 0.000628847 1 1.41307 
0.999999 -0.000624813 -0.000964059 0.000917543 0.000625523 1 0.000735312 -0.0208579 0.000963599 -0.000735915 0.999999 1.41579 
0.999999 0.000211052 -0.00100778 -0.00143895 -0.000210193 1 0.000852803 -0.0228691 0.00100796 -0.00085259 0.999999 1.42259 
0.999999 0.000638298 -0.00106417 -0.00135684 -0.000638025 1 0.000253757 -0.0227855 0.00106433 -0.000253078 0.999999 1.42253 
0.999999 -1.01555e-05 -0.00117312 -0.000788972 9.69907e-06 1 -0.00038661 -0.0224131 0.00117312 0.000386598 0.999999 1.42611 
0.999999 0.000241381 -0.0011173 8.6084e-05 -0.000239959 0.999999 0.00127274 -0.0198057 0.00111761 -0.00127247 0.999999 1.42884 
0.999999 -0.00138917 -0.00080575 0.0007485 0.00138995 0.999999 0.000961458 -0.024233 0.000804413 -0.000962576 0.999999 1.42744 
0.999999 -0.00149361 -0.000640685 0.00239486 0.00149355 0.999999 -9.15718e-05 -0.0242186 0.000640822 9.06151e-05 1 1.4319 
0.999997 -0.00228158 -0.000624123 0.00370318 0.0022813 0.999997 -0.000438684 -0.0243976 0.000625123 0.000437259 1 1.42884 
0.999999 -0.00134693 -7.70809e-05 0.00495774 0.00134697 0.999999 0.000437429 -0.0211173 7.64909e-05 -0.000437531 1 1.4281 
0.999999 -0.0012151 0.000429745 0.00464976 0.00121483 0.999999 0.000637794 -0.0237068 -0.000430519 -0.000637271 1 1.42946 
0.999999 -0.00102565 0.000383389 0.00377101 0.00102541 0.999999 0.000629821 -0.0250947 -0.000384035 -0.000629429 1 1.42469 
0.999998 -0.00193165 0.000428339 0.00287658 0.00193184 0.999998 -0.000433865 -0.0289084 -0.000427502 0.000434692 1 1.42392 
0.999999 -0.00149986 0.000477375 0.00471085 0.00150027 0.999999 -0.00085003 -0.0255928 -0.000476099 0.000850745 1 1.41981 
1 7.80283e-05 0.000645582 0.00246587 -7.76583e-05 1 -0.000572641 -0.025537 -0.000645628 0.000572591 0.999999 1.41746 
0.999998 0.00173782 0.000806789 0.000559285 -0.00173787 0.999999 6.01648e-05 -0.0236894 -0.000806683 -6.15667e-05 1 1.41366 
0.999996 0.00283093 0.000489006 -0.00583856 -0.00283158 0.999995 0.00133263 -0.0291239 -0.000485231 -0.00133401 0.999999 1.41277 
0.999993 0.00365829 0.00078165 -0.00475056 -0.00365931 0.999993 0.00130998 -0.026915 -0.00077685 -0.00131283 0.999999 1.414 
0.999993 0.00364639 0.00075757 -0.00621349 -0.00364681 0.999993 0.000552208 -0.0274124 -0.000755552 -0.000554968 1 1.40968 
0.99999 0.00449191 0.000667261 -0.00610208 -0.00449165 0.99999 -0.000393582 -0.0255125 -0.000669022 0.000390582 1 1.39996 
0.999995 0.00306562 0.00071988 -0.00454651 -0.00306528 0.999995 -0.000483769 -0.0245471 -0.00072136 0.000481559 1 1.40248 
0.999997 0.0021491 0.000698496 -0.00726009 -0.00214891 0.999998 -0.000266646 -0.0304999 -0.000699067 0.000265144 1 1.40192 
1 0.000271923 0.000336526 -0.00302656 -0.000271968 1 0.000133374 -0.0268351 -0.000336489 -0.000133465 1 1.39618 
0.999999 -0.00123559 0.000154152 -0.000475869 0.00123556 0.999999 0.00016583 -0.0263395 -0.000154356 -0.000165639 1 1.39408 
0.999999 -0.00116769 -6.64836e-05 0.000879616 0.00116763 0.999999 -0.000952128 -0.0250551 6.75954e-05 0.000952049 1 1.39039 
1 -0.000746754 -0.000280363 -0.00162333 0.000746714 1 -0.000127885 -0.0267627 0.000280457 0.000127676 1 1.38542 
1 4.47458e-05 -0.000232407 -0.0015391 -4.46826e-05 1 0.000269356 -0.0253484 0.00023242 -0.000269346 1 1.38618 
1 -0.000454857 -0.000532904 -0.00594924 0.000454577 1 -0.000522646 -0.0267522 0.000533141 0.000522405 1 1.38637 
1 0.000355034 -0.000726179 -0.00895962 -0.000354786 1 0.000353924 -0.0249183 0.000726304 -0.000353667 1 1.38187 
1 -0.00038059 -0.000942033 -0.0143345 0.000381264 1 0.000703481 -0.0287418 0.000941765 -0.000703839 0.999999 1.38444 
0.999997 -0.00212437 -0.00114629 -0.0078363 0.00212558 0.999997 0.00104647 -0.025455 0.00114406 -0.0010489 0.999999 1.37885 
0.999997 -0.00214134 -0.00121645 -0.0108722 0.00214219 0.999997 0.000704369 -0.0272962 0.00121494 -0.000706971 0.999999 1.37715 
0.999998 -0.00198804 -0.000626429 -0.00846496 0.00198814 0.999998 0.000160457 -0.0256709 0.000626107 -0.000161702 1 1.3688 
0.999999 -0.00129101 -0.000472521 -0.0120342 0.00129069 0.999999 -0.000681697 -0.0270239 0.000473402 0.000681086 1 1.36597 
0.999999 -0.00122538 -0.000276848 -0.0112786 0.00122523 0.999999 -0.000521203 -0.025682 0.000277487 0.000520864 1 1.36205 
1 0.000660959 -0.000134643 -0.0180627 -0.00066101 1 -0.000381907 -0.0272856 0.000134391 0.000381996 1 1.35734 
1 -0.000199699 0.000120777 -0.0152749 0.000199781 1 -0.000691648 -0.0265428 -0.00012064 0.000691672 1 1.35303 
1 0.000726497 0.000244347 -0.0145031 -0.000726331 1 -0.000673899 -0.0258356 -0.000244836 0.000673722 1 1.35162 
0.999999 0.00159829 0.000368601 -0.0165021 -0.00159834 0.999999 0.000131526 -0.0258782 -0.00036839 -0.000132115 1 1.34968 
1 0.000463103 0.000240023 -0.00879493 -0.000463434 0.999999 0.00137697 -0.0221201 -0.000239386 -0.00137708 0.999999 1.34515 
0.999999 0.00129895 0.000157159 -0.0157436 -0.00129919 0.999998 0.00156073 -0.0277293 -0.000155131 -0.00156093 0.999999 1.34505 
1 -0.000527044 5.65741e-05 -0.0124757 0.000527119 0.999999 -0.00130924 -0.0279992 -5.58833e-05 0.00130927 0.999999 1.34039 
1 -0.000119341 9.70121e-05 -0.0137664 0.000119596 0.999997 -0.00264217 -0.0278077 -9.66974e-05 0.00264218 0.999997 1.33853 
1 -0.000536683 -3.95342e-05 -0.00544053 0.000536636 0.999999 -0.00117701 -0.0206484 4.01668e-05 0.00117699 0.999999 1.33629 
0.999998 -0.00213282 0.000138345 -0.0141529 0.00213264 0.999997 0.00130547 -0.0270306 -0.00014113 -0.00130517 0.999999 1.34452 
0.999997 -0.00236968 0.000601535 -0.0120154 0.00236841 0.999995 0.00211332 -0.0264431 -0.000606541 -0.00211189 0.999998 1.34109 
0.999998 -0.00158239 0.000914282 -0.0193493 0.00158178 0.999999 0.000664615 -0.0318739 -0.000915332 -0.000663166 0.999999 1.33811 
0.999999 -0.000882829 0.000711587 -0.0182142 0.000883856 0.999999 -0.00144497 -0.0305929 -0.00071031 0.00144559 0.999999 1.3319 
0.999998 0.00190744 0.000668056 -0.0180497 -0.00190583 0.999995 -0.00240319 -0.0291681 -0.000672637 0.00240192 0.999997 1.32832 
0.999998 0.00195222 0.00108772 -0.00775674 -0.00194983 0.999996 -0.00219961 -0.0220698 -0.00109201 0.00219748 0.999997 1.32357 
0.999994 0.00303742 0.00141403 -0.00852644 -0.00303711 0.999995 -0.000223437 -0.0201973 -0.0014147 0.000219141 0.999999 1.3315 
0.999998 0.00143131 0.00141922 -0.00663197 -0.0014344 0.999997 0.00217832 -0.0181098 -0.0014161 -0.00218035 0.999997 1.33291 
0.999999 9.19891e-05 0.00104844 -0.00456315 -9.45508e-05 0.999997 0.0024446 -0.0193299 -0.00104821 -0.0024447 0.999996 1.33437 
0.999999 -0.000998769 0.000775872 -0.00325125 0.000998223 0.999999 0.000704651 -0.0190549 -0.000776574 -0.000703876 0.999999 1.33384 
0.999999 0.00050524 0.00102549 -0.00990653 -0.000504474 1 -0.000747454 -0.026499 -0.00102587 0.000746937 0.999999 1.34306 
0.999998 0.00176021 0.00124446 -0.0223593 -0.00175962 0.999998 -0.000474601 -0.0398045 -0.0012453 0.000472411 0.999999 1.36364 
0.999997 0.00202725 0.00114445 -0.0188855 -0.00202682 0.999998 -0.000374526 -0.0336149 -0.00114521 0.000372204 0.999999 1.35559 
0.999999 0.000747701 0.00112675 -0.0177854 -0.000746507 0.999999 -0.00106696 -0.0343201 -0.00112755 0.00106612 0.999999 1.35909 
0.999999 0.0010893 0.00109536 -0.0149904 -0.00108868 0.999999 -0.000562237 -0.0284927 -0.00109598 0.000561044 0.999999 1.35347 
0.999999 -0.000840202 0.000910444 -0.0211043 0.000840442 1 -0.000259228 -0.0415809 -0.000910224 0.000259993 1 1.35519 
1 -0.000520871 0.000761926 -0.016737 0.000520262 1 0.000792266 -0.0337219 -0.000762336 -0.000791869 1 1.35696 
0.999999 -0.000955667 0.000827949 -0.0192704 0.000954409 0.999999 0.00152789 -0.0373361 -0.000829418 -0.0015271 0.999999 1.35719 
1 -0.000997056 0.000318022 -0.013792 0.000997027 1 7.24406e-05 -0.0307374 -0.000318079 -7.2123e-05 1 1.34856 
0.999998 -0.00207404 -2.79061e-05 -0.0140269 0.00207405 0.999998 0.000389558 -0.0327485 2.70875e-05 -0.000389616 1 1.35382 
0.999999 -0.00166268 -0.000328908 -0.0178044 0.00166285 0.999999 0.000525949 -0.0402884 0.000328038 -0.000526496 1 1.35144 
0.999999 -0.00151125 -0.000540806 -0.0190544 0.00151106 0.999999 -0.000364414 -0.0412149 0.000541362 0.000363596 1 1.35292 
0.999998 -0.00158911 -0.00125532 -0.0156922 0.00158902 0.999999 -7.80397e-05 -0.0331159 0.00125543 7.60441e-05 0.999999 1.34578 
0.999999 -0.00124513 -0.00107514 -0.0158222 0.00124622 0.999999 0.00100936 -0.0336418 0.00107388 -0.0010107 0.999999 1.35161 
0.999998 -0.0015604 -0.00102272 -0.0139318 0.00156072 0.999999 0.000313225 -0.0333292 0.00102223 -0.00031482 0.999999 1.34998 
0.999999 -0.000743555 -0.00130134 -0.0162494 0.000743441 1 -8.86368e-05 -0.0399597 0.0013014 8.76705e-05 0.999999 1.35004 
0.999999 -0.00025997 -0.00125286 -0.0142715 0.000259393 1 -0.000461194 -0.0337269 0.00125298 0.000460869 0.999999 1.34904 
0.999999 -0.000379008 -0.00104094 -0.013808 0.000378489 1 -0.000499036 -0.0316436 0.00104113 0.000498641 0.999999 1.3475 
0.999998 -0.00163884 -0.000986523 -0.0123731 0.00163708 0.999997 -0.00177359 -0.0329673 0.000989425 0.00177197 0.999998 1.34773 
0.999984 -0.00553174 -0.00113001 -0.00936913 0.00553012 0.999984 -0.00143797 -0.0345514 0.00113795 0.0014317 0.999998 1.34322 
0.999976 -0.00678632 -0.00112397 -0.00863516 0.00678947 0.999973 0.00282396 -0.0373867 0.00110478 -0.00283152 0.999996 1.35265 
0.99997 -0.00763361 -0.00146933 -0.00309104 0.00763503 0.99997 0.000956426 -0.031224 0.00146198 -0.000967616 0.999998 1.34909 
0.999994 -0.00332281 -0.00123947 -0.00805664 0.00331983 0.999992 -0.00240415 -0.0351956 0.00124745 0.00240002 0.999996 1.34496 
1 -8.38102e-05 0.000147272 -0.0101106 8.43953e-05 0.999992 -0.00400301 -0.0296066 -0.000146936 0.00400302 0.999992 1.34352 
0.999993 0.00354528 0.000823562 -0.0173566 -0.0035438 0.999992 -0.00178169 -0.0332022 -0.000829872 0.00177876 0.999998 1.34566 
1 0.000255674 0.000753268 -0.00857484 -0.00025568 1 -1.19791e-06 -0.0250037 -0.000753268 1.0049e-06 1 1.34708 
0.999996 -0.00272204 0.00067443 -0.00172293 0.00271992 0.999991 0.00313686 -0.0246367 -0.000682963 -0.00313501 0.999995 1.34869 
0.999985 -0.00544641 0.000550735 0.00424731 0.00544459 0.99998 0.00324379 -0.0241761 -0.000568391 -0.00324074 0.999995 1.35004 
0.999991 -0.0041547 1.01004e-05 0.00593328 0.0041547 0.999991 0.000717752 -0.0269194 -1.30823e-05 -0.000717704 1 1.34895 
0.999999 -0.00179537 -5.14055e-05 0.00367069 0.00179539 0.999998 0.000372397 -0.0270774 5.07373e-05 -0.000372488 1 1.34662 
0.999998 0.00155332 0.000828217 0.000866532 -0.00155362 0.999999 0.000354797 -0.0306656 -0.000827665 -0.000356083 1 1.3503 
0.999992 0.00393466 0.0012096 -0.00493431 -0.0039342 0.999992 -0.000380206 -0.0294085 -0.00121108 0.000375444 0.999999 1.34967 
0.999994 0.00342271 0.000876558 -0.000897884 -0.00342058 0.999991 -0.00241827 -0.0319183 -0.00088483 0.00241526 0.999997 1.3506 
0.999996 0.00283619 0.000735324 -0.000776291 -0.00283555 0.999996 -0.000860993 -0.0254533 -0.000737761 0.000858904 0.999999 1.3512 
0.999998 0.00201165 0.000426989 -0.000923038 -0.00201223 0.999997 0.00133562 -0.0257969 -0.0004243 -0.00133648 0.999999 1.35832 
0.999999 0.00163811 -0.000230274 8.4281e-05 -0.00163814 0.999999 -0.000192683 -0.0291901 0.000229956 0.00019306 1 1.36098 
0.999998 0.00191256 -0.000533414 -0.00291383 -0.00191384 0.999995 -0.00240947 -0.0270038 0.000528804 0.00241049 0.999997 1.36017 
0.999994 0.00348007 -0.000554102 -0.0057627 -0.00348167 0.99999 -0.00290654 -0.0267715 0.00054398 0.00290845 0.999996 1.3596 
0.999988 0.00489403 -0.000211992 0.0195192 -0.0048943 0.999987 -0.0013073 -0.0139883 0.000205591 0.00130833 0.999999 1.3645 
0.999989 0.00459515 0.000304927 0.0149751 -0.0045954 0.999989 0.000837246 -0.0215883 -0.000301077 -0.000838638 1 1.36893 
0.999994 0.00333003 0.000542977 0.00176847 -0.00333137 0.999991 0.002472 -0.0202074 -0.000534741 -0.00247379 0.999997 1.37642 
1 0.000363478 0.000132415 0.00995505 -0.000363739 0.999998 0.00197567 -0.0200317 -0.000131696 -0.00197572 0.999998 1.37962 
0.999996 -0.00285302 -0.00078455 0.00912023 0.00285407 0.999995 0.00134793 -0.00603509 0.000780701 -0.00135016 0.999999 1.37669 
0.999995 -0.00255408 -0.00167815 0.0109477 0.00255385 0.999997 -0.000137758 -0.0115869 0.0016785 0.000133471 0.999999 1.37558 
0.999998 -0.000433899 -0.00209008 0.00176299 0.000425336 0.999992 -0.00409553 -0.0204918 0.00209184 0.00409463 0.999989 1.38129 
0.999998 0.00105032 -0.00152678 0.00153267 -0.00105719 0.999989 -0.00449893 -0.0176258 0.00152204 0.00450053 0.999989 1.37946 
0.999988 0.00477655 -0.000605763 -0.00609833 -0.0047771 0.999988 -0.000917086 -0.016373 0.000601376 0.000919971 0.999999 1.38853 
0.999992 0.00406534 -0.000124057 -0.00472829 -0.00406516 0.999991 0.00139262 -0.0153306 0.000129718 -0.0013921 0.999999 1.39427 
0.999999 0.00171017 0.000275317 0.00463131 -0.00171101 0.999994 0.00307149 -0.014039 -0.000270063 -0.00307196 0.999995 1.39563 
1 0.000788022 0.000408503 0.00517145 -0.000788909 0.999997 0.00217587 -0.0221353 -0.000406787 -0.00217619 0.999997 1.39949 
1 -0.000641781 7.76513e-05 -0.000976533 0.000641718 0.999999 0.000814713 -0.0277462 -7.81742e-05 -0.000814662 1 1.40155 
0.999999 -0.00149415 -6.10091e-05 0.00100353 0.0014942 0.999999 0.000780359 -0.0273228 5.9843e-05 -0.00078045 1 1.40451 
0.999997 -0.00258699 -1.35369e-05 0.00315198 0.002587 0.999997 0.000436923 -0.0291741 1.24066e-05 -0.000436957 1 1.40799 
0.999996 -0.00266351 0.000376224 0.00132579 0.0026635 0.999996 1.00167e-05 -0.031759 -0.000376248 -9.01456e-06 1 1.40848 
0.999996 -0.00299656 0.000332237 0.00126922 0.00299624 0.999995 0.000961706 -0.0341249 -0.000335117 -0.000960706 1 1.41837 
0.999992 -0.00407193 0.000411597 0.00128621 0.00407118 0.99999 0.00180539 -0.032764 -0.000418945 -0.0018037 0.999998 1.41945 
0.999994 -0.00343641 0.000226107 -0.0039171 0.00343641 0.999994 3.49309e-05 -0.0452375 -0.000226227 -3.41532e-05 1 1.42157 
0.999998 0.00185298 0.000181944 -0.00770622 -0.0018522 0.999989 -0.00422402 -0.0398498 -0.000189769 0.00422368 0.999991 1.42004 
0.999979 0.00652616 0.000410963 -0.0188766 -0.00652375 0.999963 -0.00562155 -0.0509348 -0.000447634 0.00561875 0.999984 1.4231 
0.999956 0.00934099 0.00115895 -0.0212266 -0.0093404 0.999956 -0.000520208 -0.0347071 -0.00116376 0.00050936 0.999999 1.4333 
0.999965 0.00827033 0.00141537 -0.0217894 -0.00827623 0.999957 0.00421554 -0.0309215 -0.00138044 -0.0042271 0.99999 1.43767 
0.999999 0.00148313 0.000754561 -0.0106074 -0.00148494 0.999996 0.00239876 -0.0212591 -0.000751002 -0.00239988 0.999997 1.43771 
0.999998 -0.0020357 -0.00053214 -0.00470269 0.00203567 0.999998 -4.43541e-05 -0.0236278 0.000532229 4.32707e-05 1 1.4379 
0.999995 -0.00309089 -0.00116695 -0.00343323 0.00309096 0.999995 4.82676e-05 -0.0243826 0.0011668 -5.18743e-05 0.999999 1.44791 
0.999996 -0.00247906 -0.00112423 -0.00452054 0.00247897 0.999997 -7.76497e-05 -0.0220935 0.00112442 7.48625e-05 0.999999 1.44958 
1 0.000361639 -0.000512797 -0.00535393 -0.00036209 1 -0.000879446 -0.0232515 0.000512479 0.000879632 1 1.45528 
0.999999 0.00144519 -0.000107514 -0.00875616 -0.00144517 0.999999 0.00013616 -0.0331087 0.00010771 -0.000136005 1 1.46173 
0.999999 0.00125275 -0.000124042 -0.00894094 -0.00125263 0.999999 0.000977746 -0.0315642 0.000125268 -0.00097759 0.999999 1.46042 
1 -0.000588248 -0.000235492 -0.00760466 0.000588218 1 -0.000136564 -0.0364642 0.000235572 0.000136426 1 1.46889 
1 -0.000421916 -0.000392187 -0.00296754 0.000421365 0.999999 -0.00140308 -0.0318439 0.000392778 0.00140291 0.999999 1.4722 
1 -0.000750495 -0.000193552 -0.00104654 0.000750477 1 -9.64587e-05 -0.0249381 0.000193623 9.63132e-05 1 1.47511 
1 0.000352286 -0.000449829 -0.00676948 -0.000352132 1 0.000342465 -0.0282693 0.00044995 -0.000342307 1 1.48042 
1 3.20486e-05 -0.000342039 -0.00798547 -3.22356e-05 1 -0.000548508 -0.0303416 0.000342021 0.000548518 1 1.47731 
1 5.03292e-05 -0.000197835 -0.00534207 -5.03816e-05 1 -0.00027164 -0.0308988 0.000197821 0.000271651 1 1.48615 
0.999999 0.00109858 -0.000346198 -0.00512376 -0.00109857 0.999999 5.68843e-05 -0.0255492 0.00034626 -5.65047e-05 1 1.48416 
1 -0.000357588 -0.000340966 -0.00190598 0.000357449 1 -0.000406837 -0.0258832 0.000341112 0.000406714 1 1.48955 
1 0.000502874 -0.0002646 -0.00140542 -0.000502837 1 0.000112634 -0.0230315 0.000264657 -0.000112501 1 1.49028 
1 -0.000943592 -0.000106011 0.000910461 0.000943601 1 0.000136241 -0.0276842 0.000105882 -0.000136341 1 1.49115 
0.999999 -0.00125409 0.000113196 0.00062567 0.00125417 0.999999 -0.000636184 -0.0237648 -0.000112398 0.000636325 1 1.49095 
1 -0.0011315 0.000165931 0.00259331 0.00113144 0.999999 0.0003512 -0.0198147 -0.000166328 -0.000351012 1 1.49434 
0.999999 -0.00158871 0.000196825 0.00232148 0.00158857 0.999999 0.000749937 -0.0223203 -0.000198016 -0.000749624 1 1.49675 
1 -0.00015844 -1.01891e-05 0.000572532 0.000158445 1 0.000434718 -0.0261354 1.01203e-05 -0.000434718 1 1.49574 
1 0.000376129 -8.38745e-05 -0.00251088 -0.000376142 1 -0.000158647 -0.0308728 8.38147e-05 0.000158678 1 1.50124 
1 0.000690202 0.000222715 -0.00179914 -0.000689927 0.999999 -0.00123436 -0.03181 -0.000223567 0.0012342 0.999999 1.50565 
0.999999 0.00127279 0.000526898 -0.00326672 -0.00127321 0.999999 0.000795335 -0.0291574 -0.000525886 -0.000796004 1 1.50539 
1 0.00031619 0.000635909 -0.00235826 -0.000317734 0.999997 0.00242715 -0.0293224 -0.00063514 -0.00242735 0.999997 1.51047 
1 -0.000269331 0.000510392 -0.00110072 0.000269134 1 0.000387151 -0.0306149 -0.000510496 -0.000387013 1 1.51088 
1 0.000248126 0.000480982 -0.00247467 -0.00024736 0.999999 -0.00159179 -0.0335288 -0.000481377 0.00159167 0.999999 1.51607 
1 -3.46506e-05 0.000556533 -0.00117677 3.54074e-05 0.999999 -0.00136264 -0.0295744 -0.000556487 0.00136266 0.999999 1.51472 
1 0.00103062 0.000306609 -0.00174487 -0.00103075 0.999999 0.00045475 -0.0240376 -0.000306139 -0.000455066 1 1.52113 
1 -0.000489486 5.83213e-05 0.000164509 0.00048943 0.999999 0.000940809 -0.024982 -5.87823e-05 -0.00094078 1 1.52467 
1 8.04072e-05 -0.000310269 -0.0010848 -8.01784e-05 1 0.000738399 -0.0252991 0.000310329 -0.000738374 1 1.52052 
1 0.000327198 -0.000227144 -0.0018872 -0.000327123 1 0.000328724 -0.0290809 0.000227251 -0.00032865 1 1.5282 
0.999999 0.00146597 4.06173e-05 -0.00115371 -0.00146598 0.999999 9.38539e-05 -0.0249739 -4.04806e-05 -9.39132e-05 1 1.52771 
1 0.000979888 0.000204445 -0.00100446 -0.000979886 1 3.02966e-05 -0.0253263 -0.000204415 -3.04971e-05 1 1.5329 
1 0.000600472 -0.000112595 -0.00104213 -0.000600477 1 2.30917e-05 -0.0236225 0.000112608 -2.3024e-05 1 1.53148 
0.999999 -0.00157783 8.87318e-06 0.000447035 0.00157782 0.999999 0.000320103 -0.0274477 -9.37842e-06 -0.000320088 1 1.5345 
0.999999 -0.00149647 -0.000103905 0.000201464 0.00149657 0.999998 0.000904535 -0.0280848 0.000102551 -0.000904689 1 1.53818 
0.999996 -0.00282197 5.33541e-05 0.00250816 0.00282192 0.999996 0.00102 -0.0288467 -5.62319e-05 -0.00101984 1 1.53906 
0.999999 -0.00153998 -0.000317262 0.00181687 0.00153974 0.999998 -0.000778845 -0.0290213 0.00031846 0.000778355 1 1.53482 
0.999999 -0.00122753 -0.00027666 0.00167394 0.00122714 0.999998 -0.0014132 -0.0275197 0.000278396 0.00141286 0.999999 1.53784 
0.999998 -0.00194774 0.000570954 0.000298083 0.0019467 0.999996 0.00180916 -0.0302334 -0.000574477 -0.00180804 0.999998 1.53818 
0.999999 -0.00105169 0.000443147 -0.00395453 0.00105057 0.999996 0.00252786 -0.036272 -0.000445804 -0.00252739 0.999997 1.54584 
0.999998 -0.00194604 0.00013013 -0.00104856 0.00194617 0.999998 -0.00100306 -0.0479202 -0.000128176 0.00100331 1 1.54071 
1 -0.000847911 0.000288294 -0.00198984 0.000848354 0.999999 -0.00153661 -0.0424747 -0.000286991 0.00153685 0.999999 1.5394 
0.999999 0.000970356 0.000644882 -0.00511312 -0.000970303 1 -8.38579e-05 -0.0451641 -0.000644963 8.32323e-05 1 1.53931 
0.999998 0.00147358 0.00108456 -0.0058533 -0.001474 0.999999 0.000378398 -0.0442095 -0.001084 -0.000379997 0.999999 1.54129 
0.999998 0.0016968 0.000960222 -0.00694144 -0.00169639 0.999998 -0.000420206 -0.0479121 -0.000960933 0.000418576 0.999999 1.54623 
0.999999 0.00119112 0.000962571 -0.00707221 -0.00119104 0.999999 -8.82777e-05 -0.0410419 -0.000962676 8.71317e-05 1 1.54221 
0.999999 0.000755498 0.000791409 -0.0115001 -0.000755212 1 -0.000360724 -0.0557351 -0.000791681 0.000360127 1 1.54611 
1 0.000352589 0.00083843 -0.00726724 -0.000352084 1 -0.00060304 -0.0458703 -0.000838642 0.000602743 0.999999 1.54166 
0.999999 -0.000542064 0.000907457 -0.00873208 0.000542478 1 -0.000456153 -0.0534167 -0.00090721 0.000456645 1 1.5498 
0.999999 -0.000588631 0.000838673 -0.00391364 0.000588492 1 0.000165993 -0.039207 -0.000838772 -0.000165499 1 1.55066 
0.999999 -0.000907349 0.000743915 -0.00338483 0.000906371 0.999999 0.0013158 -0.0395579 -0.000745104 -0.00131513 0.999999 1.55402 
0.999999 -0.00141588 0.00034223 -0.00124764 0.00141573 0.999999 0.000424312 -0.0352392 -0.00034283 -0.000423828 1 1.55069 
1 -0.000676238 6.25923e-05 -0.00313234 0.000676384 0.999997 -0.0023545 -0.040133 -6.10054e-05 0.00235454 0.999997 1.54486 
0.999999 -0.000944639 -0.000355899 -0.00399256 0.000943723 0.999996 -0.00256433 -0.0392356 0.000358322 0.00256399 0.999997 1.55457 
1 0.000317013 -0.000843394 -0.00495672 -0.000317267 1 -0.000301369 -0.0355029 0.000843303 0.000301637 1 1.55386 
0.999998 -0.00160436 -0.000707348 -0.00418568 0.00160484 0.999998 0.000680345 -0.0314512 0.000706244 -0.000681479 1 1.55682 
0.999999 9.54898e-05 -0.00101524 -0.00387907 -9.61084e-05 1 -0.000610173 -0.0315762 0.00101519 0.000610271 0.999999 1.55902 
1 0.000267335 -0.000561384 -0.00430059 -0.000267487 1 -0.000269577 -0.0339074 0.000561312 0.000269727 1 1.5625 
1 4.28502e-05 -0.000708463 -0.00582433 -4.24893e-05 1 0.000509273 -0.0353284 0.000708485 -0.000509242 1 1.56921 
1 -0.000443736 -0.000849643 -0.00510931 0.000444001 1 0.000310203 -0.037066 0.000849507 -0.00031058 1 1.57169 
0.999999 -0.000641859 -0.00103365 5.8651e-05 0.000642666 1 0.000781326 -0.0275965 0.00103315 -0.000781989 0.999999 1.578 
0.999999 0.00159127 -0.000554469 -0.00205374 -0.0015904 0.999997 0.00156505 -0.0307059 0.000556958 -0.00156417 0.999999 1.58655 
1 0.00052965 0.000632755 -0.00227308 -0.000530013 1 0.000572213 -0.0331287 -0.000632451 -0.000572548 1 1.58441 
0.999999 0.00057327 0.000971016 -0.0020541 -0.000572755 1 -0.000530589 -0.037642 -0.00097132 0.000530033 0.999999 1.59186 
0.999999 -0.00128756 0.00038118 0.000618696 0.00128773 0.999999 -0.000448644 -0.0316968 -0.000380601 0.000449134 1 1.59653 
0.999998 -0.00172452 0.000174887 0.00156188 0.00172468 0.999998 -0.000870153 -0.0357389 -0.000173387 0.000870453 1 1.59918 
0.999999 -0.00165885 0.000297903 -0.00175977 0.00165943 0.999997 -0.00193341 -0.0340738 -0.000294695 0.00193391 0.999998 1.60303 
1 -0.000266309 -1.17812e-07 -0.00820112 0.000266309 1 -0.000985528 -0.04072 3.80445e-07 0.000985527 1 1.60739 
0.999998 0.000533225 -0.00212431 -0.00948668 -0.000535147 0.999999 -0.000903983 -0.0358725 0.00212383 0.000905118 0.999997 1.61432 
0.999997 0.000928167 -0.00214561 -0.0126227 -0.000927266 1 0.00042086 -0.0371752 0.002146 -0.000418869 0.999998 1.61154 
0.999999 0.00174757 -0.000399214 -0.0157746 -0.00174631 0.999994 0.00315407 -0.0373254 0.000404724 -0.00315337 0.999995 1.62384 
0.999999 -0.00122209 0.000508037 -0.00656796 0.00122041 0.999994 0.00328501 -0.0368853 -0.000512047 -0.00328438 0.999994 1.62711 
0.999999 -0.00104712 0.000209407 -0.00669432 0.00104695 0.999999 0.000844455 -0.0453081 -0.00021029 -0.000844236 1 1.62869 
0.999999 -0.00143273 0.00027589 -0.00353873 0.0014331 0.999998 -0.00131195 -0.0408893 -0.000274011 0.00131235 0.999999 1.62827 
1 -0.000769922 0.000340011 -0.00502086 0.00076991 1 3.57061e-05 -0.0412903 -0.000340038 -3.54433e-05 1 1.62973 
1 0.000125528 0.000200045 -0.00442135 -0.000125613 1 0.000417901 -0.0394325 -0.000199993 -0.000417928 1 1.6315 
1 -0.000135918 0.000488066 -0.0057174 0.000136018 1 -0.000203635 -0.0454144 -0.000488039 0.000203702 1 1.6257 
0.999999 0.00144125 0.000479613 -0.00624955 -0.00144096 0.999999 -0.000606315 -0.0420165 -0.000480487 0.000605622 1 1.62842 
0.999999 0.000787717 0.000668076 -0.00698209 -0.000787207 1 -0.000761782 -0.0469656 -0.000668674 0.000761255 0.999999 1.6293 
0.999999 -0.00111612 0.00084976 -0.0012114 0.0011146 0.999998 0.00179488 -0.0376406 -0.000851763 -0.00179393 0.999998 1.62659 
1 -0.000891714 0.000134558 -0.00123811 0.000891565 0.999999 0.00111272 -0.0406408 -0.00013555 -0.0011126 0.999999 1.62656 
0.999999 -0.00123236 -0.000311332 -0.00172043 0.00123191 0.999998 -0.00145821 -0.0358648 0.000313127 0.00145782 0.999999 1.61853 
1 0.000805473 1.29491e-05 -0.00580668 -0.000805474 1 0.000102752 -0.0445929 -1.28672e-05 -0.000102762 1 1.61981 
0.999997 0.00238706 -0.000111166 -0.00737953 -0.00238721 0.999996 -0.00135792 -0.0407667 0.000107925 0.00135818 0.999999 1.61298 
0.999999 0.00118599 -0.000744629 -0.0063374 -0.00118919 0.99999 -0.00431345 -0.0430799 0.000739506 0.00431433 0.999991 1.60727 
0.999998 0.0015847 -0.000871159 -0.00594974 -0.00158372 0.999998 0.00112967 -0.0340023 0.000872948 -0.00112829 0.999999 1.61154 
1 0.000549812 -0.000864983 -0.0055753 -0.000546845 0.999994 0.0034267 -0.0354075 0.000866862 -0.00342622 0.999994 1.60767 
0.999999 0.0011938 -0.0010581 -0.0038358 -0.00119036 0.999994 0.00324737 -0.032135 0.00106197 -0.0032461 0.999994 1.61746 
0.999999 0.000484758 -0.00120808 -0.00281739 -0.000486277 0.999999 -0.00125723 -0.0340357 0.00120747 0.00125781 0.999999 1.60648 
0.999998 -0.000654616 -0.00181962 -0.00167662 0.000650905 0.999998 -0.00203894 -0.0287523 0.00182095 0.00203775 0.999996 1.59958 
0.999998 -0.000995123 -0.00189677 0.000151515 0.000998092 0.999998 0.001565 -0.0264935 0.00189521 -0.00156688 0.999997 1.60284 
0.999998 -0.00162436 -0.000998441 2.69413e-05 0.00162523 0.999998 0.000865867 -0.0346375 0.000997033 -0.000867487 0.999999 1.59961 
1 -0.000276879 -0.000434951 -0.000402033 0.000276464 1 -0.00095453 -0.0345926 0.000435214 0.00095441 1 1.59802 
1 -0.000661538 -0.000219168 -0.00630462 0.000661341 0.999999 -0.000900692 -0.0397696 0.000219764 0.000900547 1 1.59457 
1 -6.52664e-05 -2.03922e-05 -0.00506902 6.5266e-05 1 5.72103e-05 -0.0353227 2.03887e-05 -5.72114e-05 1 1.59854 
1 -0.000494005 3.02584e-05 -0.00721657 0.000494011 1 -0.000175417 -0.0402927 -3.01723e-05 0.000175431 1 1.59146 
1 -0.00064795 -3.30366e-05 -0.00562799 0.000647932 1 -0.00060253 -0.0413055 3.34275e-05 0.000602508 1 1.59286 
1 -0.000183736 -0.000127856 -0.00656784 0.000183651 1 -0.000661049 -0.0405583 0.000127977 0.000661025 1 1.591 
1 -0.000496796 7.41526e-05 -0.00656569 0.000496769 1 0.000356218 -0.0372448 -7.43291e-05 -0.000356182 1 1.59073 
1 0.000431922 7.00899e-05 -0.00810087 -0.000431853 0.999999 -0.0010028 -0.0380688 -7.05237e-05 0.00100277 0.999999 1.59119 
0.999999 -0.00151828 6.36822e-05 -0.00493991 0.00151836 0.999998 -0.00122466 -0.0373588 -6.18231e-05 0.00122475 0.999999 1.58536 
0.999999 -0.00135767 0.000125566 -0.00491464 0.00135748 0.999998 0.00147987 -0.0360079 -0.000127576 -0.0014797 0.999999 1.59775 
0.999999 -0.00166696 -0.000121904 -0.00870717 0.0016671 0.999998 0.00115227 -0.0393176 0.000119983 -0.00115247 0.999999 1.59714 
1 -0.000548204 4.55803e-05 -0.00678557 0.000548243 1 -0.0006994 -0.0359664 -4.51982e-05 0.000699425 1 1.59726 
0.999999 0.00111594 0.000367795 -0.0143921 -0.00111562 0.999999 -0.000876464 -0.0416889 -0.000368772 0.000876053 0.999999 1.60553 
0.999998 0.00200613 0.000490466 -0.0129389 -0.00200674 0.999997 0.0012534 -0.0357118 -0.000487951 -0.00125438 0.999999 1.58878 
0.999999 0.00133418 0.000504153 -0.016628 -0.00133433 0.999999 0.00029567 -0.0447102 -0.000503758 -0.000296342 1 1.64011 
1 0.000402143 0.00036868 -0.0121494 -0.00040205 1 -0.000251655 -0.0394316 -0.000368782 0.000251506 1 1.60989 
1 -0.000179856 0.000230811 -0.0121662 0.000180039 1 -0.000798103 -0.0391555 -0.000230667 0.000798144 1 1.55579 
1 0.000161779 0.000280656 -0.00887229 -0.00016171 1 -0.000246355 -0.0341997 -0.000280696 0.000246309 1 1.60623 
1 0.000382176 0.000224633 -0.00653706 -0.000382164 1 -5.45313e-05 -0.0345044 -0.000224654 5.44455e-05 1 1.60562 
0.999999 0.00115246 0.000312202 -0.00701667 -0.00115249 0.999999 0.00011781 -0.0333271 -0.000312066 -0.00011817 1 1.61423 
0.999999 0.00129167 0.000327517 -0.00897022 -0.00129191 0.999999 0.000721098 -0.0361724 -0.000326585 -0.00072152 1 1.61313 
0.999999 0.0011529 0.000266534 -0.00831109 -0.00115273 0.999999 -0.000615245 -0.0377302 -0.000267243 0.000614937 1 1.62054 
1 0.000863998 0.000268827 -0.00828239 -0.00086384 0.999999 -0.000585543 -0.0363536 -0.000269333 0.000585311 1 1.61038 
1 0.000746477 0.000326165 -0.00786245 -0.000746508 1 9.48781e-05 -0.0368233 -0.000326095 -9.51214e-05 1 1.61661 
0.999999 0.00124524 0.000253658 -0.00674701 -0.00124547 0.999999 0.000918443 -0.0337939 -0.000252514 -0.000918758 0.999999 1.61792 
0.999999 0.00112546 0.000390676 -0.00588614 -0.00112574 0.999999 0.000717022 -0.0332685 -0.00038987 -0.000717461 1 1.62018 
1 0.000661164 0.00038866 -0.00543475 -0.000660903 1 -0.000667223 -0.0333796 -0.000389101 0.000666966 1 1.62997 
1 2.23517e-05 0.000251765 -0.00286853 -2.23894e-05 1 0.000144733 -0.0360141 -0.000251762 -0.000144739 1 1.62195 
0.999994 -0.00292642 -0.00209039 1.12385 0.00292545 0.999996 -0.000464578 7.91544 0.00209174 0.000458459 0.999998 -393.553 
