1 -1.19762e-11 -1.70464e-10 5.55112e-17 -1.19762e-11 1 -3.5625e-10 7.84386e-26 -1.70464e-10 -3.5625e-10 1 -2.22045e-16 
1 0.000903796 0.000208919 -0.00154648 -0.000903519 0.999999 -0.00132583 0.019955 -0.000210117 0.00132565 0.999999 -1.31062 
1 0.000743125 0.000342824 0.000159474 -0.000742942 1 -0.000534639 0.0262616 -0.000343221 0.000534384 1 -1.31461 
0.999998 0.00176614 0.000181915 -0.00248125 -0.00176638 0.999998 0.00132291 0.0217093 -0.000179579 -0.00132323 0.999999 -1.31642 
1 0.000222074 -8.88293e-05 -0.00150593 -0.000222099 1 -0.000277606 0.0228893 8.87676e-05 0.000277625 1 -1.31927 
1 0.000290298 -0.00013042 -0.00198796 -0.000290406 1 -0.000826163 0.018805 0.000130181 0.000826201 1 -1.32059 
0.999999 0.00157929 -0.000105036 -0.00386351 -0.0015794 0.999998 -0.00105311 0.018717 0.000103373 0.00105327 0.999999 -1.32709 
1 -0.000318975 0.000175964 -0.00143882 0.000319133 1 -0.000889513 0.0209899 -0.00017568 0.000889569 1 -1.33012 
1 -0.000555172 0.000270853 -0.000459435 0.000554705 0.999998 0.0017147 0.0194482 -0.000271805 -0.00171455 0.999998 -1.33063 
0.999996 -0.00273263 0.00010467 -0.00030994 0.00273234 0.999993 0.00265113 0.0126438 -0.000111914 -0.00265084 0.999996 -1.33464 
0.999994 -0.00344498 -0.00033969 0.0025126 0.00344529 0.999994 0.000940228 0.0109895 0.000336449 -0.000941392 1 -1.33784 
0.999997 -0.0024189 -9.08088e-05 0.00450394 0.00241888 0.999997 -0.000146195 0.0170766 9.11621e-05 0.000145975 1 -1.33843 
0.999999 -0.001227 -0.000139869 0.00335985 0.0012269 0.999999 -0.000706989 0.0206792 0.000140736 0.000706817 1 -1.3502 
0.999998 0.00219667 -0.000407801 -0.00160814 -0.00219774 0.999994 -0.00264318 0.02104 0.000401993 0.00264407 0.999997 -1.35153 
0.999992 0.0038919 -0.000225727 -0.00438858 -0.0038924 0.99999 -0.00222896 0.0227448 0.00021705 0.00222982 0.999997 -1.35239 
0.999996 0.00273917 0.000299965 -0.00450898 -0.00273981 0.999994 0.00216575 0.0186552 -0.000294031 -0.00216657 0.999998 -1.35198 
0.999999 0.00148007 0.000204651 0.000672002 -0.00148055 0.999996 0.0023843 0.0224456 -0.000201122 -0.0023846 0.999997 -1.35458 
0.999997 -0.00226986 -0.000653984 0.00555671 0.00227085 0.999996 0.00151474 0.0262846 0.000650543 -0.00151622 0.999999 -1.36453 
0.999995 -0.00299288 -0.000818977 0.0083022 0.00299181 0.999995 -0.00130085 0.0235366 0.000822867 0.00129839 0.999999 -1.36636 
0.999999 -0.00131015 -0.000687674 0.0049807 0.00130587 0.99998 -0.00619431 0.0294085 0.000695774 0.0061934 0.999981 -1.37643 
0.999997 0.00249144 -0.000427221 -0.00138146 -0.00249146 0.999997 -3.76021e-05 0.025895 0.000427127 3.86676e-05 1 -1.3715 
0.999991 0.00429121 0.000426342 -0.00419139 -0.00429187 0.99999 0.00157515 0.0281649 -0.000419579 -0.00157697 0.999999 -1.37433 
1 0.000599316 -1.8317e-05 -0.000442367 -0.000599268 0.999997 0.00257087 0.0247739 1.98588e-05 -0.00257086 0.999997 -1.37537 
1 0.00024955 -0.000397628 0.000803053 -0.000248634 0.999997 0.00229515 0.0248698 0.000398199 -0.00229505 0.999997 -1.37975 
0.999994 -0.00331176 -0.000775404 0.00557718 0.00331208 0.999995 0.000412479 0.0239596 0.000774034 -0.000415045 1 -1.3855 
1 -0.000940122 -0.000392499 0.00350038 0.000940949 0.999997 0.00211455 0.0223785 0.00039051 -0.00211492 0.999998 -1.38257 
1 -0.00089354 7.18792e-05 0.00303146 0.000893508 0.999999 0.000463524 0.0253552 -7.22932e-05 -0.00046346 1 -1.39314 
1 -7.30094e-05 8.72717e-05 0.00284464 7.32101e-05 0.999997 -0.00230394 0.0291865 -8.71033e-05 0.00230395 0.999997 -1.39711 
1 -0.000772119 0.000422522 0.00118405 0.000772794 0.999998 -0.00159887 0.0251926 -0.000421287 0.00159919 0.999999 -1.398 
0.999996 -0.00270256 2.26723e-05 0.0022223 0.00270255 0.999996 0.000318555 0.0234287 -2.35331e-05 -0.000318492 1 -1.39568 
0.999997 -0.00253648 -0.000139659 0.00179337 0.00253651 0.999997 0.00018165 0.0190812 0.000139198 -0.000182004 1 -1.40282 
0.999998 -0.00215374 -5.95534e-06 0.00444795 0.00215374 0.999998 -0.000511023 0.0269745 7.05593e-06 0.000511009 1 -1.40662 
0.999999 -0.00110548 0.000269735 0.00162454 0.00110556 0.999999 -0.000276643 0.0237433 -0.000269428 0.000276941 1 -1.40758 
1 0.00104963 0.000428365 -0.00164925 -0.00104981 0.999999 0.000414713 0.0234567 -0.000427929 -0.000415163 1 -1.40964 
0.999999 0.000834583 0.000687301 -0.00233354 -0.000835016 0.999999 0.000628848 0.0200113 -0.000686776 -0.000629421 1 -1.41308 
0.999999 0.000625523 0.000963599 -0.00226874 -0.000624814 1 -0.000735915 0.0219002 -0.000964059 0.000735312 0.999999 -1.41577 
1 -0.000210192 0.00100796 2.42144e-07 0.000211052 1 -0.000852591 0.0240822 -0.00100778 0.000852803 0.999999 -1.42257 
0.999999 -0.000638028 0.00106433 -0.000171728 0.000638294 1 -0.000253078 0.0231463 -0.00106417 0.000253757 0.999999 -1.42253 
0.999999 9.70186e-06 0.00117312 -0.000883818 -1.01527e-05 1 0.000386598 0.0218618 -0.00117312 -0.00038661 0.999999 -1.42611 
0.999999 -0.00023996 0.00111761 -0.00168772 0.000241381 0.999999 -0.00127247 0.0216237 -0.0011173 0.00127274 0.999998 -1.42881 
0.999999 0.00138994 0.000804413 -0.00186306 -0.00138917 0.999999 -0.000962577 0.0256079 -0.000805749 0.000961458 0.999999 -1.42741 
0.999999 0.00149355 0.000640822 -0.00327623 -0.00149361 0.999999 9.06147e-05 0.0240923 -0.000640686 -9.15718e-05 1 -1.4319 
0.999997 0.0022813 0.000625122 -0.00454071 -0.00228158 0.999997 0.000437259 0.0237813 -0.000624123 -0.000438683 1 -1.42884 
0.999999 0.00134697 7.64909e-05 -0.00503859 -0.00134693 0.999999 -0.000437532 0.0217487 -7.70795e-05 0.000437427 1 -1.42809 
0.999999 0.00121483 -0.000430521 -0.00400561 -0.0012151 0.999999 -0.000637271 0.0246235 0.000429745 0.000637793 1 -1.42945 
0.999999 0.00102541 -0.000384036 -0.00319821 -0.00102565 0.999999 -0.000629427 0.0259956 0.000383389 0.000629822 1 -1.42468 
0.999998 0.00193184 -0.000427501 -0.00221202 -0.00193165 0.999998 0.000434692 0.0282952 0.00042834 -0.000433865 1 -1.42393 
0.999999 0.00150026 -0.000476099 -0.00399654 -0.00149986 0.999999 0.000850744 0.0243919 0.000477375 -0.00085003 0.999999 -1.41982 
1 -7.76583e-05 -0.000645628 -0.00155279 7.80283e-05 1 0.000572591 0.0247254 0.000645583 -0.000572641 1 -1.41748 
0.999998 -0.00173787 -0.000806683 0.000539899 0.00173782 0.999999 -6.15665e-05 0.0237755 0.000806789 6.01651e-05 1 -1.41367 
0.999996 -0.00283158 -0.000485231 0.00644162 0.00283093 0.999995 -0.00133401 0.0310248 0.000489006 0.00133263 0.999999 -1.41273 
0.999993 -0.00365931 -0.000776851 0.00575051 0.00365829 0.999992 -0.00131283 0.0287884 0.000781648 0.00130998 0.999999 -1.41395 
0.999993 -0.00364681 -0.000755551 0.00717857 0.00364639 0.999993 -0.000554967 0.0282172 0.00075757 0.000552209 1 -1.40966 
0.99999 -0.00449165 -0.000669022 0.00692404 0.00449191 0.99999 0.000390581 0.0249929 0.000667261 -0.000393583 1 -1.39996 
0.999995 -0.00306527 -0.00072136 0.00548294 0.00306562 0.999995 0.000481559 0.0238856 0.00071988 -0.000483768 1 -1.40249 
0.999997 -0.00214891 -0.000699067 0.00817461 0.00214909 0.999998 0.000265143 0.0301437 0.000698496 -0.000266646 1 -1.40193 
1 -0.000271968 -0.00033649 0.00348909 0.000271925 1 -0.000133465 0.0270222 0.000336525 0.000133373 1 -1.39616 
0.999999 0.00123556 -0.000154356 0.000723571 -0.00123559 0.999999 -0.00016564 0.02657 0.000154151 0.00016583 1 -1.39407 
0.999999 0.00116762 6.75949e-05 -0.000944391 -0.00116769 0.999999 0.00095205 0.0237323 -6.64834e-05 -0.000952127 1 -1.39041 
1 0.000746718 0.000280458 0.00125475 -0.000746749 1 0.000127676 0.0265844 -0.000280361 -0.000127885 1 -1.38542 
1 -4.46844e-05 0.000232419 0.00121576 4.47449e-05 1 -0.000269346 0.0257215 -0.000232408 0.000269357 1 -1.38616 
1 0.000454578 0.000533142 0.00522226 -0.000454856 1 0.000522404 0.0260255 -0.000532904 -0.000522647 1 -1.38638 
1 -0.000354778 0.000726304 0.00794712 0.000355043 1 -0.000353666 0.0254103 -0.000726179 0.000353924 1 -1.38186 
0.999999 0.000381253 0.000941764 0.0130416 -0.000380602 1 -0.00070384 0.0297107 -0.000942033 0.000703481 0.999999 -1.38442 
0.999997 0.00212558 0.00114406 0.0063129 -0.00212438 0.999997 -0.0010489 0.0268842 -0.00114629 0.00104647 0.999999 -1.37882 
0.999997 0.0021422 0.00121494 0.00925744 -0.00214133 0.999997 -0.000706972 0.028246 -0.00121645 0.000704367 0.999999 -1.37714 
0.999998 0.00198814 0.000626108 0.00765893 -0.00198804 0.999998 -0.000161702 0.0258751 -0.000626427 0.000160456 1 -1.3688 
0.999999 0.00129069 0.0004734 0.0114224 -0.00129101 0.999999 0.000681087 0.0260777 -0.000472522 -0.000681696 1 -1.36598 
0.999999 0.00122523 0.000277486 0.0109321 -0.00122538 0.999999 0.000520864 0.0249586 -0.000276848 -0.000521204 1 -1.36208 
1 -0.00066101 0.000134391 0.0178623 0.000660959 1 0.000381996 0.0267791 -0.000134643 -0.000381906 1 -1.35735 
1 0.000199782 -0.000120639 0.0154434 -0.000199697 1 0.000691672 0.0256039 0.000120779 -0.000691648 1 -1.35304 
1 -0.000726332 -0.000244837 0.0148153 0.000726496 0.999999 0.000673722 0.0249355 0.000244347 -0.0006739 1 -1.35163 
0.999999 -0.00159834 -0.000368391 0.016958 0.00159829 0.999999 -0.000132115 0.0260829 0.000368601 0.000131526 1 -1.34967 
1 -0.000463433 -0.000239386 0.00910668 0.000463104 0.999999 -0.00137708 0.0239766 0.000240023 0.00137697 0.999999 -1.34511 
0.999999 -0.00129919 -0.000155131 0.0159162 0.00129895 0.999998 -0.00156093 0.0298491 0.000157159 0.00156073 0.999999 -1.345 
1 0.000527118 -5.58838e-05 0.0125654 -0.000527045 0.999999 0.00130927 0.0262375 5.65734e-05 -0.00130924 0.999999 -1.34044 
1 0.000119596 -9.66964e-05 0.0138992 -0.00011934 0.999996 0.00264218 0.0242693 9.70131e-05 -0.00264217 0.999997 -1.33859 
1 0.000536635 4.01658e-05 0.00539796 -0.000536683 0.999999 0.00117699 0.0190728 -3.95356e-05 -0.00117701 0.999999 -1.33631 
0.999998 0.00213264 -0.000141129 0.0144002 -0.00213282 0.999997 -0.00130517 0.0287551 0.000138345 0.00130547 0.999999 -1.34447 
0.999997 0.00236841 -0.000606541 0.0128914 -0.00236968 0.999995 -0.00211189 0.0292468 0.000601537 0.00211332 0.999998 -1.34103 
0.999998 0.00158178 -0.000915332 0.0206245 -0.00158239 0.999998 -0.000663167 0.0327306 0.000914282 0.000664614 0.999999 -1.33807 
0.999999 0.000883856 -0.00071031 0.0191872 -0.000882829 0.999999 0.00144559 0.0286512 0.000711587 -0.00144497 0.999999 -1.33192 
0.999998 -0.00190583 -0.000672637 0.0188876 0.00190744 0.999995 0.00240192 0.0260118 0.000668056 -0.0024032 0.999997 -1.32837 
0.999997 -0.00194982 -0.00109201 0.009159 0.00195222 0.999996 0.00219748 0.0191761 0.00108772 -0.0021996 0.999997 -1.32361 
0.999994 -0.0030371 -0.0014147 0.0103487 0.00303742 0.999995 0.000219141 0.0199313 0.00141403 -0.000223437 0.999999 -1.33149 
0.999998 -0.0014344 -0.0014161 0.00849342 0.00143131 0.999997 -0.00218035 0.0210257 0.00141922 0.00217832 0.999997 -1.33286 
0.999999 -9.45508e-05 -0.00104821 0.00595993 9.19891e-05 0.999997 -0.0024447 0.0225928 0.00104844 0.0024446 0.999996 -1.33432 
0.999999 0.000998223 -0.000776575 0.00430596 -0.00099877 0.999999 -0.000703876 0.0199904 0.000775871 0.000704651 0.999999 -1.33382 
0.999999 -0.000504474 -0.00102587 0.011271 0.000505241 1 0.000746936 0.0255008 0.00102549 -0.000747455 0.999999 -1.34307 
0.999998 -0.00175962 -0.0012453 0.0239874 0.00176021 0.999998 0.00047241 0.0391996 0.00124446 -0.000474602 0.999999 -1.36363 
0.999997 -0.00202682 -0.00114521 0.0203696 0.00202725 0.999998 0.000372206 0.0331483 0.00114445 -0.000374525 0.999999 -1.35558 
0.999999 -0.000746501 -0.00112755 0.0192922 0.000747709 0.999999 0.00106612 0.0328848 0.00112675 -0.00106696 0.999999 -1.35912 
0.999999 -0.00108868 -0.00109597 0.016443 0.00108929 0.999999 0.000561043 0.0277495 0.00109536 -0.000562237 0.999999 -1.35346 
0.999999 0.000840439 -0.000910226 0.0223728 -0.000840205 1 0.000259993 0.0412104 0.000910442 -0.000259228 1 -1.35519 
1 0.000520266 -0.00076234 0.0177891 -0.000520865 1 -0.00079187 0.0347879 0.000761924 0.000792266 0.999999 -1.35693 
0.999999 0.0009544 -0.000829408 0.0204318 -0.000955674 0.999998 -0.0015271 0.0393903 0.000827961 0.00152789 0.999999 -1.35712 
0.999999 0.000997034 -0.000318093 0.0142515 -0.00099705 1 -7.21237e-05 0.0308208 0.000318008 7.24399e-05 1 -1.34856 
0.999998 0.00207405 2.70968e-05 0.0140581 -0.00207404 0.999998 -0.000389616 0.0332472 -2.7895e-05 0.000389559 1 -1.35381 
0.999999 0.00166285 0.000328033 0.0174279 -0.00166268 0.999998 -0.000526495 0.0409706 -0.000328911 0.00052595 1 -1.35143 
0.999999 0.00151106 0.000541355 0.0183847 -0.00151125 0.999999 0.000363596 0.0406942 -0.000540812 -0.000364414 1 -1.35294 
0.999998 0.00158902 0.00125544 0.0140557 -0.00158911 0.999999 7.60444e-05 0.0329888 -0.00125531 -7.80395e-05 0.999999 -1.34579 
0.999999 0.00124622 0.00107388 0.0144129 -0.00124513 0.999999 -0.0010107 0.0349879 -0.00107514 0.00100936 0.999999 -1.35158 
0.999998 0.00156072 0.00102223 0.0126038 -0.0015604 0.999999 -0.000314821 0.0337322 -0.00102272 0.000313224 1 -1.34998 
0.999999 0.00074344 0.0013014 0.0145223 -0.000743555 1 8.76691e-05 0.039829 -0.00130133 -8.86372e-05 0.999999 -1.35007 
0.999999 0.000259393 0.00125298 0.0125897 -0.00025997 1 0.000460869 0.0331011 -0.00125286 -0.000461194 0.999999 -1.34911 
0.999999 0.000378489 0.00104113 0.0124168 -0.000379008 1 0.000498642 0.0309658 -0.00104094 -0.000499035 0.999999 -1.34755 
0.999998 0.00163708 0.000989426 0.0110936 -0.00163884 0.999997 0.00177197 0.0305588 -0.000986522 -0.00177359 0.999998 -1.34778 
0.999984 0.00553012 0.00113795 0.00803161 -0.00553174 0.999984 0.0014317 0.0325754 -0.00113001 -0.00143797 0.999998 -1.34326 
0.999976 0.00678947 0.00110478 0.00739431 -0.00678632 0.999973 -0.00283152 0.041157 -0.00112397 0.00282396 0.999995 -1.35254 
0.99997 0.00763502 0.00146198 0.00135696 -0.00763362 0.99997 -0.000967615 0.0325058 -0.00146933 0.000956427 0.999999 -1.34906 
0.999994 0.00331982 0.00124745 0.00649565 -0.00332281 0.999992 0.00240002 0.0319409 -0.00123947 -0.00240415 0.999996 -1.34505 
1 8.43991e-05 -0.000146936 0.0103105 -8.38064e-05 0.999992 0.00400302 0.0242276 0.000147272 -0.00400301 0.999992 -1.34364 
0.999994 -0.00354381 -0.000829872 0.0183555 0.00354527 0.999992 0.00177876 0.03087 0.000823562 -0.00178169 0.999998 -1.3457 
1 -0.000255673 -0.000753268 0.00958312 0.000255683 1 1.0049e-06 0.0250044 0.000753268 -1.19768e-06 1 -1.34709 
0.999996 0.00271991 -0.000682963 0.002711 -0.00272205 0.999991 -0.00313502 0.0288603 0.00067443 0.00313686 0.999995 -1.3486 
0.999985 0.0054446 -0.000568391 -0.00334823 -0.0054464 0.99998 -0.00324074 0.0285733 0.000550735 0.00324379 0.999995 -1.34995 
0.999991 0.0041547 -1.30825e-05 -0.0058037 -0.00415471 0.999991 -0.000717704 0.0279121 1.01007e-05 0.000717752 1 -1.34894 
0.999998 0.00179539 5.07371e-05 -0.00369036 -0.00179537 0.999998 -0.000372489 0.0275855 -5.14057e-05 0.000372396 1 -1.34663 
0.999998 -0.00155361 -0.000827665 0.00020349 0.00155332 0.999999 -0.000356083 0.0311451 0.000828217 0.000354796 1 -1.3503 
0.999992 -0.0039342 -0.00121108 0.00645304 0.00393466 0.999992 0.000375444 0.0289209 0.0012096 -0.000380206 0.999999 -1.34969 
0.999994 -0.00342058 -0.000884828 0.00198388 0.00342271 0.999991 0.00241526 0.0286593 0.00087656 -0.00241827 0.999997 -1.35068 
0.999996 -0.00283555 -0.000737763 0.001701 0.00283618 0.999996 0.000858904 0.0242951 0.000735323 -0.000860993 0.999999 -1.3512 
0.999998 -0.00201222 -0.000424302 0.00144768 0.00201166 0.999997 -0.00133648 0.0276139 0.000426989 0.00133562 0.999999 -1.35828 
0.999999 -0.00163815 0.000229958 -0.000445127 0.0016381 0.999999 0.00019306 0.0289271 -0.000230272 -0.000192683 1 -1.36098 
0.999998 -0.00191384 0.000528804 0.00214303 0.00191256 0.999995 0.00241049 0.023731 -0.000533416 -0.00240947 0.999997 -1.36023 
0.999994 -0.00348167 0.00054398 0.00492966 0.00348007 0.99999 0.00290845 0.0228374 -0.000554101 -0.00290654 0.999996 -1.3597 
0.999988 -0.0048943 0.000205591 -0.0198683 0.00489403 0.999987 0.00130833 0.0121078 -0.000211991 -0.0013073 0.999999 -1.3645 
0.999989 -0.0045954 -0.000301076 -0.014662 0.00459515 0.999989 -0.000838638 0.0226674 0.000304928 0.000837245 1 -1.36893 
0.999994 -0.00333137 -0.000534741 -0.00109982 0.00333003 0.999991 -0.00247379 0.0236068 0.000542978 0.002472 0.999997 -1.37637 
1 -0.000363739 -0.000131696 -0.00978088 0.000363478 0.999998 -0.00197572 0.0227537 0.000132415 0.00197567 0.999998 -1.37959 
0.999996 0.00285407 0.000780701 -0.0101779 -0.00285302 0.999995 -0.00135017 0.00791931 -0.00078455 0.00134793 0.999999 -1.37666 
0.999995 0.00255385 0.0016785 -0.0132269 -0.00255408 0.999997 0.000133472 0.0114312 -0.00167815 -0.000137758 0.999999 -1.37556 
0.999998 0.000425337 0.00209184 -0.00464356 -0.000433899 0.999991 0.00409463 0.0148365 -0.00209008 -0.00409553 0.99999 -1.38135 
0.999998 -0.00105718 0.00152204 -0.00365078 0.00105033 0.999989 0.00450053 0.0114155 -0.00152678 -0.00449893 0.999989 -1.37952 
0.999988 -0.0047771 0.000601376 0.00518501 0.00477655 0.999988 0.00091997 0.0151248 -0.000605764 -0.000917089 0.999999 -1.38855 
0.999992 -0.00406516 0.000129718 0.0044851 0.00406534 0.999991 -0.0013921 0.0172904 -0.000124057 0.00139262 0.999999 -1.39423 
0.999999 -0.00171101 -0.000270063 -0.00427839 0.00171017 0.999994 -0.00307196 0.0183179 0.000275317 0.00307149 0.999995 -1.39557 
1 -0.000788908 -0.000406787 -0.0046196 0.000788022 0.999997 -0.00217619 0.0251768 0.000408503 0.00217587 0.999998 -1.39943 
1 0.000641717 -7.81742e-05 0.00110394 -0.000641781 1 -0.000814663 0.0288875 7.76514e-05 0.000814712 1 -1.4015 
0.999999 0.0014942 5.9843e-05 -0.00104669 -0.00149415 0.999999 -0.00078045 0.0284204 -6.10091e-05 0.000780359 1 -1.4045 
0.999997 0.002587 1.24066e-05 -0.00309393 -0.00258699 0.999997 -0.000436957 0.0297978 -1.35368e-05 0.000436923 1 -1.40797 
0.999996 0.0026635 -0.000376249 -0.000711262 -0.0026635 0.999996 -9.01462e-06 0.0317755 0.000376223 1.00167e-05 1 -1.40848 
0.999995 0.00299624 -0.000335117 -0.000691652 -0.00299656 0.999995 -0.000960706 0.0354912 0.000332237 0.000961706 0.999999 -1.41833 
0.999992 0.00407118 -0.000418944 -0.000558197 -0.00407193 0.99999 -0.0018037 0.0353284 0.000411598 0.00180539 0.999998 -1.41937 
0.999994 0.00343641 -0.000226226 0.00439411 -0.00343642 0.999994 -3.41539e-05 0.0452719 0.000226108 3.49304e-05 1 -1.42154 
0.999998 -0.0018522 -0.000189769 0.00790179 0.00185298 0.999989 0.00422368 0.0338659 0.000181944 -0.00422402 0.999991 -1.4202 
0.999979 -0.00652375 -0.000447635 0.0191809 0.00652617 0.999963 0.00561875 0.0430603 0.000410962 -0.00562155 0.999984 -1.42334 
0.999956 -0.0093404 -0.00116376 0.0225695 0.009341 0.999956 0.00050936 0.0341735 0.00115895 -0.000520208 0.999999 -1.43327 
0.999965 -0.00827623 -0.00138044 0.0235175 0.00827033 0.999957 -0.0042271 0.0371773 0.00141537 0.00421553 0.99999 -1.43748 
0.999999 -0.00148493 -0.000751 0.0116554 0.00148313 0.999996 -0.00239988 0.0247254 0.000754563 0.00239876 0.999997 -1.43767 
0.999998 0.00203568 0.000532229 0.00398529 -0.00203569 0.999998 4.32708e-05 0.0235562 -0.00053214 -4.43541e-05 1 -1.4379 
0.999995 0.00309095 0.0011668 0.00181901 -0.0030909 0.999995 -5.18744e-05 0.0244472 -0.00116695 4.82675e-05 0.999999 -1.44792 
0.999996 0.00247897 0.00112442 0.00294518 -0.00247906 0.999997 7.48625e-05 0.0219736 -0.00112423 -7.76497e-05 0.999999 -1.44962 
1 -0.000362091 0.000512478 0.00459969 0.000361639 1 0.000879632 0.0219736 -0.000512797 -0.000879446 0.999999 -1.45529 
0.999999 -0.00144517 0.00010771 0.00855088 0.00144519 0.999999 -0.000136005 0.03332 -0.000107514 0.00013616 1 -1.4617 
0.999999 -0.00125263 0.000125267 0.00871837 0.00125275 0.999999 -0.00097759 0.0330026 -0.000124043 0.000977746 1 -1.46039 
1 0.000588216 0.000235572 0.00727999 -0.000588251 1 0.000136426 0.0362589 -0.000235492 -0.000136564 1 -1.4689 
1 0.000421365 0.000392778 0.00240266 -0.000421915 0.999999 0.00140291 0.0297771 -0.000392186 -0.00140308 0.999999 -1.47224 
1 0.000750478 0.000193624 0.000779569 -0.000750495 1 9.63137e-05 0.0247951 -0.000193551 -9.64585e-05 1 -1.47514 
1 -0.000352131 0.000449949 0.00609332 0.000352286 1 -0.000342307 0.0287786 -0.000449829 0.000342465 1 -1.48044 
1 -3.22365e-05 0.000342021 0.00747919 3.20486e-05 1 0.000548518 0.0295315 -0.000342039 -0.000548507 1 -1.47734 
1 -5.03835e-05 0.000197822 0.00504646 5.03283e-05 1 0.00027165 0.0304956 -0.000197835 -0.000271642 1 -1.48616 
0.999999 -0.00109856 0.00034626 0.00458172 0.00109858 0.999999 -5.6504e-05 0.0256386 -0.000346198 5.68847e-05 1 -1.48415 
1 0.00035745 0.000341112 0.00140712 -0.000357588 1 0.000406715 0.0252764 -0.000340966 -0.000406837 1 -1.48956 
1 -0.000502845 0.000264657 0.00099948 0.000502867 1 -0.000112501 0.0232 -0.0002646 0.000112634 1 -1.49026 
1 0.000943606 0.000105882 -0.00104222 -0.000943586 1 -0.000136341 0.0278888 -0.000106011 0.000136241 1 -1.49117 
0.999999 0.00125417 -0.000112398 -0.000428289 -0.0012541 0.999999 0.000636325 0.0228164 0.000113196 -0.000636184 1 -1.49098 
0.999999 0.00113144 -0.000166328 -0.00232232 -0.0011315 0.999999 -0.000351012 0.0203419 0.000165931 0.000351201 1 -1.49435 
0.999999 0.00158857 -0.000198016 -0.00198969 -0.00158871 0.999999 -0.000749623 0.0234463 0.000196825 0.000749938 1 -1.49675 
1 0.000158444 1.01202e-05 -0.0005835 -0.00015844 1 -0.000434719 0.0267854 -1.01892e-05 0.000434717 1 -1.49574 
1 -0.000376143 8.38148e-05 0.00237349 0.000376129 1 0.000158679 0.0306356 -8.38744e-05 -0.000158646 1 -1.50125 
1 -0.000689926 -0.000223567 0.00211382 0.000690202 0.999999 0.0012342 0.0299532 0.000222715 -0.00123436 0.999999 -1.50568 
0.999999 -0.00127321 -0.000525885 0.00402123 0.00127279 0.999999 -0.000796005 0.03036 0.000526899 0.000795334 1 -1.50536 
1 -0.000317733 -0.000635139 0.0033083 0.000316191 0.999997 -0.00242735 0.032989 0.000635909 0.00242715 0.999997 -1.51039 
1 0.000269133 -0.000510497 0.00188023 -0.000269332 1 -0.000387013 0.031199 0.000510392 0.00038715 1 -1.51088 
1 -0.00024736 -0.000481377 0.00319606 0.000248126 0.999999 0.00159167 0.0311165 0.000480982 -0.00159178 0.999999 -1.51611 
1 3.54092e-05 -0.000556486 0.0020206 -3.46492e-05 0.999999 0.00136266 0.0275106 0.000556535 -0.00136264 0.999999 -1.51477 
0.999999 -0.00103075 -0.00030614 0.00218582 0.00103061 0.999999 -0.000455066 0.0247321 0.000306609 0.00045475 1 -1.52112 
1 0.000489431 -5.87818e-05 -6.24657e-05 -0.000489486 0.999999 -0.00094078 0.0264163 5.8322e-05 0.000940809 1 -1.52463 
1 -8.01784e-05 0.000310328 0.000610948 8.04072e-05 1 -0.000738374 0.0264215 -0.000310269 0.000738399 1 -1.52049 
1 -0.000327124 0.000227251 0.00153029 0.000327199 1 -0.00032865 0.0295835 -0.000227144 0.000328724 1 -1.52817 
0.999999 -0.00146598 -4.04797e-05 0.00117874 0.00146597 0.999999 -9.39133e-05 0.0251193 4.06182e-05 9.38539e-05 1 -1.52769 
1 -0.000979892 -0.000204416 0.00129282 0.00097988 1 -3.0497e-05 0.0253739 0.000204445 3.02969e-05 1 -1.5329 
1 -0.000600468 0.000112608 0.000855446 0.000600479 1 -2.30242e-05 0.0236583 -0.000112594 2.30917e-05 1 -1.53148 
0.999999 0.00157782 -9.37819e-06 -0.000389338 -0.00157783 0.999999 -0.000320088 0.0279398 8.87318e-06 0.000320102 1 -1.53448 
0.999999 0.00149656 0.000102551 -0.000317216 -0.00149647 0.999999 -0.00090469 0.0294762 -0.000103905 0.000904535 1 -1.53818 
0.999996 0.00282192 -5.62323e-05 -0.0023402 -0.00282197 0.999995 -0.00101984 0.0304241 5.33538e-05 0.00102 0.999999 -1.53903 
0.999999 0.00153974 0.00031846 -0.0022611 -0.00153998 0.999999 0.000778356 0.0278296 -0.000317261 -0.000778845 1 -1.53488 
0.999999 0.00122714 0.000278395 -0.00206828 -0.00122753 0.999998 0.00141286 0.0253487 -0.000276661 -0.0014132 0.999999 -1.5379 
0.999998 0.0019467 -0.000574475 0.000644445 -0.00194774 0.999996 -0.00180804 0.0330153 0.000570955 0.00180915 0.999998 -1.53812 
0.999999 0.00105057 -0.000445804 0.00468159 -0.00105169 0.999996 -0.00252739 0.0401745 0.000443147 0.00252786 0.999997 -1.54575 
0.999998 0.00194617 -0.000128177 0.0013392 -0.00194604 0.999998 0.00100331 0.0463724 0.000130129 -0.00100306 1 -1.54077 
1 0.000848354 -0.000286991 0.00246763 -0.000847912 0.999998 0.00153685 0.0401063 0.000288295 -0.00153661 0.999999 -1.53946 
0.999999 -0.000970302 -0.000644963 0.00606203 0.000970357 0.999999 8.32318e-05 0.0450406 0.000644882 -8.38581e-05 1 -1.53931 
0.999998 -0.00147399 -0.001084 0.00745857 0.00147358 0.999999 -0.000379997 0.0448036 0.00108456 0.000378399 0.999999 -1.54129 
0.999998 -0.00169639 -0.000960934 0.00834608 0.0016968 0.999998 0.000418576 0.047277 0.000960222 -0.000420206 0.999999 -1.54626 
0.999999 -0.00119104 -0.000962676 0.00850821 0.00119112 0.999999 8.7131e-05 0.0409155 0.000962571 -8.82782e-05 1 -1.54221 
0.999999 -0.000755213 -0.000791681 0.0126822 0.000755498 1 0.000360126 0.0551872 0.00079141 -0.000360725 1 -1.54614 
1 -0.000352084 -0.000838642 0.00854349 0.00035259 1 0.000602744 0.0449433 0.00083843 -0.000603039 0.999999 -1.54166 
0.999999 0.000542478 -0.000907209 0.0101671 -0.000542064 1 0.000456645 0.0527043 0.000907457 -0.000456153 0.999999 -1.54984 
0.999999 0.000588492 -0.00083877 0.00523758 -0.000588631 1 -0.000165499 0.0394611 0.000838676 0.000165992 1 -1.55069 
0.999999 0.00090637 -0.000745109 0.00457859 -0.00090735 0.999999 -0.00131513 0.0415978 0.000743911 0.0013158 0.999999 -1.55399 
0.999999 0.00141573 -0.000342832 0.00182915 -0.00141588 0.999999 -0.000423827 0.0358949 0.000342229 0.000424313 1 -1.55066 
1 0.000676383 -6.10007e-05 0.00325394 -0.000676238 0.999997 0.00235454 0.0364943 6.25988e-05 -0.0023545 0.999997 -1.54495 
1 0.000943724 0.00035832 0.00347281 -0.000944639 0.999996 0.00256399 0.0352459 -0.000355901 -0.00256433 0.999997 -1.55463 
0.999999 -0.000317267 0.000843298 0.00363541 0.000317013 1 0.000301637 0.0350361 -0.000843399 -0.000301369 1 -1.55386 
0.999999 0.00160484 0.000706255 0.00313663 -0.00160436 0.999999 -0.000681479 0.0325046 -0.000707337 0.000680345 0.999999 -1.55679 
1 -9.61095e-05 0.00101519 0.00229335 9.54889e-05 1 0.000610271 0.0306244 -0.00101525 -0.000610173 0.999999 -1.55902 
1 -0.000267486 0.000561312 0.00341415 0.000267336 1 0.000269728 0.0334873 -0.000561384 -0.000269577 1 -1.56253 
1 -4.24893e-05 0.000708486 0.00471115 4.28504e-05 1 -0.000509242 0.036129 -0.000708464 0.000509272 1 -1.56921 
1 0.000444 0.000849506 0.00379038 -0.000443737 1 -0.00031058 0.0375514 -0.000849644 0.000310203 1 -1.57169 
0.999999 0.000642666 0.00103315 -0.00167131 -0.000641858 1 -0.00078199 0.0288301 -0.00103365 0.000781325 0.999999 -1.57797 
0.999999 -0.0015904 0.000556958 0.00112116 0.00159127 0.999998 -0.00156417 0.0331903 -0.000554469 0.00156505 0.999999 -1.58646 
1 -0.000530012 -0.000632451 0.00325739 0.000529651 1 -0.000572548 0.0340362 0.000632754 0.000572213 1 -1.58438 
0.999999 -0.000572755 -0.000971321 0.00357866 0.00057327 1 0.000530033 0.0367994 0.000971016 -0.000530589 0.999999 -1.59189 
0.999999 0.00128774 -0.000380603 2.95639e-05 -0.00128756 0.999999 0.000449134 0.0309806 0.000381179 -0.000448644 1 -1.59656 
0.999998 0.00172467 -0.000173387 -0.00122356 -0.00172452 0.999998 0.000870453 0.034349 0.000174887 -0.000870153 1 -1.59921 
0.999999 0.00165943 -0.000294694 0.00228882 -0.00165885 0.999997 0.00193391 0.0309696 0.000297904 -0.00193342 0.999998 -1.60312 
1 0.000266309 3.80911e-07 0.00821161 -0.000266309 1 0.000985529 0.0391335 -1.17812e-07 -0.000985527 1 -1.60745 
0.999998 -0.000535147 0.00212383 0.00603902 0.000533226 0.999999 0.000905117 0.0344162 -0.00212431 -0.000903983 0.999997 -1.61435 
0.999997 -0.000927266 0.002146 0.00912988 0.000928167 1 -0.00041887 0.0378618 -0.00214561 0.00042086 0.999998 -1.61154 
0.999998 -0.00174631 0.000404724 0.0150521 0.00174757 0.999993 -0.00315337 0.0424733 -0.000399214 0.00315407 0.999995 -1.62375 
0.999999 0.00122041 -0.000512048 0.00744605 -0.00122209 0.999994 -0.00328439 0.0422211 0.000508036 0.00328501 0.999994 -1.62698 
0.999999 0.00104695 -0.000210291 0.00708425 -0.00104712 0.999999 -0.000844235 0.0466766 0.000209407 0.000844455 1 -1.62866 
0.999999 0.00143309 -0.00027401 0.0040437 -0.00143273 0.999998 0.00131235 0.0387473 0.000275892 -0.00131195 0.999999 -1.62833 
1 0.00076991 -0.000340038 0.00560689 -0.000769922 1 -3.54442e-05 0.0413437 0.000340011 3.57053e-05 1 -1.62976 
1 -0.000125612 -0.000199993 0.00474274 0.000125529 1 -0.000417926 0.0401139 0.000200045 0.000417902 1 -1.6315 
1 0.000136017 -0.000488039 0.00651705 -0.000135918 1 0.000203701 0.0450821 0.000488067 -0.000203635 1 -1.6257 
0.999999 -0.00144096 -0.000480487 0.00697112 0.00144125 0.999999 0.000605623 0.0410404 0.000479614 -0.000606314 1 -1.62845 
0.999999 -0.000787207 -0.000668675 0.00803447 0.000787715 0.999999 0.000761255 0.0457301 0.000668075 -0.000761782 1 -1.62936 
0.999999 0.0011146 -0.000851762 0.00263906 -0.00111612 0.999998 -0.00179393 0.0405564 0.000849761 0.00179488 0.999998 -1.6265 
1 0.000891564 -0.000135551 0.00149488 -0.000891716 0.999999 -0.0011126 0.0424495 0.000134557 0.00111272 1 -1.6265 
0.999999 0.00123191 0.000313127 0.00125742 -0.00123236 0.999998 0.00145783 0.0335031 -0.000311331 -0.00145821 0.999999 -1.61856 
1 -0.000805474 -1.28667e-05 0.00579166 0.000805473 1 -0.000102763 0.0447631 1.295e-05 0.000102752 1 -1.61981 
0.999997 -0.00238721 0.000107925 0.00710797 0.00238706 0.999996 0.00135818 0.0385938 -0.000111167 -0.00135792 0.999999 -1.61304 
0.999999 -0.00118919 0.000739506 0.00509739 0.00118599 0.99999 0.00431433 0.0361528 -0.000744629 -0.00431345 0.99999 -1.60742 
0.999999 -0.00158372 0.000872948 0.00448906 0.0015847 0.999998 -0.00112829 0.03583 -0.00087116 0.00112967 0.999999 -1.61148 
1 -0.000546845 0.000866862 0.00416219 0.000549812 0.999994 -0.00342622 0.0409198 -0.000864984 0.0034267 0.999994 -1.60754 
0.999999 -0.00119036 0.00106197 0.00207961 0.0011938 0.999994 -0.0032461 0.0373907 -0.0010581 0.00324736 0.999994 -1.61734 
0.999999 -0.000486277 0.00120747 0.00086087 0.000484758 0.999999 0.00125781 0.0320172 -0.00120808 -0.00125723 0.999998 -1.60657 
0.999998 0.000650905 0.00182095 -0.00121754 -0.000654616 0.999998 0.00203775 0.0254912 -0.00181962 -0.00203894 0.999996 -1.59967 
0.999998 0.000998092 0.00189521 -0.0031628 -0.000995123 0.999998 -0.00156689 0.0290051 -0.00189677 0.00156499 0.999997 -1.60281 
0.999998 0.00162523 0.000997033 -0.00156558 -0.00162437 0.999998 -0.000867488 0.036026 -0.000998442 0.000865867 0.999999 -1.59958 
1 0.000276464 0.000435215 -0.000283957 -0.00027688 0.999999 0.00095441 0.0330677 -0.000434951 -0.00095453 1 -1.59802 
1 0.000661341 0.000219764 0.00598037 -0.000661539 0.999999 0.000900547 0.0383296 -0.000219168 -0.000900692 1 -1.59457 
1 6.52679e-05 2.03887e-05 0.00503886 -6.5265e-05 1 -5.72117e-05 0.0354133 -2.03925e-05 5.72101e-05 1 -1.5986 
1 0.000494011 -3.01721e-05 0.00728476 -0.000494005 1 0.000175432 0.0400095 3.02589e-05 -0.000175416 1 -1.59146 
1 0.00064793 3.34266e-05 0.00560176 -0.000647951 1 0.000602508 0.0403419 -3.30368e-05 -0.00060253 1 -1.5929 
1 0.000183651 0.000127977 0.00637174 -0.000183736 1 0.000661025 0.0395055 -0.000127856 -0.000661049 1 -1.59103 
1 0.000496769 -7.43298e-05 0.00670242 -0.000496796 1 -0.000356181 0.0378079 7.41519e-05 0.000356218 1 -1.59073 
1 -0.000431851 -7.05232e-05 0.00819659 0.000431923 0.999999 0.00100277 0.0364761 7.00906e-05 -0.0010028 0.999999 -1.59125 
0.999999 0.00151836 -6.18231e-05 0.00509447 -0.00151828 0.999998 0.00122475 0.0354099 6.36824e-05 -0.00122466 0.999999 -1.58542 
0.999999 0.00135748 -0.000127575 0.00516731 -0.00135767 0.999998 -0.0014797 0.0383658 0.000125567 0.00147987 0.999999 -1.59769 
0.999998 0.0016671 0.000119983 0.0085811 -0.00166696 0.999998 -0.00115247 0.0411434 -0.000121904 0.00115227 0.999999 -1.59711 
1 0.000548237 -4.51969e-05 0.00687742 -0.000548212 1 0.000699425 0.0348449 4.55817e-05 -0.0006994 1 -1.59735 
1 -0.00111562 -0.000368773 0.0149376 0.00111594 0.999999 0.000876053 0.040298 0.000367794 -0.000876464 1 -1.60553 
0.999998 -0.00200674 -0.00048795 0.0136424 0.00200613 0.999997 -0.00125438 0.0377307 0.000490466 0.0012534 0.999999 -1.58871 
0.999999 -0.00133433 -0.000503758 0.0173946 0.00133418 0.999999 -0.000296342 0.045218 0.000504153 0.00029567 1 -1.64008 
1 -0.000402049 -0.000368781 0.0127272 0.000402142 1 0.000251507 0.0390315 0.00036868 -0.000251655 1 -1.60989 
1 0.00018004 -0.000230667 0.0125321 -0.000179855 1 0.000798144 0.0379119 0.00023081 -0.000798102 1 -1.55582 
1 -0.000161711 -0.000280696 0.00931771 0.000161779 1 0.00024631 0.0338063 0.000280656 -0.000246355 1 -1.6062 
1 -0.000382165 -0.000224654 0.00688459 0.000382177 1 5.44455e-05 0.0344191 0.000224633 -5.45313e-05 1 -1.60562 
0.999999 -0.00115249 -0.000312066 0.00748201 0.00115246 0.999999 -0.00011817 0.033525 0.000312202 0.000117811 1 -1.61423 
0.999999 -0.00129191 -0.000326585 0.00945032 0.00129167 0.999999 -0.000721521 0.0373478 0.000327517 0.000721098 1 -1.61313 
0.999999 -0.00115273 -0.000267243 0.00870067 0.0011529 0.999999 0.000614937 0.0367432 0.000266534 -0.000615245 1 -1.62057 
1 -0.000863841 -0.000269333 0.00868469 0.000863998 1 0.000585311 0.035418 0.000268827 -0.000585543 1 -1.61044 
1 -0.000746508 -0.000326095 0.00836217 0.000746477 1 -9.51214e-05 0.0369825 0.000326165 9.48779e-05 1 -1.61661 
0.999999 -0.00124547 -0.000252514 0.00711352 0.00124524 0.999999 -0.000918758 0.0352888 0.000253658 0.000918443 1 -1.61789 
0.999999 -0.00112574 -0.000389869 0.00648028 0.00112546 0.999999 -0.000717461 0.0344381 0.000390677 0.000717022 1 -1.62018 
1 -0.000660904 -0.000389101 0.00604665 0.000661163 1 0.000666966 0.0322962 0.00038866 -0.000667223 1 -1.62997 
1 -2.2388e-05 -0.000251762 0.00327599 2.23528e-05 1 -0.000144739 0.0362482 0.000251765 0.000144733 1 -1.62198 
0.999994 0.00292545 0.00209174 -0.32379 -0.00292642 0.999996 0.00045846 -7.73169 -0.00209039 -0.000464577 0.999998 393.558 
