1 -1.19762e-11 -1.70464e-10 -1.11022e-16 -1.19762e-11 1 -3.5625e-10 8.04331e-26 -1.70464e-10 -3.5625e-10 1 -2.22045e-16 
0.999997 0.0019574 0.00163203 -0.00440322 -0.00195899 0.999998 0.000971312 0.00924703 -0.00163013 -0.000974506 0.999998 -0.565354 
0.999999 0.000512364 0.00112903 0.00080422 -0.000513877 0.999999 0.00133954 0.0113208 -0.00112834 -0.00134012 0.999999 -0.562288 
0.999998 4.75978e-05 0.00182812 0.00647556 -4.9801e-05 0.999999 0.0012052 0.0169991 -0.00182806 -0.00120529 0.999998 -0.561717 
0.999996 0.00210796 0.00202333 0.00361035 -0.00211182 0.999996 0.00190805 0.0147394 -0.0020193 -0.00191232 0.999996 -0.562196 
0.999996 0.00246873 0.00157259 0.000790534 -0.00247205 0.999995 0.00211411 0.0107245 -0.00156736 -0.00211799 0.999997 -0.564898 
0.999998 0.00116805 0.00139405 0.00391066 -0.00116933 0.999999 0.000920269 0.011636 -0.00139298 -0.000921899 0.999999 -0.574392 
0.999999 0.000222429 0.00136521 0.00563636 -0.000221379 1 -0.00077017 0.014539 -0.00136539 0.000769868 0.999999 -0.579433 
0.999999 0.000283725 0.00115733 0.00750541 -0.000283963 1 0.000205285 0.0202124 -0.00115726 -0.000205613 0.999999 -0.587026 
0.999999 -0.00056496 0.00120198 0.00640428 0.000562035 0.999997 0.00243385 0.0165142 -0.00120335 -0.00243317 0.999996 -0.594599 
0.999998 -0.00175508 0.00116835 0.00934242 0.00175052 0.999991 0.00388967 0.0141417 -0.00117518 -0.00388762 0.999992 -0.601282 
0.999998 -0.00155586 0.00124095 0.00796005 0.00155121 0.999992 0.00374271 0.00820935 -0.00124676 -0.00374079 0.999992 -0.613104 
0.999998 -0.00147256 0.00119595 0.00789116 0.00147161 0.999999 0.000795633 0.00730138 -0.00119713 -0.000793854 0.999999 -0.626155 
0.999996 -0.0023964 0.00107266 0.00903193 0.00240326 0.999976 -0.00644462 0.00978285 -0.00105718 0.00644717 0.999979 -0.648411 
0.999999 -0.000827595 0.000778044 0.0076322 0.000835817 0.999943 -0.010627 0.0164661 -0.000769207 0.0106277 0.999943 -0.664797 
0.999999 -0.000951247 0.000708336 0.00684108 0.00095635 0.999973 -0.00724013 0.0232441 -0.000701429 0.0072408 0.999974 -0.676415 
0.999996 -0.00238381 0.0012513 0.00907216 0.00238393 0.999997 -9.74853e-05 0.022469 -0.00125106 0.000100468 0.999999 -0.683753 
0.999997 -0.00232388 0.000800572 0.010374 0.00231794 0.99997 0.00734991 0.00996193 -0.000817636 -0.00734803 0.999973 -0.692165 
1 0.000583485 0.000933805 0.00485647 -0.000590115 0.999975 0.00711677 -0.000689104 -0.000929626 -0.00711732 0.999974 -0.71086 
0.999997 0.00220606 0.00132466 -0.00110768 -0.00220532 0.999998 -0.000560231 -7.23302e-05 -0.0013259 0.000557306 0.999999 -0.734366 
0.999999 0.000964676 0.000428008 -0.00639739 -0.000960427 0.999951 -0.00982231 0.00660375 -0.000437468 0.00982189 0.999952 -0.760368 
1 0.000464322 0.000430161 -0.0050111 -0.000460885 0.999968 -0.00795532 0.0118537 -0.000433836 0.00795512 0.999968 -0.776536 
1 0.000936772 0.000458656 -0.00314299 -0.000935491 0.999996 -0.0027842 0.0136383 -0.000461258 0.00278377 0.999996 -0.788851 
0.999998 0.00211665 0.000258241 -0.00605794 -0.0021169 0.999997 0.00099149 0.00986093 -0.000256142 -0.000992029 0.999999 -0.803683 
1 0.000749646 -0.000288652 -0.00248419 -0.000748875 0.999996 0.00266374 0.0068945 0.000290649 -0.00266353 0.999996 -0.821355 
0.999997 -0.00234161 -0.000671795 -0.00682943 0.00234394 0.999991 0.0034822 0.005467 0.000663634 -0.00348377 0.999994 -0.832995 
0.999996 0.00257093 -0.000967061 -0.0121922 -0.00256576 0.999983 0.00530694 0.00620148 0.00098069 -0.00530444 0.999986 -0.846296 
0.999996 0.00276711 -0.000584433 -0.0169695 -0.00276343 0.999977 0.0062061 0.00781465 0.00060159 -0.00620446 0.999981 -0.859861 
0.999999 -0.00058782 -0.00116763 -0.00632948 0.000594829 0.999982 0.00600925 0.00275715 0.00116408 -0.00600993 0.999981 -0.881783 
0.999999 -0.00126735 -0.0002484 -0.00729258 0.00126758 0.999999 0.000937476 0.00730348 0.000247205 -0.000937801 1 -0.901155 
1 -0.000403791 0.000255527 -0.00636487 0.000403939 1 -0.000578826 0.012522 -0.000255296 0.000578937 1 -0.92033 
0.999999 -0.00123863 -5.01033e-05 -0.00694861 0.00123867 0.999999 0.000935527 0.0143909 4.8954e-05 -0.000935604 1 -0.934622 
0.999996 -0.00272032 -0.000166902 -0.00242735 0.00272067 0.999994 0.00218129 0.0129322 0.000160959 -0.00218172 0.999998 -0.953341 
0.999994 -0.00356421 1.44523e-05 -0.00761442 0.0035642 0.999993 0.000865227 0.0119256 -1.75331e-05 -0.000865171 1 -0.971867 
0.999999 -0.00177431 -9.49558e-05 -0.00290492 0.00177429 0.999998 -0.000170611 0.0132362 9.52519e-05 0.000170438 1 -0.976274 
1 -0.000861968 0.000224743 -0.0027573 0.000861994 1 -0.000114154 0.0134638 -0.000224639 0.000114353 1 -0.983072 
1 -3.11952e-05 0.00018774 -0.0029806 3.11735e-05 1 0.000118243 0.013811 -0.000187751 -0.000118233 1 -0.987904 
1 -0.000760763 0.000361456 -0.00186243 0.000761179 0.999999 -0.00115477 0.016152 -0.000360569 0.00115504 0.999999 -1.00158 
1 -0.000656893 0.000309205 -0.00200216 0.000657481 0.999998 -0.00190204 0.0171468 -0.000307962 0.00190224 0.999998 -1.00773 
1 -0.00063084 0.000347415 -0.00169894 0.000631281 0.999999 -0.00127351 0.01831 -0.000346605 0.00127373 0.999999 -1.01473 
1 0.000122467 4.4208e-05 -0.00276623 -0.0001225 1 0.000739666 0.0176778 -4.41186e-05 -0.000739673 1 -1.02142 
1 -0.00109623 0.000168478 -0.000766687 0.00109604 0.999999 0.00118028 0.0150976 -0.000169775 -0.00118009 0.999999 -1.029 
1 0.000212858 0.000342255 -0.001413 -0.0002126 1 -0.000753208 0.0174673 -0.000342406 0.000753135 1 -1.03645 
1 0.000768629 0.000701958 -0.0031091 -0.000766719 0.999996 -0.00271843 0.0190278 -0.000704054 0.00271788 0.999996 -1.04744 
1 -0.000159547 0.000358442 -0.00203088 0.000160791 0.999994 -0.00348103 0.0213621 -0.000357887 0.0034811 0.999994 -1.05538 
1 -0.000117105 0.000526186 -0.0018138 0.000118466 0.999997 -0.00258262 0.0221421 -0.000525881 0.00258268 0.999997 -1.06327 
1 8.1499e-05 0.000535682 0.000145957 -8.11673e-05 1 -0.000621342 0.0228854 -0.000535732 0.000621297 1 -1.06311 
1 0.000538018 0.000376346 -0.00846848 -0.000538608 0.999999 0.00157497 0.0146736 -0.000375498 -0.00157518 0.999999 -1.07188 
1 -0.000221343 0.000343513 -0.0152401 0.000221231 1 0.000324727 0.0109885 -0.000343582 -0.000324653 1 -1.07548 
1 0.000239557 0.000542462 -0.00635016 -0.000239085 1 -0.000869944 0.0197705 -0.000542674 0.000869815 1 -1.07692 
1 9.29452e-05 0.000781279 -0.0037396 -9.13087e-05 0.999998 -0.00209547 0.0249681 -0.000781469 0.0020954 0.999997 -1.07781 
1 -6.22722e-05 0.000586484 -0.00160617 6.36347e-05 0.999997 -0.00232279 0.0269983 -0.000586322 0.00232283 0.999997 -1.07584 
0.999999 -0.00147659 0.000470299 -0.000348449 0.00147686 0.999999 -0.000568167 0.0286282 -0.000469472 0.00056886 1 -1.07446 
0.999999 -0.000840915 0.000365034 0.00431165 0.000839419 0.999991 0.00406365 0.0167164 -0.000368441 -0.00406334 0.999992 -1.06554 
0.999999 -0.00153824 4.5415e-05 0.00809285 0.00153802 0.999989 0.0045075 0.00826412 -5.23534e-05 -0.00450742 0.99999 -1.06268 
1 -0.000784957 0.000158658 0.00543126 0.000784869 1 0.000548356 0.0132305 -0.000159096 -0.00054823 1 -1.0733 
1 -4.27257e-05 -0.000190999 0.00286323 4.21978e-05 0.999996 -0.002765 0.0158755 0.00019113 0.00276499 0.999996 -1.07905 
1 -0.000869548 -0.000168717 0.00353283 0.000869163 0.999997 -0.00229131 0.0162101 0.0001707 0.00229116 0.999997 -1.07705 
0.999998 0.00217362 -6.00405e-05 -0.00145113 -0.00217369 0.999997 -0.0013013 0.0150735 5.7226e-05 0.00130143 0.999999 -1.07647 
0.999999 -0.000956415 -0.00033363 0.00242966 0.000956301 1 -0.000324018 0.0167968 0.000333935 0.000323698 1 -1.07911 
0.999998 0.00210732 -0.000445949 0.000595212 -0.00210603 0.999994 0.00287143 0.0104074 0.000451993 -0.00287048 0.999996 -1.07082 
0.999999 -0.00119129 -0.000107227 0.00484121 0.00119156 0.999996 0.00250509 0.0070073 0.00010425 -0.00250521 0.999997 -1.07373 
1 0.000909797 -0.00010228 0.00325373 -0.000909594 0.999998 0.00199506 0.0104437 0.000104096 -0.00199496 0.999998 -1.0745 
0.999999 0.00131368 -4.87063e-05 0.00883144 -0.00131354 0.999995 0.00300215 0.00949204 5.26421e-05 -0.00300208 0.999995 -1.06685 
0.999999 0.00162302 -0.000151154 0.00395861 -0.00162263 0.999995 0.0025731 0.0114123 0.000155339 -0.00257285 0.999997 -1.07214 
0.999999 0.00146297 -0.000150342 0.00789821 -0.00146328 0.999997 -0.0020495 0.0136416 0.000147333 0.00204972 0.999998 -1.07158 
0.999999 0.00137633 -8.89227e-06 0.0031217 -0.00137636 0.999981 -0.00608319 0.0147334 5.25266e-07 0.00608319 0.999982 -1.08678 
0.999999 0.00125933 -0.000264743 0.00570606 -0.00126091 0.999981 -0.00608084 0.0150753 0.000257079 0.00608117 0.999981 -1.08575 
0.999999 0.0017046 -0.000138659 0.00179049 -0.00170478 0.999998 -0.00131662 0.0154516 0.000136405 0.00131685 0.999999 -1.08315 
0.999995 0.00308628 -0.000227774 -0.0021029 -0.00308553 0.99999 0.00324161 0.00717831 0.00023778 -0.00324089 0.999995 -1.07928 
0.999998 0.00179952 -2.95434e-05 -0.00362597 -0.00179941 0.999993 0.00329947 0.00571293 3.54908e-05 -0.00329941 0.999995 -1.07804 
0.999998 -0.00207883 4.35114e-05 0.00176592 0.00207865 0.999991 0.00378412 0.00732756 -5.13848e-05 -0.00378401 0.999993 -1.07942 
1 0.000606913 -5.51846e-05 -0.000479519 -0.000606648 0.999989 0.00468134 0.0033181 5.8027e-05 -0.00468131 0.999989 -1.08182 
0.999994 -0.00331949 -0.000549408 0.00251886 0.00331994 0.999994 0.000818325 0.00401023 0.00054669 -0.00082014 1 -1.08506 
0.999988 -0.00476089 -0.000991756 0.00724351 0.00475715 0.999982 -0.0037416 0.0113874 0.00100954 0.00373684 0.999993 -1.09241 
0.999999 -0.00140349 -0.000120539 0.00309983 0.00140318 0.999996 -0.00249591 0.0128356 0.000124047 0.00249574 0.999997 -1.08887 
1 0.000744268 0.000166101 -0.0014191 -0.000744223 1 -0.00027 0.00818783 -0.000166299 0.000269878 1 -1.08567 
0.999999 0.0015028 -0.000160322 -0.00311226 -0.00150295 0.999998 -0.000918935 0.0119039 0.000158943 0.000919174 1 -1.08781 
0.999999 0.00116052 0.000294061 -0.00282946 -0.00116012 0.999998 -0.00137045 0.0119393 -0.00029566 0.0013701 0.999999 -1.08402 
0.999999 0.00162256 0.000304282 -0.00109345 -0.001622 0.999997 -0.00183329 0.018645 -0.000307243 0.0018328 0.999998 -1.08405 
0.999999 0.00122576 0.000711078 0.00235225 -0.00122436 0.999997 -0.00196286 0.0236821 -0.000713477 0.00196199 0.999998 -1.07983 
1 0.000713534 0.000589596 0.00114073 -0.000714154 0.999999 0.00105474 0.0210296 -0.000588844 -0.00105516 0.999999 -1.07453 
1 -0.000233652 0.000513911 0.00448899 0.000231656 0.999993 0.00387853 0.0165353 -0.000514826 -0.00387841 0.999992 -1.06947 
1 -0.000593123 0.000647794 0.00446108 0.000591577 0.999997 0.00238433 0.0154991 -0.000649199 -0.00238393 0.999997 -1.0691 
0.999998 -0.00205389 0.000517067 0.0101871 0.00205474 0.999997 -0.00162944 0.0220838 -0.000513723 0.00163049 0.999998 -1.06551 
0.999999 -0.00092689 0.000593906 0.00783497 0.000929325 0.999991 -0.00411405 0.0245998 -0.000590086 0.0041146 0.999991 -1.07113 
0.999999 -0.00145031 0.000614105 0.00826612 0.0014529 0.99999 -0.00423221 0.027294 -0.000607964 0.00423309 0.999991 -1.06612 
0.999999 -0.00110881 0.000404356 0.00574288 0.00110926 0.999999 -0.00111365 0.0214525 -0.000403125 0.0011141 0.999999 -1.06126 
1 0.000128683 0.000528576 0.00458542 -0.000129907 0.999997 0.00231407 0.0167379 -0.000528267 -0.00231414 0.999997 -1.05529 
1 0.000207926 0.000628315 0.00340652 -0.000208591 0.999999 0.0010607 0.0179213 -0.000628091 -0.00106083 0.999999 -1.04765 
1 0.000336877 0.000493782 0.00302052 -0.000336764 1 -0.000228688 0.0146723 -0.000493877 0.00022852 1 -1.03951 
0.999999 0.00127661 0.000717402 0.00090158 -0.00127647 0.999999 -0.000198396 0.0160869 -0.000717647 0.00019748 1 -1.02551 
0.999999 0.00146069 0.000649787 0.00157499 -0.00145968 0.999998 -0.00154776 0.0158066 -0.000652049 0.00154681 0.999999 -1.01141 
1 -0.000122829 0.000459924 0.00442863 0.000124024 0.999997 -0.00260199 0.0198092 -0.0004596 0.00260205 0.999997 -0.994202 
0.999999 0.000790908 0.00097058 0.00401378 -0.000789593 0.999999 -0.00135487 0.0218344 -0.000971656 0.00135411 0.999999 -0.972588 
0.999997 0.0010155 0.00202813 0.00651711 -0.00101543 0.999999 -3.63453e-05 0.0248904 -0.00202815 3.42843e-05 0.999998 -0.953468 
0.999994 0.000838788 0.00327884 0.00411248 -0.000840665 1 0.000571306 0.0240438 -0.00327837 -0.000574057 0.999995 -0.931076 
0.999994 -8.62376e-05 0.00344965 0.00625944 8.32154e-05 1 0.000876364 0.023483 -0.00344972 -0.000876072 0.999994 -0.906235 
0.999995 0.000346858 0.00310004 0.00366414 -0.000347354 1 0.000159258 0.0224319 -0.00309999 -0.000160334 0.999995 -0.885544 
0.999995 -0.000995552 0.00316564 0.00935102 0.00100052 0.999998 -0.00156905 0.0311902 -0.00316408 0.00157221 0.999994 -0.862007 
0.999995 -0.000989217 0.00303473 0.00748563 0.000992046 0.999999 -0.000931034 0.0260272 -0.00303381 0.000934039 0.999995 -0.839638 
0.999995 -0.000883789 0.00293564 0.0109212 0.000888402 0.999998 -0.00156996 0.0265181 -0.00293425 0.00157256 0.999995 -0.814812 
0.999995 -0.00146811 0.00272536 0.00943613 0.0014705 0.999999 -0.000874801 0.0225599 -0.00272407 0.000878804 0.999996 -0.786743 
0.999995 -0.00208563 0.00241746 0.0140669 0.00208711 0.999997 -0.000607709 0.0272038 -0.0024162 0.000612751 0.999997 -0.760612 
0.999994 -0.00197044 0.00269843 0.0132678 0.00196789 0.999998 0.000946907 0.0272245 -0.00270028 -0.000941593 0.999996 -0.728004 
0.999995 -0.00161662 0.00254688 0.0120909 0.0016079 0.999993 0.00341865 0.0249221 -0.00255238 -0.00341453 0.999991 -0.69886 
0.999994 -0.00257248 0.00243268 0.0120351 0.002563 0.999989 0.00388789 0.0193381 -0.00244265 -0.00388163 0.99999 -0.666161 
0.999995 -0.00221513 0.00217309 0.0100188 0.00220924 0.999994 0.00271169 0.0211132 -0.00217909 -0.00270688 0.999994 -0.638298 
0.999998 -0.00170262 0.000984155 0.00826597 0.00170141 0.999998 0.00122221 0.022164 -0.000986218 -0.00122053 0.999999 -0.606911 
0.999997 -0.00250532 -0.000807263 0.00938463 0.00250488 0.999997 -0.00056593 0.0222502 0.000808693 0.000563907 1 -0.584885 
0.99999 -0.00358785 -0.00273365 0.00979066 0.00358298 0.999992 -0.00178083 0.0250783 0.00274002 0.00177102 0.999995 -0.563881 
0.999982 -0.00274194 -0.00533094 0.00584579 0.00273243 0.999995 -0.00179035 0.0228627 0.00533583 0.00177575 0.999984 -0.539268 
0.999974 -0.000730257 -0.0071361 0.00083518 0.000716236 0.999998 -0.00196703 0.0201182 0.00713752 0.00196187 0.999973 -0.517548 
0.999955 0.000276651 -0.00945811 -0.00303912 -0.000302411 0.999996 -0.00272307 0.0177598 0.00945732 0.0027258 0.999952 -0.494652 
0.999932 0.000486121 -0.0116178 -0.0025911 -0.000505999 0.999998 -0.00170821 0.0241268 0.011617 0.00171397 0.999931 -0.473793 
0.999911 0.000776523 -0.0133174 -0.00470817 -0.000782772 1 -0.000463841 0.0220835 0.013317 0.000474226 0.999911 -0.4505 
0.999888 0.000284143 -0.0149536 -0.00695038 -0.000279311 1 0.000325264 0.0244727 0.0149537 -0.000321051 0.999888 -0.431465 
0.999841 0.00143607 -0.0177965 -0.0109725 -0.00139383 0.999996 0.00238558 0.0185287 0.0177999 -0.00236039 0.999839 -0.421028 
0.999779 0.000816727 -0.0209922 -0.012805 -0.000732371 0.999992 0.00402589 0.0209627 0.0209953 -0.00400963 0.999772 -0.412193 
0.999706 0.00234799 -0.0241503 -0.018219 -0.00224241 0.999988 0.00439831 0.0132818 0.0241603 -0.00434285 0.999699 -0.401894 
0.999629 0.00253293 -0.0271266 -0.021183 -0.00247275 0.999994 0.00225188 0.0178379 0.0271321 -0.00218397 0.99963 -0.400581 
0.999553 0.00278065 -0.0297675 -0.0243073 -0.0027583 0.999996 0.000791918 0.0105855 0.0297695 -0.000709451 0.999557 -0.387596 
0.999471 0.00266645 -0.032422 -0.0265675 -0.00262875 0.999996 0.00120545 0.0141846 0.0324252 -0.00111958 0.999474 -0.387611 
0.999354 0.00298082 -0.0357994 -0.0304394 -0.00293018 0.999994 0.00146713 0.0130378 0.0358036 -0.00136128 0.999358 -0.374603 
0.999234 0.00357318 -0.0389713 -0.032402 -0.00356729 0.999994 0.000220715 0.0158155 0.0389719 -8.15373e-05 0.99924 -0.378784 
0.999156 0.00281248 -0.0409857 -0.0358257 -0.00278934 0.999996 0.000621902 0.0107573 0.0409873 -0.000507046 0.99916 -0.363579 
0.999074 -7.48388e-05 -0.0430133 -0.0302696 0.000114642 0.999999 0.000922917 0.0134829 0.0430132 -0.000926989 0.999074 -0.367302 
0.998921 -0.00209325 -0.0464 -0.0290871 0.00210832 0.999998 0.000275595 0.00912023 0.0463994 -0.000373131 0.998923 -0.363724 
0.998854 -0.000175291 -0.0478586 -0.0360565 0.000125491 0.999999 -0.00104355 0.00883484 0.0478587 0.00103635 0.998854 -0.352089 
0.998832 0.000393993 -0.0483204 -0.0362396 -0.000458178 0.999999 -0.00131722 0.00728393 0.0483198 0.00133783 0.998831 -0.358864 
0.998749 0.0018123 -0.0499672 -0.0428772 -0.00180146 0.999998 0.000261985 0.00771785 0.0499675 -0.000171646 0.998751 -0.342888 
0.998765 0.00105923 -0.049687 -0.0370827 -0.000962969 0.999998 0.00196121 0.00805861 0.049689 -0.00191094 0.998763 -0.34951 
0.998745 0.000182913 -0.0500754 -0.0415039 -2.76202e-05 0.999995 0.0031018 0.00781953 0.0500757 -0.00309652 0.998741 -0.337257 
0.998664 -0.00219407 -0.0516205 -0.0302048 0.00241687 0.999988 0.00425405 0.00391889 0.0516106 -0.00437314 0.998658 -0.35051 
0.99858 -0.00399456 -0.0531309 -0.036499 0.00421055 0.999983 0.0039538 -0.000682056 0.0531141 -0.00417188 0.99858 -0.343681 
0.998476 -0.00409911 -0.0550337 -0.0274887 0.0042384 0.999988 0.00241462 -0.00386766 0.0550233 -0.0026442 0.998482 -0.358917 
0.998475 7.28872e-05 -0.0552027 -0.0322723 -3.65525e-05 1 0.000659224 0.0015339 0.0552026 -0.000656197 0.998475 -0.360924 
0.998515 0.00295131 -0.0543897 -0.0502243 -0.00301418 0.999995 -0.00107414 0.00106132 0.0543862 0.00123648 0.998519 -0.35421 
0.998429 -0.000436682 -0.056036 -0.0346985 0.000258429 0.999995 -0.00318832 -0.000487357 0.056037 0.00316884 0.998424 -0.373474 
0.998402 -0.000362974 -0.0565128 -0.0477829 0.000230651 0.999997 -0.0023478 0.000124812 0.0565137 0.002331 0.998399 -0.366261 
0.998424 0.000219179 -0.0561271 -0.0362167 -0.000367923 0.999996 -0.00263989 0.00454712 0.0561263 0.00265639 0.99842 -0.379066 
0.99834 0.00167281 -0.0575662 -0.0525589 -0.00192133 0.999989 -0.00426212 0.00529188 0.0575585 0.00436564 0.998333 -0.376659 
0.998364 -0.00326495 -0.0570865 -0.0295029 0.00315702 0.999993 -0.00198073 0.00814021 0.0570925 0.00179727 0.998367 -0.387787 
0.998471 -0.00434235 -0.055106 -0.0264282 0.00449043 0.999987 0.0025636 0.00516355 0.055094 -0.00280713 0.998477 -0.3913 
0.998565 -0.00135842 -0.0535278 -0.039566 0.00164045 0.999985 0.00522518 -2.76566e-05 0.0535199 -0.0053055 0.998553 -0.390999 
0.998803 0.000299549 -0.0489049 -0.0265121 -0.000184366 0.999997 0.00235978 0.00118017 0.0489055 -0.00234793 0.998801 -0.408745 
0.999048 0.00555026 -0.043272 -0.0391769 -0.00551144 0.999984 0.00101615 0.00279951 0.0432769 -0.000776683 0.999063 -0.417715 
0.999306 0.00736822 -0.0365032 -0.033287 -0.00732936 0.999972 0.00119819 0.00184871 0.036511 -0.000929829 0.999333 -0.434443 
0.999496 0.00455895 -0.0314243 -0.0294113 -0.00447935 0.999987 0.00260272 7.39098e-06 0.0314357 -0.00246064 0.999503 -0.444214 
0.999585 -0.00232321 -0.0287117 -0.0121994 0.00226753 0.999996 -0.00197161 0.00648788 0.0287161 0.00190568 0.999586 -0.465734 
0.999637 -0.00722705 -0.0259538 -0.00422668 0.0071095 0.999964 -0.0046188 0.00630808 0.0259862 0.00443261 0.999653 -0.484715 
0.999688 -0.00550768 -0.0243458 -0.00782776 0.00541166 0.999977 -0.00400853 0.00789714 0.0243673 0.00387552 0.999696 -0.500097 
0.999729 0.00311401 -0.023081 -0.0161514 -0.00318247 0.999991 -0.00293025 0.0112418 0.0230716 0.00300291 0.999729 -0.520253 
0.999762 0.00728172 -0.0205608 -0.0241165 -0.00727292 0.999973 0.000502526 0.0103443 0.020564 -0.000352867 0.999788 -0.535213 
0.999821 0.00515907 -0.0182332 -0.0235672 -0.00511907 0.999985 0.0022402 0.00769293 0.0182445 -0.00214646 0.999831 -0.553697 
0.999894 0.00147115 -0.0145257 -0.00769043 -0.00138843 0.999983 0.00570382 -0.00417668 0.0145339 -0.00568305 0.999878 -0.573059 
0.999927 -0.00317961 -0.0116248 0.000930786 0.00323818 0.999982 0.00502255 -0.00547999 0.0116086 -0.00505982 0.99992 -0.592403 
0.999975 0.002073 -0.00679922 -0.00587463 -0.00206877 0.999998 0.000630329 -0.00295335 0.00680052 -0.000616258 0.999977 -0.618459 
0.999979 0.00567847 -0.00306426 -0.0127945 -0.00569149 0.999975 -0.00425626 0.00220466 0.00304001 0.00427362 0.999986 -0.643364 
0.999996 0.00265656 7.78846e-05 -0.00465393 -0.00265647 0.999996 -0.00112104 0.00320339 -8.08612e-05 0.00112082 0.999999 -0.657365 
0.999999 -0.000557471 0.00166902 0.00229645 0.000558902 0.999999 -0.000862426 0.00300896 -0.00166854 0.000863354 0.999998 -0.676659 
0.999989 -0.00444965 0.00145506 0.0090332 0.00444968 0.99999 -2.36601e-05 0.00475311 -0.00145494 3.01417e-05 0.999999 -0.688909 
0.999999 -0.000385609 0.00108706 0.000457764 0.000383552 0.999998 0.00190521 -0.00128281 -0.0010878 -0.00190479 0.999997 -0.710307 
1 -0.000544488 0.000741426 -0.000534058 0.000544079 1 0.000557611 0.000242352 -0.000741726 -0.000557208 1 -0.723268 
1 -0.000175916 0.000532068 -0.00119019 0.000176113 1 -0.000383057 0.00376368 -0.000531992 0.000383145 1 -0.739006 
0.999999 -0.00138575 0.00067934 0.00608063 0.00138669 0.999998 -0.0013871 0.00903457 -0.000677437 0.00138804 0.999999 -0.756353 
1 0.00086084 0.00053034 0.00236511 -0.000860136 0.999999 -0.00134811 0.0107936 -0.000531493 0.00134765 0.999999 -0.765848 
0.999999 0.000852 -0.000610115 0.000488281 -0.000853337 0.999997 -0.00220183 0.0128393 0.000608241 0.00220235 0.999997 -0.777445 
0.999997 -0.00213438 -0.00132606 0.00165558 0.00213237 0.999997 -0.00151817 0.0139424 0.0013293 0.00151534 0.999998 -0.780498 
0.999997 -0.00161605 -0.00162325 -0.000549316 0.00161446 0.999998 -0.000978454 0.0115452 0.00162484 0.000975837 0.999998 -0.786853 
0.999996 0.00224901 -0.00145209 -0.00504303 -0.00225284 0.999994 -0.00263385 0.00990629 0.00144615 0.00263711 0.999995 -0.798383 
0.999995 0.00285665 -0.00127419 -0.00645447 -0.0028581 0.999995 -0.00113949 0.0122207 0.00127093 0.00114313 0.999999 -0.806608 
0.999988 -0.00440426 -0.00203136 0.00380707 0.00439981 0.999988 -0.00218622 0.0168762 0.00204096 0.00217725 0.999996 -0.816681 
0.999996 -0.00257929 -0.000869703 0.00535583 0.00258362 0.999984 0.00500907 0.0105906 0.000856763 -0.0050113 0.999987 -0.818047 
0.999999 0.00146859 -0.000638191 0.00319672 -0.00146531 0.999986 0.00511727 0.00668997 0.000645695 -0.00511633 0.999987 -0.8223 
0.999999 0.000721635 -0.000739189 0.00569153 -0.000720281 0.999998 0.00182474 0.00880432 0.000740515 -0.00182421 0.999998 -0.83131 
0.999993 -0.00356558 -0.00100642 0.0134048 0.00356356 0.999992 -0.00199279 0.01297 0.0010135 0.00198919 0.999998 -0.838697 
0.999995 -0.00314409 -0.000726437 0.0170135 0.00314113 0.999987 -0.00403899 0.0193037 0.000739137 0.00403668 0.999992 -0.841539 
0.999999 -0.00171432 6.73514e-05 0.00931549 0.00171467 0.999982 -0.0057348 0.020236 -5.75259e-05 0.00573491 0.999984 -0.844069 
0.999995 -0.0032119 8.97944e-05 0.0144424 0.00321234 0.99998 -0.00536797 0.020681 -7.25444e-05 0.00536823 0.999986 -0.845114 
0.999995 -0.00307339 0.000110921 0.0131149 0.00307352 0.999995 -0.00124282 0.0237627 -0.000107102 0.00124315 0.999999 -0.838154 
0.999997 0.00240514 0.000978475 0.00479126 -0.00241018 0.999983 0.00518451 0.0227705 -0.000965998 -0.00518685 0.999986 -0.831322 
0.999996 0.00263496 0.00115923 -0.00114441 -0.00264836 0.999928 0.011713 0.0100158 -0.00112828 -0.011716 0.999931 -0.821648 
0.999997 0.00227606 0.000552109 0.0001297 -0.00227977 0.999974 0.00680719 0.00737551 -0.000536596 -0.00680842 0.999977 -0.823402 
0.999998 0.00122331 0.00126312 0.000350952 -0.00121581 0.999982 -0.0059195 0.0171778 -0.00127034 0.00591796 0.999982 -0.832193 
0.999996 0.00265955 0.00120235 -0.0018158 -0.00264937 0.999961 -0.00838549 0.0239766 -0.00122461 0.00838226 0.999964 -0.831652 
0.999998 0.00168911 0.000581687 -0.00231171 -0.00168745 0.999995 -0.00283783 0.0222416 -0.000586484 0.00283684 0.999996 -0.821896 
1 -0.000872102 4.15966e-05 0.00205231 0.000872068 1 0.000598451 0.0195423 -4.21163e-05 -0.000598415 1 -0.813213 
0.999995 -0.00297392 -0.000708163 0.00485229 0.00297456 0.999995 0.000886219 0.0185263 0.000705531 -0.000888324 0.999999 -0.812546 
0.999996 -0.00194082 -0.00189049 0.00324249 0.00194166 0.999998 0.000442457 0.0170287 0.00188963 -0.000446124 0.999998 -0.806379 
0.999998 -0.000718335 -0.0019562 0.00170135 0.000717282 1 -0.000539799 0.0193071 0.00195659 0.000538394 0.999998 -0.804529 
0.999998 -0.000716243 -0.0021076 0.00408936 0.000717936 1 0.000802438 0.0204154 0.00210703 -0.000803949 0.999998 -0.80027 
0.999996 -0.00186623 -0.00203691 0.00713348 0.00186681 0.999998 0.000285654 0.0178957 0.00203637 -0.000289455 0.999998 -0.796543 
0.999996 -0.00208489 -0.00204236 0.00801849 0.00208354 0.999998 -0.000663746 0.0160899 0.00204375 0.000659489 0.999998 -0.79491 
0.999998 0.000442358 -0.00204491 0.00578308 -0.000445582 0.999999 -0.00157581 0.0225891 0.00204421 0.00157672 0.999997 -0.790779 
0.999998 -0.000278922 -0.00198865 0.00384521 0.000278447 1 -0.000236904 0.0217167 0.00198872 0.00023635 0.999998 -0.783474 
0.999998 -0.000258511 -0.00182519 0.0031662 0.000260677 0.999999 0.00118292 0.0204254 0.00182489 -0.00118339 0.999998 -0.781506 
0.999999 0.000569761 -0.000995509 -0.000282288 -0.000568924 1 0.00084338 0.0177258 0.000995994 -0.000842814 0.999999 -0.771996 
0.999997 0.00199808 -0.00123275 -0.00190735 -0.00199981 0.999997 -0.00140292 0.0200359 0.00122994 0.00140538 0.999998 -0.773666 
0.999999 0.000129065 -0.00140096 -0.000892639 -0.000130361 1 -0.000926074 0.0228231 0.00140082 0.000926256 0.999999 -0.768509 
0.999999 -0.00102089 -0.00137785 0.00306702 0.00101991 0.999999 -0.000705755 0.0226829 0.00137857 0.000704349 0.999999 -0.760967 
0.999997 -0.00183217 -0.00139126 0.00595093 0.00183076 0.999998 -0.00101121 0.0215579 0.00139312 0.00100866 0.999998 -0.750195 
0.999999 -0.00118881 -0.000912629 0.00537109 0.0011881 0.999999 -0.000783187 0.01808 0.000913549 0.000782101 0.999999 -0.734016 
1 0.000112477 -0.000859361 0.00518799 -0.000113103 1 -0.000744198 0.0192964 0.000859275 0.000744296 0.999999 -0.715347 
1 0.000196995 -0.00033306 0.00506592 -0.000196232 0.999997 0.00231145 0.0191691 0.000333514 -0.00231138 0.999997 -0.705669 
1 0.000292091 -8.4985e-05 0.00371552 -0.000291819 0.999995 0.0030875 0.0179614 8.58977e-05 -0.00308748 0.999995 -0.701302 
0.999998 -0.00188534 -0.000182267 0.00675964 0.00188563 0.999997 0.00166239 0.0162096 0.000179127 -0.00166273 0.999999 -0.698025 
1 0.00029661 -0.000222046 0.00460052 -0.000296407 1 0.000861263 0.0167253 0.00022231 -0.000861196 1 -0.695431 
0.999999 0.00117877 -8.01459e-05 0.00144958 -0.00117879 0.999999 -0.00017525 0.0154159 7.99373e-05 0.000175344 1 -0.695446 
1 0.00101317 -0.00028998 0.00242615 -0.00101346 0.999999 -0.00100078 0.0143553 0.000288971 0.00100108 0.999999 -0.689289 
0.999993 -0.00373908 -0.000365783 0.00904846 0.00373937 0.999993 0.000783201 0.0137017 0.000362854 -0.000784562 1 -0.686092 
0.999996 -0.00289792 6.59041e-05 0.00881958 0.00289793 0.999996 -0.000158905 0.0152175 -6.54347e-05 0.000159095 1 -0.684704 
0.999998 0.00187176 0.000121046 0.000679016 -0.00187158 0.999997 -0.00150942 0.0131829 -0.000123877 0.00150919 0.999999 -0.676151 
0.999999 0.000668241 -0.000906833 0.000480652 -0.000668613 1 -0.000419131 0.0130239 0.000906561 0.000419736 1 -0.673828 
0.999991 -0.002891 -0.00326801 0.00617218 0.00288982 0.999996 -0.000364511 0.0155325 0.00326905 0.000355063 0.999995 -0.670158 
0.999978 -0.00416104 -0.00522532 0.0083847 0.00416002 0.999991 -0.000207203 0.0167277 0.00522614 0.000185461 0.999986 -0.666462 
0.999978 0.0029882 -0.00585154 -0.00386047 -0.00297015 0.999991 0.00309077 0.0113206 0.00586071 -0.00307332 0.999978 -0.661446 
0.999976 0.0027155 -0.00641584 -0.00684357 -0.00269499 0.999991 0.00320567 0.00898862 0.00642449 -0.00318831 0.999974 -0.663448 
0.999972 -0.000929319 -0.00745639 0.000144958 0.000941684 0.999998 0.00165469 0.00998688 0.00745483 -0.00166166 0.999971 -0.671585 
0.999974 -0.00356539 -0.00630952 0.00511169 0.00356229 0.999994 -0.000502963 0.011658 0.00631128 0.000480474 0.99998 -0.674286 
0.999984 -0.00142183 -0.00542177 -0.000793457 0.00141679 0.999999 -0.000933421 0.0156128 0.00542308 0.000925723 0.999985 -0.679535 
0.999989 -0.00166517 -0.00449794 -0.0019455 0.00166786 0.999999 0.000592871 0.0141318 0.00449695 -0.000600366 0.99999 -0.683048 
0.999989 -0.00256086 -0.00397065 0.00205231 0.00255851 0.999996 -0.000596602 0.0108368 0.00397222 0.000586435 0.999992 -0.691349 
0.999996 0.000431435 -0.00281946 -0.000366211 -0.000438615 0.999997 -0.00254654 0.0120862 0.00281824 0.00254777 0.999993 -0.700592 
0.999997 0.00175158 -0.00176077 -0.00233459 -0.00175786 0.999992 -0.00356944 0.0145109 0.00175453 0.00357253 0.999992 -0.713619 
0.999998 -0.00100054 -0.00181452 0.00483704 0.000992991 0.999991 -0.0041568 0.0158801 0.00181876 0.00415499 0.99999 -0.727448 
0.999999 -0.000322575 -0.00151123 0.00552368 0.0003236 1 0.000677581 0.0126166 0.00151096 -0.000678069 0.999999 -0.729332 
0.999999 0.00141256 -0.000736542 0.00101471 -0.00141038 0.999995 0.00294903 0.0100272 0.000740685 -0.00294798 0.999995 -0.73275 
0.999985 0.00557727 -0.000216126 -0.00562286 -0.00557644 0.999978 0.00366766 0.00987291 0.000236586 -0.0036664 0.999993 -0.737995 
0.999971 0.0076018 -0.000642985 -0.00905609 -0.00759956 0.999965 0.00341715 0.00918174 0.000668891 -0.00341217 0.999994 -0.746235 
0.999999 0.00150162 -0.000739582 -0.000389099 -0.00149995 0.999996 0.00227081 0.00793147 0.000743099 -0.0022697 0.999997 -0.749454 
0.999998 -0.0021365 -0.000556484 0.00635529 0.00213529 0.999995 -0.0021986 0.0113951 0.000561111 0.00219742 0.999997 -0.752949 
1 -0.000897842 0.00019408 0.00463104 0.000898938 0.999983 -0.00575685 0.0181773 -0.000188954 0.00575701 0.999984 -0.756416 
0.999996 0.00275545 -0.000124753 0.00721741 -0.00275565 0.999995 -0.00168974 0.0768254 0.000120103 0.00169007 0.999999 -0.748383 
0.999999 0.000255931 -0.00100499 0.0193787 -0.000256533 1 -0.000604903 0.125771 0.0010048 0.00060516 0.999999 -0.749428 
0.999997 -0.0014367 -0.00177057 0.0151596 0.00143803 0.999999 0.000753376 0.0773451 0.00176959 -0.000755922 0.999998 -0.743919 
0.999997 -0.000443745 -0.00229513 0.015274 0.000446483 0.999999 0.00119084 0.0905607 0.00229458 -0.00119187 0.999997 -0.743412 
0.999997 0.000693107 -0.00218957 0.00771332 -0.0006938 1 -0.000319938 0.0579498 0.0021893 0.000321458 0.999997 -0.743828 
0.999998 0.000780385 -0.00184042 0.00688934 -0.000780281 1 6.21493e-05 0.0692103 0.0018405 -6.07129e-05 0.999998 -0.75042 
0.999998 -0.000411514 -0.0020989 0.008461 0.000411037 1 -0.000227728 0.0487635 0.00209895 0.000226865 0.999998 -0.754211 
0.999996 -0.00239104 -0.00173157 0.0123062 0.00239198 0.999997 0.000538887 0.048929 0.0017303 -0.000543025 0.999998 -0.75935 
0.999999 0.000351926 -0.00124732 0.00782013 -0.000350283 0.999999 0.00132574 0.0386045 0.00124782 -0.0013253 0.999998 -0.758965 
0.999998 -0.00159777 -0.000728138 0.0119171 0.00159795 0.999999 0.000235195 0.0398293 0.000727773 -0.000236359 1 -0.764153 
0.999999 -1.4849e-05 -0.00142308 0.010582 1.56481e-05 1 0.00056507 0.0299871 0.00142307 -0.000565093 0.999999 -0.769859 
0.999999 0.000403516 -0.00103173 0.0101013 -0.000405236 0.999999 -0.00166903 0.0331461 0.00103104 0.00166944 0.999998 -0.776752 
0.999997 -0.00216472 -0.00112052 0.00883484 0.00216271 0.999996 -0.00179151 0.0301819 0.00112435 0.00178908 0.999998 -0.780594 
0.999994 -0.00310797 -0.00170019 0.011879 0.00310493 0.999994 -0.00179183 0.0284333 0.00170575 0.00178654 0.999997 -0.786148 
0.999998 0.000755271 -0.00204213 0.00709534 -0.000757153 0.999999 -0.000919351 0.0297971 0.00204147 0.000920895 0.999998 -0.790848 
0.999997 0.00132751 -0.00182487 0.00524139 -0.00132698 0.999999 0.000293152 0.0227547 0.00182523 -0.000290729 0.999998 -0.797298 
0.999997 -0.000590332 -0.00224152 0.0101471 0.000592627 0.999999 0.00102716 0.0176275 0.00224096 -0.00102848 0.999997 -0.801281 
0.999998 0.000789544 -0.00168788 0.00688171 -0.000783456 0.999993 0.00359718 0.0167243 0.00169064 -0.00359585 0.999992 -0.804153 
0.999997 0.00251188 -0.000251681 0.00299835 -0.00251089 0.999989 0.00391972 0.0165813 0.00026162 -0.00391908 0.999992 -0.809826 
0.999998 0.00134683 -0.00119415 0.00489044 -0.00134253 0.999993 0.00358842 0.0120029 0.00119898 -0.00358681 0.999993 -0.814995 
0.999999 0.00154827 0.000237301 0.00544739 -0.00154844 0.999999 0.000704794 0.0139029 -0.000236258 -0.000705161 1 -0.8256 
0.999991 0.00412085 0.000412911 0.000297546 -0.00412047 0.999991 -0.000886727 0.0161254 -0.000416577 0.000885018 1 -0.831779 
1 0.000320777 0.000209674 0.00723267 -0.000320379 0.999998 -0.00192863 0.0178311 -0.00021033 0.00192857 0.999998 -0.83844 
1 -0.000420498 0.000692353 0.00978088 0.000421489 0.999999 -0.00141418 0.0136409 -0.000691697 0.00141447 0.999999 -0.841347 
0.999998 -0.00127436 0.00175688 0.00910187 0.00127802 0.999997 -0.00208767 0.0165696 -0.0017543 0.0020899 0.999996 -0.845688 
0.999998 0.000775905 0.00170776 0.00518036 -0.000769785 0.999993 -0.00357587 0.0169389 -0.00171052 0.00357455 0.999992 -0.855797 
0.999998 0.000413025 0.00179635 0.00575256 -0.000406826 0.999994 -0.00345459 0.0189509 -0.00179778 0.00345385 0.999992 -0.855927 
0.999997 -0.00160843 0.00175276 0.00835419 0.00160941 0.999998 -0.000559361 0.0239785 -0.00175187 0.000562181 0.999998 -0.855988 
0.999999 0.0009137 0.00140144 0.00550842 -0.000918953 0.999993 0.00375782 0.0241487 -0.00139798 -0.0037591 0.999992 -0.85347 
0.999998 0.000330087 0.00212659 0.0054245 -0.000343574 0.99998 0.00634547 0.0152323 -0.00212437 -0.00634618 0.999978 -0.854271 
0.999998 -0.00124067 0.00160713 0.0105896 0.00123464 0.999992 0.00374821 0.0121756 -0.00161178 -0.00374622 0.999992 -0.857529 
0.999997 -0.00183723 0.00177884 0.009758 0.00184044 0.999997 -0.00180439 0.0203106 -0.00177556 0.00180766 0.999997 -0.867241 
1 0.000343796 0.000878721 0.00650787 -0.000341158 0.999995 -0.00301311 0.0224061 -0.00087966 0.00301281 0.999995 -0.87149 
1 0.00073861 0.000629306 0.00525665 -0.000737501 0.999998 -0.00175602 0.0200615 -0.000630662 0.00175556 0.999998 -0.871925 
1 7.92909e-05 0.000718646 0.00559998 -7.93245e-05 1 6.33122e-05 0.0194106 -0.000718616 -6.33725e-05 1 -0.865898 
0.999999 -0.00119437 0.000438385 0.00679779 0.00119452 0.999999 -0.000362952 0.0201409 -0.000437982 0.000363475 1 -0.869881 
0.999996 0.00263804 0.000756577 0.0029068 -0.00263703 0.999996 -0.00131403 0.0197814 -0.000759974 0.00131203 0.999999 -0.869576 
0.999997 0.00217731 0.00109216 0.000656128 -0.00217523 0.999996 -0.00190375 0.0215418 -0.00109638 0.00190137 0.999998 -0.868378 
0.999996 0.00282517 0.000793315 0.00167847 -0.00282616 0.999995 0.00124746 0.0196078 -0.000789769 -0.0012497 0.999999 -0.860519 
1 0.000636185 0.000732936 0.00157166 -0.000638023 0.999997 0.00250817 0.0188956 -0.000731342 -0.00250864 0.999997 -0.86116 
0.999995 -0.00286346 0.000876844 0.00585938 0.0028623 0.999995 0.00131437 0.0167782 -0.000880636 -0.00131185 0.999999 -0.858482 
0.999989 -0.00471337 0.000340633 0.0090332 0.00471432 0.999985 -0.00284055 0.0222213 -0.000327237 0.00284212 0.999996 -0.858253 
0.999987 -0.00515257 6.31064e-06 0.010643 0.00515257 0.999983 -0.00273146 0.0257854 7.86781e-06 0.00273145 0.999996 -0.854805 
0.999994 -0.00334147 -0.00113595 0.0091629 0.00334233 0.999994 0.000747819 0.0230284 0.00113336 -0.000751612 0.999999 -0.846115 
0.999994 -0.00328084 -0.00135757 0.0100708 0.00328768 0.999982 0.00506739 0.0170374 0.00134095 -0.00507183 0.999986 -0.839767 
0.999999 -0.000986416 -0.000743456 0.00637817 0.000988625 0.999995 0.0029768 0.0146546 0.000740498 -0.00297753 0.999995 -0.835892 
1 0.000899562 -0.000502937 0.0039444 -0.000899411 1 0.000302316 0.0186577 0.000503205 -0.00030186 1 -0.833794 
0.999999 0.00115475 -0.000468731 0.00189972 -0.00115526 0.999999 -0.0010889 0.0217957 0.000467509 0.00108944 0.999999 -0.83168 
0.999999 0.00107562 -0.000601023 0.00251007 -0.00107533 0.999999 0.000477081 0.0207787 0.00060156 -0.000476438 1 -0.82341 
0.999999 0.00132569 -0.000522487 0.00145721 -0.00132427 0.999995 0.00272701 0.0190613 0.000526011 -0.0027263 0.999996 -0.818619 
1 -0.000296975 -0.000620507 0.003685 0.000298082 0.999999 0.00178176 0.0184667 0.000619985 -0.00178195 0.999998 -0.813705 
0.999998 -0.00170937 -0.00115786 0.00598907 0.00170967 0.999999 0.00025671 0.0172143 0.00115752 -0.00025868 1 -0.810478 
0.999996 -0.00178806 -0.00213872 0.00649261 0.00178694 0.999998 -0.00052329 0.0201421 0.00213964 0.000519472 0.999998 -0.80481 
0.999995 -0.000522391 -0.00317055 0.00487518 0.000523398 1 0.000317048 0.019886 0.0031703 -0.000318714 0.999995 -0.796974 
0.999995 -0.000335922 -0.003142 0.00498962 0.000345639 0.999995 0.00309238 0.0157509 0.00314093 -0.00309345 0.99999 -0.792046 
0.999993 -0.00122041 -0.0035052 0.00657654 0.00122624 0.999998 0.00166219 0.0142989 0.00350323 -0.00166648 0.999992 -0.78656 
0.999995 -0.000374099 -0.00317813 0.00597382 0.000373839 1 -8.21498e-05 0.0157323 0.00317813 8.09722e-05 0.999995 -0.78537 
0.999995 0.00113531 -0.00294694 0.00436401 -0.00114076 0.999998 -0.00185072 0.0165696 0.00294478 0.00185406 0.999994 -0.781021 
0.999995 0.00174535 -0.00259866 0.00365448 -0.0017438 0.999998 0.000601133 0.0146594 0.00259981 -0.000596593 0.999997 -0.778679 
0.999988 -0.00450212 -0.00203347 0.0113678 0.00451248 0.999977 0.00511799 0.016896 0.00201035 -0.00512711 0.999985 -0.77079 
0.999994 -0.00300155 -0.00183438 0.0094986 0.00301357 0.999974 0.00658663 0.014365 0.00181457 -0.0065921 0.999977 -0.765663 
0.999988 0.00409572 -0.00270742 -0.0012207 -0.00408532 0.999984 0.00383582 0.00686717 0.0027231 -0.00382472 0.999989 -0.766968 
0.999994 0.00219083 -0.00276498 -0.0019989 -0.00219712 0.999995 -0.0022745 0.00765705 0.00276005 0.00228057 0.999994 -0.770927 
0.999993 -0.00150767 -0.00352824 0.00630188 0.00147942 0.999967 -0.0079963 0.0201707 0.00354011 0.00799102 0.999962 -0.775383 
0.999996 -0.00166061 -0.00224696 0.00531006 0.00165477 0.999995 -0.00259822 0.0219159 0.00225118 0.00259449 0.999994 -0.765602 
0.999999 1.17786e-05 -0.00158207 0.00012207 -5.62635e-06 0.999992 0.00388788 0.0154188 0.00158218 -0.00388787 0.999991 -0.757408 
0.999993 -0.00270785 -0.0026048 0.00761414 0.00271661 0.999991 0.0033645 0.00913835 0.00259563 -0.00337155 0.999991 -0.75489 
0.999996 -0.000952013 -0.00259781 0.00842285 0.000959245 0.999995 0.00278478 0.0116196 0.00259514 -0.00278725 0.999993 -0.751884 
0.999992 0.00340028 -0.00210857 0.00152588 -0.00339381 0.99999 0.00306656 0.0112963 0.002119 -0.00305938 0.999993 -0.749573 
0.999998 0.00072849 -0.00186059 0.00492859 -0.000719932 0.999989 0.00459515 0.00845647 0.00186399 -0.0045938 0.999988 -0.745346 
0.999995 -0.000944241 -0.00309935 0.00994873 0.00095372 0.999995 0.00305943 0.00503111 0.00309636 -0.00306237 0.99999 -0.743996 
0.999997 0.000238824 -0.00223053 0.00350952 -0.000244793 0.999996 -0.00267679 0.0115879 0.00222988 0.00267734 0.999994 -0.745895 
0.999984 0.00381127 -0.0041028 -0.0032959 -0.00382987 0.999982 -0.00453624 0.0148647 0.00408538 0.00455188 0.999981 -0.747818 
0.999981 0.0024194 -0.00560963 -0.00210571 -0.00243016 0.999995 -0.00191365 0.0158088 0.00560506 0.00192725 0.999982 -0.739807 
0.99998 -0.00131369 -0.00624147 0.00307465 0.00130805 0.999999 -0.000906445 0.0164242 0.00624257 0.000898265 0.99998 -0.738037 
0.999964 -0.00156269 -0.00837348 0.00279236 0.00156264 0.999999 -1.29293e-05 0.0145497 0.00837356 -1.46625e-07 0.999965 -0.730865 
0.999943 -0.00124716 -0.0105671 0.00183105 0.00125518 0.999999 0.000752535 0.0145514 0.0105661 -0.000765771 0.999944 -0.729103 
0.999927 0.000248322 -0.0120796 -0.0027771 -0.000234709 0.999999 0.00112858 0.0130599 0.0120798 -0.00112565 0.999927 -0.726425 
0.99992 0.000227307 -0.0126579 -0.00150299 -0.000222672 1 0.000367361 0.012418 0.0126579 -0.000364521 0.99992 -0.726753 
0.999923 0.00245592 -0.0121727 -0.00588989 -0.002459 0.999997 -0.000237804 0.0119464 0.0121721 0.000267723 0.999926 -0.724876 
0.99993 0.00278151 -0.0115435 -0.00524902 -0.00279002 0.999996 -0.000720982 0.0124955 0.0115415 0.000753141 0.999933 -0.724083 
0.999936 0.00366074 -0.0107034 -0.00622559 -0.00367117 0.999993 -0.000955436 0.011748 0.0106997 0.000994656 0.999942 -0.721344 
0.999942 0.00534679 -0.00939068 -0.00984192 -0.00535272 0.999986 -0.000607783 0.0137501 0.00938731 0.000658013 0.999956 -0.722237 
