1 1.19762e-11 1.70464e-10 1.11022e-16 1.19762e-11 1 3.5625e-10 0 1.70464e-10 3.5625e-10 1 2.22045e-16 
0.999997 -0.00195899 -0.00163013 0.00349972 0.0019574 0.999998 -0.000974506 -0.00978933 0.00163203 0.000971312 0.999998 0.565351 
0.999999 -0.000513876 -0.00112834 -0.00143285 0.000512364 0.999999 -0.00134012 -0.0120747 0.00112903 0.00133954 0.999998 0.562271 
0.999998 -4.9801e-05 -0.00182806 -0.00750155 4.7598e-05 0.999999 -0.00120529 -0.0176764 0.00182812 0.0012052 0.999998 0.561683 
0.999996 -0.00211182 -0.0020193 -0.00471445 0.00210796 0.999996 -0.00191232 -0.0158221 0.00202333 0.00190805 0.999996 0.562158 
0.999996 -0.00247205 -0.00156736 -0.00164942 0.00246873 0.999995 -0.00211799 -0.0119228 0.00157259 0.00211411 0.999996 0.564872 
0.999998 -0.00116934 -0.00139297 -0.00469716 0.00116805 0.999999 -0.000921897 -0.0121701 0.00139405 0.000920271 0.999999 0.574374 
0.999999 -0.000221378 -0.00136539 -0.00642429 0.00022243 1 0.000769867 -0.0140942 0.00136521 -0.000770171 0.999999 0.579436 
0.999999 -0.000283965 -0.00115727 -0.00817902 0.000283724 1 -0.000205614 -0.0203352 0.00115732 0.000205285 0.999999 0.587013 
0.999999 0.000562033 -0.00120335 -0.00712906 -0.000564962 0.999997 -0.00243317 -0.0179572 0.00120198 0.00243385 0.999996 0.594549 
0.999998 0.00175052 -0.00117517 -0.0100738 -0.00175508 0.999991 -0.00388762 -0.0164627 0.00116836 0.00388968 0.999992 0.601211 
0.999998 0.00155121 -0.00124676 -0.00873715 -0.00155586 0.999992 -0.00374078 -0.0104904 0.00124095 0.00374272 0.999992 0.613059 
0.999998 0.00147161 -0.00119713 -0.00865148 -0.00147256 0.999999 -0.000793872 -0.00778687 0.00119596 0.000795616 0.999999 0.626139 
0.999997 0.00240326 -0.00105719 -0.0097409 -0.0023964 0.999977 0.00644717 -0.00558059 0.00107265 -0.00644462 0.999979 0.64845 
0.999999 0.000835817 -0.000769202 -0.00815732 -0.000827595 0.999943 0.0106277 -0.00939366 0.000778046 -0.010627 0.999943 0.664929 
0.999999 0.00095635 -0.000701429 -0.00733776 -0.000951246 0.999973 0.00724081 -0.0183392 0.000708334 -0.00724013 0.999974 0.676561 
0.999996 0.00238393 -0.00125106 -0.00998112 -0.00238381 0.999997 0.000100469 -0.0223786 0.0012513 -9.74862e-05 0.999999 0.683743 
0.999997 0.00231794 -0.00081763 -0.010963 -0.00232388 0.99997 -0.00734804 -0.0150235 0.000800582 0.00734991 0.999973 0.692064 
0.999999 -0.000590115 -0.000929633 -0.00551776 0.000583485 0.999975 -0.00711732 -0.0043731 0.000933802 0.00711677 0.999974 0.710841 
0.999997 -0.00220532 -0.00132589 0.000133787 0.00220606 0.999997 0.000557306 0.000484049 0.00132466 -0.00056023 0.999999 0.734367 
0.999999 -0.000960426 -0.000437463 0.00607113 0.000964677 0.999951 0.00982189 0.000870988 0.000428012 -0.0098223 0.999952 0.760399 
1 -0.000460885 -0.00043384 0.00467968 0.000464321 0.999968 0.00795512 -0.00567359 0.000430156 -0.00795532 0.999968 0.776607 
1 -0.000935491 -0.000461258 0.00279195 0.000936772 0.999996 0.00278377 -0.0114394 0.00045865 -0.0027842 0.999996 0.788887 
0.999998 -0.0021169 -0.00025614 0.00587301 0.00211665 0.999997 -0.000992035 -0.0106454 0.000258245 0.000991485 1 0.803676 
1 -0.000748874 0.000290651 0.00272808 0.000749646 0.999996 -0.00266353 -0.00908035 -0.00028865 0.00266375 0.999996 0.821333 
0.999997 0.00234394 0.000663633 0.00736938 -0.00234162 0.999991 -0.00348377 -0.00838494 -0.000671791 0.0034822 0.999994 0.832965 
0.999996 -0.00256576 0.000980688 0.013038 0.00257093 0.999983 -0.00530444 -0.0106591 -0.000967061 0.00530694 0.999985 0.846239 
0.999996 -0.00276343 0.000601595 0.0175084 0.00276711 0.999977 -0.00620446 -0.0131025 -0.000584431 0.0062061 0.999981 0.859787 
0.999999 0.000594828 0.00116407 0.00735435 -0.000587822 0.999982 -0.00600994 -0.00806031 -0.00116763 0.00600924 0.999981 0.881739 
0.999999 0.00126758 0.00024721 0.00750607 -0.00126735 0.999999 -0.000937791 -0.00815777 -0.000248393 0.000937485 1 0.901146 
1 0.000403939 -0.000255296 0.00612481 -0.000403792 1 0.00057893 -0.0119918 0.000255531 -0.000578837 1 0.92034 
0.999999 0.00123867 4.8941e-05 0.00697644 -0.00123863 0.999999 -0.000935589 -0.0152739 -5.01145e-05 0.000935541 1 0.934607 
0.999996 0.00272067 0.000160962 0.00254549 -0.00272032 0.999994 -0.00218173 -0.0150187 -0.000166891 0.00218127 0.999998 0.95331 
0.999994 0.0035642 -1.75387e-05 0.00755472 -0.00356421 0.999993 -0.000865169 -0.0127935 1.44485e-05 0.000865227 1 0.971855 
0.999998 0.00177429 9.52557e-05 0.00297432 -0.00177431 0.999998 0.000170441 -0.0130749 -9.49502e-05 -0.000170605 1 0.976276 
1 0.000861994 -0.000224646 0.00252486 -0.000861968 1 0.000114348 -0.0133538 0.000224737 -0.000114158 1 0.983076 
1 3.11734e-05 -0.000187743 0.00279476 -3.11964e-05 1 -0.000118237 -0.0139279 0.000187751 0.000118241 1 0.987904 
1 0.00076118 -0.000360576 0.00148897 -0.000760763 0.999999 0.00115505 -0.0149965 0.00036145 -0.00115477 0.999999 1.0016 
1 0.00065748 -0.000307955 0.00168059 -0.000656894 0.999998 0.00190224 -0.0152311 0.00030921 -0.00190203 0.999998 1.00776 
1 0.000631283 -0.000346614 0.00133558 -0.000630841 0.999999 0.00127373 -0.0170186 0.000347411 -0.00127351 0.999999 1.01475 
1 -0.0001225 -4.41205e-05 0.00272325 0.000122467 1 -0.00073967 -0.018433 4.42117e-05 0.000739667 1 1.02141 
0.999999 0.00109603 -0.000169773 0.000575446 -0.00109623 0.999999 -0.00118009 -0.0163128 0.000168484 0.00118027 0.999999 1.02898 
1 -0.0002126 -0.000342414 0.00106198 0.000212859 1 0.000753135 -0.0166865 0.000342246 -0.000753209 1 1.03646 
0.999999 -0.000766719 -0.000704043 0.00238626 0.000768629 0.999996 0.00271789 -0.0161785 0.000701966 -0.00271842 0.999996 1.04749 
1 0.000160793 -0.000357883 0.00164968 -0.000159545 0.999994 0.00348109 -0.0176884 0.000358444 -0.00348104 0.999994 1.05545 
1 0.000118465 -0.000525884 0.00125203 -0.000117108 0.999997 0.00258268 -0.0193962 0.000526179 -0.00258262 0.999997 1.06332 
1 -8.11664e-05 -0.000535734 -0.000713736 8.15009e-05 1 0.000621298 -0.0222249 0.000535676 -0.000621341 1 1.06312 
1 -0.000538609 -0.000375496 0.00807397 0.000538017 0.999999 -0.00157518 -0.0163574 0.000376346 0.00157497 0.999999 1.07186 
1 0.00022123 -0.000343584 0.0148681 -0.000221343 1 -0.000324651 -0.011341 0.000343511 0.000324728 1 1.07548 
1 -0.000239084 -0.000542669 0.00577056 0.000239556 1 0.000869814 -0.0188323 0.000542464 -0.000869944 0.999999 1.07694 
1 -9.13068e-05 -0.000781465 0.00289977 9.29443e-05 0.999998 0.0020954 -0.0227093 0.000781275 -0.00209547 0.999998 1.07787 
1 6.36347e-05 -0.000586335 0.000973523 -6.2274e-05 0.999997 0.00232283 -0.0244995 0.000586469 -0.00232279 0.999997 1.0759 
0.999999 0.00147686 -0.000469461 -0.000198245 -0.00147659 0.999999 0.000568861 -0.0280175 0.00047031 -0.000568167 1 1.07448 
1 0.000839425 -0.000368446 -0.0047183 -0.000840909 0.999991 -0.00406334 -0.0210425 0.00036503 0.00406365 0.999992 1.06547 
0.999999 0.00153802 -5.23459e-05 -0.00816122 -0.00153824 0.999989 -0.00450742 -0.0130415 4.54243e-05 0.0045075 0.99999 1.06264 
1 0.00078487 -0.00015909 -0.0056124 -0.000784956 0.999999 -0.000548232 -0.0138146 0.000158664 0.000548356 1 1.07329 
1 4.21986e-05 0.000191119 -0.0026578 -4.27266e-05 0.999996 0.00276499 -0.0128917 -0.000191011 -0.002765 0.999996 1.07908 
1 0.000869161 0.000170706 -0.00336325 -0.000869552 0.999997 0.00229116 -0.0137392 -0.000168707 -0.00229131 0.999997 1.07708 
0.999998 -0.00217369 5.7213e-05 0.00154525 0.00217361 0.999997 0.00130143 -0.0136694 -6.00517e-05 -0.0013013 0.999999 1.07648 
1 0.000956309 0.000333937 -0.00208545 -0.000956409 0.999999 0.000323698 -0.0164453 -0.000333626 -0.000324017 1 1.07912 
0.999998 -0.00210603 0.000451995 -8.92282e-05 0.00210732 0.999994 -0.00287048 -0.0134823 -0.000445945 0.00287143 0.999996 1.07079 
0.999999 0.00119155 0.000104245 -0.00473773 -0.0011913 0.999996 -0.00250521 -0.00969142 -0.000107232 0.00250508 0.999997 1.0737 
1 -0.000909592 0.000104096 -0.00313234 0.000909801 0.999998 -0.00199496 -0.0125902 -0.00010228 0.00199506 0.999998 1.07447 
0.999999 -0.00131353 5.26514e-05 -0.00876269 0.00131369 0.999995 -0.00300209 -0.0127066 -4.86989e-05 0.00300215 0.999996 1.06681 
0.999999 -0.00162263 0.00015533 -0.00377363 0.00162302 0.999995 -0.00257285 -0.014177 -0.000151165 0.0025731 0.999997 1.07211 
0.999999 -0.00146328 0.000147341 -0.00772068 0.00146298 0.999997 0.00204972 -0.0114567 -0.00015033 -0.0020495 0.999998 1.07161 
0.999999 -0.00137636 5.19678e-07 -0.00310099 0.00137633 0.99998 0.00608319 -0.00812644 -8.89599e-06 -0.00608318 0.999981 1.08686 
0.999999 -0.00126091 0.00025708 -0.00540796 0.00125933 0.999981 0.00608117 -0.00847965 -0.000264743 -0.00608084 0.999981 1.08582 
0.999999 -0.00170478 0.000136415 -0.00161625 0.0017046 0.999998 0.00131685 -0.0140283 -0.000138653 -0.00131662 0.999999 1.08316 
0.999995 -0.00308553 0.000237778 0.00238153 0.00308628 0.99999 -0.00324089 -0.0106696 -0.000227781 0.00324161 0.999995 1.07924 
0.999998 -0.00179941 3.54853e-05 0.0036747 0.00179952 0.999993 -0.00329941 -0.00926304 -2.95527e-05 0.00329946 0.999995 1.07801 
0.999998 0.00207865 -5.13792e-05 -0.00183676 -0.00207883 0.999991 -0.00378402 -0.0114083 4.35188e-05 0.00378411 0.999993 1.07938 
1 -0.000606648 5.80251e-05 0.000544026 0.000606913 0.999989 -0.0046813 -0.00838202 -5.51865e-05 0.00468135 0.999989 1.08179 
0.999994 0.00331994 0.000546692 -0.00193888 -0.00331949 0.999994 -0.000820146 -0.00489196 -0.000549408 0.000818322 0.999999 1.08505 
0.999988 0.00475715 0.00100955 -0.00619438 -0.00476089 0.999982 0.00373684 -0.00727066 -0.000991747 -0.0037416 0.999993 1.09245 
0.999999 0.00140318 0.000124043 -0.00298274 -0.00140349 0.999996 0.00249574 -0.0101139 -0.000120545 -0.00249591 0.999997 1.08891 
1 -0.000744224 -0.000166301 0.00124493 0.000744267 1 0.000269878 -0.00789374 0.000166096 -0.00027 1 1.08567 
0.999999 -0.00150295 0.000158943 0.00330313 0.0015028 0.999999 0.000919175 -0.0108993 -0.000160325 -0.000918935 1 1.08781 
0.999999 -0.00116012 -0.000295652 0.00252288 0.00116052 0.999998 0.0013701 -0.0104508 0.000294071 -0.00137045 0.999999 1.08403 
0.999999 -0.001622 -0.000307253 0.000790805 0.00162256 0.999997 0.0018328 -0.0166566 0.000304269 -0.00183329 0.999998 1.08408 
0.999999 -0.00122436 -0.000713479 -0.00309366 0.00122576 0.999997 0.00196199 -0.0215664 0.000711076 -0.00196286 0.999998 1.07988 
1 -0.000714155 -0.000588845 -0.00175844 0.000713532 0.999999 -0.00105516 -0.0221641 0.000589598 0.00105474 0.999999 1.07451 
1 0.000231657 -0.000514816 -0.00504337 -0.000233651 0.999992 -0.00387841 -0.020682 0.000513924 0.00387853 0.999992 1.0694 
1 0.000591577 -0.000649203 -0.00516386 -0.000593123 0.999997 -0.00238394 -0.0180451 0.000647785 0.00238432 0.999997 1.06906 
0.999998 0.00205473 -0.000513716 -0.0107797 -0.00205389 0.999997 0.0016305 -0.0203256 0.000517067 -0.00162943 0.999999 1.06556 
1 0.000929325 -0.000590088 -0.00848994 -0.000926889 0.999991 0.0041146 -0.0201851 0.000593903 -0.00411405 0.999991 1.07123 
0.999999 0.0014529 -0.000607964 -0.00895423 -0.00145031 0.99999 0.0042331 -0.0227689 0.000614109 -0.00423221 0.999991 1.06623 
0.999999 0.00110926 -0.000403121 -0.00619444 -0.00110881 0.999999 0.0011141 -0.0202639 0.000404362 -0.00111365 0.999999 1.06129 
1 -0.000129906 -0.000528278 -0.00514033 0.000128684 0.999997 -0.00231414 -0.0191805 0.000528567 0.00231407 0.999997 1.05525 
1 -0.000208593 -0.000628091 -0.00406036 0.000207924 0.999999 -0.00106083 -0.0190336 0.000628315 0.0010607 0.999999 1.04762 
1 -0.000336764 -0.000493864 -0.00352883 0.000336877 1 0.000228521 -0.0144359 0.000493795 -0.000228686 1 1.03951 
0.999999 -0.00127647 -0.000717659 -0.00161695 0.00127661 0.999999 0.00019748 -0.0158857 0.00071739 -0.000198396 1 1.02551 
0.999999 -0.00145968 -0.000652045 -0.00221097 0.00146069 0.999998 0.00154681 -0.0142442 0.000649795 -0.00154776 0.999999 1.01144 
1 0.000124025 -0.000459597 -0.00488734 -0.000122828 0.999997 0.00260205 -0.0172217 0.000459921 -0.00260199 0.999997 0.994255 
0.999999 -0.000789593 -0.000971649 -0.00494123 0.000790908 0.999999 0.00135411 -0.0205204 0.000970583 -0.00135487 0.999999 0.972618 
0.999998 -0.00101543 -0.00202817 -0.00842595 0.0010155 1 3.42859e-05 -0.0248642 0.00202812 -3.63442e-05 0.999998 0.953453 
0.999994 -0.000840665 -0.00327836 -0.00714523 0.000838787 0.999999 -0.000574059 -0.0245817 0.00327886 0.000571304 0.999995 0.931046 
0.999994 8.3215e-05 -0.00344973 -0.00938749 -8.62381e-05 1 -0.000876071 -0.0242763 0.00344965 0.000876363 0.999994 0.906197 
0.999995 -0.000347354 -0.00309998 -0.0064013 0.000346858 1 -0.000160334 -0.0225749 0.00310004 0.000159258 0.999995 0.885529 
0.999995 0.00100052 -0.00316407 -0.0121094 -0.000995551 0.999998 0.0015722 -0.0298254 0.00316565 -0.00156905 0.999994 0.862015 
0.999995 0.000992046 -0.00303381 -0.0100584 -0.000989216 0.999999 0.00093404 -0.0252352 0.00303473 -0.000931033 0.999995 0.839645 
0.999995 0.0008884 -0.00293425 -0.0133357 -0.00088379 0.999998 0.00157256 -0.0252271 0.00293564 -0.00156996 0.999994 0.814827 
0.999995 0.0014705 -0.00272408 -0.0116119 -0.00146811 0.999999 0.000878804 -0.0218551 0.00272536 -0.000874801 0.999996 0.786736 
0.999995 0.00208711 -0.0024162 -0.0159612 -0.00208564 0.999998 0.000612752 -0.0267086 0.00241747 -0.000607708 0.999997 0.760605 
0.999994 0.00196789 -0.00270029 -0.0152872 -0.00197044 0.999998 -0.000941592 -0.0278833 0.00269842 0.000946908 0.999996 0.727959 
0.999995 0.0016079 -0.00255238 -0.0139139 -0.00161661 0.999993 -0.00341454 -0.0272884 0.00254688 0.00341864 0.999991 0.698746 
0.999994 0.00256301 -0.00244264 -0.0137112 -0.00257247 0.999989 -0.00388163 -0.0218923 0.00243267 0.00388789 0.99999 0.666054 
0.999995 0.00220924 -0.00217907 -0.0114563 -0.00221514 0.999994 -0.00270688 -0.0228183 0.00217309 0.00271169 0.999994 0.638214 
0.999998 0.00170141 -0.000986226 -0.00890207 -0.00170262 0.999998 -0.00122053 -0.0228907 0.000984147 0.00122221 0.999999 0.606873 
0.999997 0.00250487 0.000808686 -0.0089674 -0.00250534 0.999997 0.000563907 -0.0218964 -0.00080727 -0.000565929 1 0.584892 
0.99999 0.00358298 0.00274003 -0.00833511 -0.00358784 0.999992 0.00177102 -0.0240439 -0.00273366 -0.00178083 0.999995 0.563934 
0.999982 0.00273243 0.00533582 -0.0030303 -0.00274194 0.999995 0.00177576 -0.0218893 -0.00533095 -0.00179035 0.999984 0.53933 
0.999974 0.000716238 0.00713752 0.00284457 -0.000730254 0.999998 0.00196187 -0.0191026 -0.0071361 -0.00196703 0.999973 0.517578 
0.999955 -0.000302416 0.00945732 0.00772166 0.000276645 0.999996 0.0027258 -0.0164106 -0.00945812 -0.00272307 0.999952 0.494637 
0.999932 -0.000505998 0.011617 0.00810695 0.000486119 0.999998 0.00171397 -0.0233135 -0.0116178 -0.0017082 0.999931 0.473778 
0.999911 -0.000782768 0.013317 0.0107246 0.000776525 1 0.000474224 -0.0218658 -0.0133174 -0.000463842 0.999911 0.450424 
0.999888 -0.000279309 0.0149537 0.0134085 0.000284143 1 -0.00032105 -0.0246091 -0.0149536 0.000325264 0.999888 0.431313 
0.99984 -0.00139384 0.0177999 0.0184913 0.00143607 0.999996 -0.00236039 -0.0195065 -0.0177965 0.00238558 0.999839 0.420723 
0.99978 -0.000732371 0.0209953 0.0214715 0.000816728 0.999992 -0.00400963 -0.0226047 -0.0209922 0.00402589 0.999772 0.411743 
0.999706 -0.00224241 0.0241603 0.0279531 0.002348 0.999988 -0.00434286 -0.0149839 -0.0241503 0.0043983 0.999699 0.401276 
0.999629 -0.00247275 0.0271321 0.0320902 0.00253294 0.999994 -0.00218397 -0.0186591 -0.0271266 0.00225188 0.999629 0.399811 
0.999553 -0.0027583 0.0297696 0.0358639 0.00278065 0.999996 -0.000709457 -0.0107931 -0.0297675 0.000791912 0.999556 0.386688 
0.999471 -0.00262874 0.0324251 0.0391569 0.00266645 0.999996 -0.00111958 -0.0145478 -0.0324221 0.00120545 0.999474 0.38652 
0.999355 -0.00293018 0.0358036 0.043869 0.00298082 0.999995 -0.00136128 -0.0134572 -0.0357994 0.00146712 0.999358 0.373253 
0.999234 -0.00356729 0.0389719 0.0471973 0.00357318 0.999993 -8.15252e-05 -0.0157304 -0.0389713 0.000220727 0.99924 0.377228 
0.999156 -0.00278933 0.0409873 0.0507278 0.00281248 0.999996 -0.000507051 -0.0108404 -0.0409857 0.000621894 0.99916 0.361801 
0.999075 0.000114642 0.0430132 0.0460396 -7.48383e-05 1 -0.000926994 -0.0138254 -0.0430133 0.000922912 0.999074 0.365646 
0.998921 0.00210831 0.0463993 0.0459099 -0.00209326 0.999998 -0.00037312 -0.00931686 -0.0464 0.000275602 0.998923 0.361984 
0.998854 0.000125492 0.0478588 0.0528641 -0.00017529 0.999999 0.00103635 -0.00847602 -0.0478586 -0.00104355 0.998854 0.349968 
0.998832 -0.000458177 0.0483198 0.0535431 0.000393995 0.999999 0.00133782 -0.00678957 -0.0483204 -0.00131723 0.998831 0.356705 
0.998749 -0.00180146 0.0499675 0.0599709 0.0018123 0.999998 -0.000171642 -0.00769866 -0.0499672 0.000261986 0.998751 0.340317 
0.998764 -0.000962969 0.049689 0.0544128 0.00105923 0.999998 -0.00191094 -0.0086869 -0.0496871 0.00196121 0.998763 0.347244 
0.998746 -2.7624e-05 0.0500758 0.058342 0.00018291 0.999995 -0.00309652 -0.00885612 -0.0500754 0.0031018 0.998741 0.334747 
0.998664 0.00241687 0.0516105 0.0482445 -0.00219407 0.999988 -0.00437313 -0.00551784 -0.0516205 0.00425406 0.998658 0.348457 
0.99858 0.00421055 0.0531142 0.0547104 -0.00399457 0.999983 -0.00417189 -0.000897646 -0.0531308 0.00395379 0.99858 0.341255 
0.998476 0.00423841 0.0550233 0.0472183 -0.00409911 0.999988 -0.00264419 0.00280601 -0.0550339 0.00241462 0.998482 0.35688 
0.998475 -3.65488e-05 0.0552028 0.0521469 7.2889e-05 1 -0.000656199 -0.00176862 -0.0552026 0.000659219 0.998475 0.358597 
0.998515 -0.00301419 0.0543861 0.0694199 0.0029513 0.999995 0.00123648 -0.000475258 -0.0543897 -0.00107414 0.998519 0.350967 
0.998429 0.000258425 0.0560371 0.0555878 -0.000436686 0.999995 0.00316883 0.00165594 -0.0560359 -0.00318833 0.998424 0.370941 
0.998402 0.000230661 0.0565135 0.0684128 -0.000362962 0.999997 0.00233101 0.000711411 -0.0565129 -0.00234779 0.998399 0.362968 
0.998424 -0.000367928 0.0561263 0.0574341 0.000219176 0.999996 0.00265637 -0.00353229 -0.056127 -0.0026399 0.99842 0.376442 
0.99834 -0.00192133 0.0575584 0.0741501 0.00167281 0.999989 0.00436565 -0.00355983 -0.0575662 -0.00426211 0.998333 0.373024 
0.998364 0.00315702 0.0570925 0.0515594 -0.00326495 0.999993 0.00179726 -0.00753981 -0.0570865 -0.00198073 0.998367 0.385487 
0.998471 0.00449043 0.0550941 0.047905 -0.00434236 0.999987 -0.00280713 -0.00637662 -0.0551059 0.0025636 0.998477 0.389229 
0.998566 0.00164045 0.0535199 0.0604324 -0.00135843 0.999985 -0.00530549 -0.00210035 -0.0535278 0.00522518 0.998553 0.388313 
0.998803 -0.000184366 0.0489055 0.0464706 0.000299552 0.999997 -0.00234794 -0.00213206 -0.048905 0.00235978 0.998801 0.406956 
0.999048 -0.00551144 0.043277 0.0572281 0.00555025 0.999984 -0.000776692 -0.00290668 -0.043272 0.00101614 0.999063 0.415625 
0.999306 -0.00732936 0.036511 0.0491333 0.00736822 0.999972 -0.000929818 -0.00200748 -0.0365033 0.00119821 0.999333 0.432938 
0.999496 -0.00447935 0.0314357 0.0433578 0.00455894 0.999987 -0.00246065 -0.000966772 -0.0314243 0.00260272 0.999503 0.443071 
0.999585 0.00226753 0.0287161 0.0255432 -0.00232321 0.999995 0.00190569 -0.00562882 -0.0287117 -0.00197161 0.999586 0.465206 
0.999637 0.0071095 0.0259863 0.016777 -0.00722705 0.999964 0.00443261 -0.00419018 -0.0259538 -0.00461881 0.999652 0.484467 
0.999689 0.00541166 0.0243673 0.0199738 -0.00550769 0.999977 0.00387552 -0.00600243 -0.0243458 -0.00400852 0.999696 0.499784 
0.999729 -0.00318248 0.0230716 0.0281982 0.00311401 0.999991 0.0030029 -0.00962913 -0.023081 -0.00293025 0.999729 0.519773 
0.999762 -0.00727292 0.020564 0.035202 0.00728171 0.999973 -0.000352867 -0.010357 -0.0205609 0.000502525 0.999789 0.534599 
0.99982 -0.00511906 0.0182445 0.0337067 0.00515907 0.999984 -0.00214646 -0.00875998 -0.0182332 0.0022402 0.999831 0.553158 
0.999894 -0.00138842 0.0145339 0.0160065 0.00147116 0.999983 -0.00568305 0.000930905 -0.0145258 0.00570383 0.999878 0.572902 
0.999928 0.00323818 0.0116086 0.00596619 -0.00317962 0.999982 -0.00505983 0.00248569 -0.0116248 0.00502254 0.99992 0.592394 
0.999975 -0.00206876 0.00680051 0.0100708 0.00207301 0.999998 -0.000616249 0.00258476 -0.00679923 0.000630341 0.999977 0.618406 
0.999979 -0.0056915 0.00304002 0.0147552 0.00567847 0.999975 0.00427361 0.000617206 -0.00306427 -0.00425627 0.999986 0.643326 
0.999997 -0.00265647 -8.08593e-05 0.00460815 0.00265656 0.999996 0.00112082 -0.0024538 7.78828e-05 -0.00112103 0.999999 0.657369 
0.999998 0.000558913 -0.00166854 -0.00341797 -0.000557456 0.999999 0.00086336 -0.00242376 0.00166902 -0.000862424 0.999998 0.676658 
0.999989 0.00444968 -0.00145494 -0.0100403 -0.00444964 0.99999 3.01339e-05 -0.00469339 0.00145506 -2.36671e-05 0.999999 0.688894 
0.999999 0.000383541 -0.00108779 -0.00123596 -0.00038562 0.999998 -0.00190479 -7.03335e-05 0.00108706 0.00190521 0.999998 0.710306 
1 0.000544071 -0.000741726 -1.52588e-05 -0.000544488 1 -0.000557206 -0.000646234 0.000741422 0.000557612 0.999999 0.723268 
1 0.000176117 -0.000531999 0.000801086 -0.000175912 1 0.000383151 -0.00348103 0.000532061 -0.000383051 1 0.73901 
0.999999 0.00138668 -0.00067742 -0.00659943 -0.00138575 0.999998 0.00138804 -0.00797629 0.000679359 -0.0013871 0.999999 0.75636 
0.999999 -0.000860129 -0.0005315 -0.00276184 0.000860848 0.999999 0.00134765 -0.00976378 0.000530334 -0.0013481 0.999999 0.76586 
1 -0.000853341 0.000608239 -7.62939e-06 0.000851996 0.999997 0.00220235 -0.0111278 -0.000610117 -0.00220183 0.999997 0.77747 
0.999997 0.00213237 0.0013293 -0.000648499 -0.00213438 0.999997 0.00151534 -0.0127563 -0.00132606 -0.00151817 0.999998 0.780518 
0.999998 0.00161446 0.00162483 0.0018158 -0.00161605 0.999998 0.000975831 -0.0107785 -0.00162326 -0.000978458 0.999998 0.786862 
0.999996 -0.00225283 0.00144616 0.00622559 0.00224902 0.999994 0.00263711 -0.0077894 -0.00145209 -0.00263384 0.999996 0.798402 
0.999995 -0.0028581 0.00127092 0.00750732 0.00285665 0.999995 0.00114313 -0.0112796 -0.00127419 -0.00113949 0.999999 0.806616 
0.999988 0.00439981 0.00204096 -0.00221252 -0.00440426 0.999988 0.00217726 -0.015081 -0.00203135 -0.00218622 0.999996 0.816723 
0.999996 0.00258361 0.000856766 -0.00466919 -0.00257929 0.999984 -0.0050113 -0.0146764 -0.000869693 0.00500907 0.999987 0.817986 
0.999999 -0.00146531 0.000645697 -0.00266266 0.00146859 0.999986 -0.00511632 -0.0109017 -0.000638183 0.00511727 0.999987 0.822254 
1 -0.000720285 0.000740506 -0.00508118 0.000721632 0.999998 -0.00182421 -0.0103253 -0.000739196 0.00182474 0.999998 0.831297 
0.999993 0.00356357 0.00101351 -0.0125809 -0.00356557 0.999992 0.00198918 -0.0112538 -0.00100641 -0.00199279 0.999998 0.838736 
0.999995 0.00314113 0.000739127 -0.0164566 -0.00314409 0.999987 0.00403669 -0.0158527 -0.000726448 -0.00403899 0.999992 0.841623 
0.999999 0.00171468 -5.75166e-05 -0.00941467 -0.00171431 0.999982 0.0057349 -0.0153788 6.73551e-05 -0.0057348 0.999983 0.84417 
0.999995 0.00321234 -7.255e-05 -0.0145721 -0.0032119 0.99998 0.00536823 -0.0160971 8.97851e-05 -0.00536797 0.999986 0.845211 
0.999995 0.00307352 -0.000107098 -0.0132751 -0.00307338 0.999994 0.00124315 -0.0226802 0.000110921 -0.00124282 0.999999 0.838181 
0.999997 -0.00241018 -0.00096599 -0.00553131 0.00240514 0.999984 -0.00518686 -0.0270939 0.000978481 0.00518451 0.999986 0.831186 
0.999996 -0.00264836 -0.00112828 0.000259399 0.00263496 0.999928 -0.011716 -0.0196384 0.00115923 0.011713 0.999931 0.821476 
0.999997 -0.00227977 -0.000536602 -0.000549316 0.00227606 0.999974 -0.00680843 -0.0129818 0.000552105 0.00680719 0.999977 0.82333 
0.999999 -0.00121581 -0.00127034 -0.00138855 0.00122331 0.999982 0.00591796 -0.0122533 0.00126312 -0.0059195 0.999982 0.832281 
0.999996 -0.00264937 -0.00122461 0.000862122 0.00265954 0.999961 0.00838227 -0.0169992 0.00120236 -0.00838548 0.999964 0.831827 
0.999998 -0.00168745 -0.000586478 0.00187683 0.0016891 0.999995 0.00283684 -0.0199056 0.000581691 -0.00283783 0.999996 0.821959 
1 0.000872077 -4.212e-05 -0.00210571 -0.000872094 0.999999 -0.000598415 -0.0200269 4.15966e-05 0.000598452 1 0.813206 
0.999995 0.00297455 0.000705523 -0.00434113 -0.00297393 0.999995 -0.000888323 -0.0192332 -0.000708165 0.000886221 0.999999 0.812532 
0.999996 0.00194166 0.00188963 -0.00177002 -0.00194082 0.999998 -0.000446126 -0.0173817 -0.00189049 0.000442455 0.999998 0.806381 
0.999998 0.000717279 0.00195659 -0.000152588 -0.000718335 1 0.000538395 -0.0188724 -0.0019562 -0.000539798 0.999998 0.804543 
0.999998 0.000717936 0.00210703 -0.00242615 -0.000716237 0.999999 -0.000803949 -0.0210562 -0.0021076 0.000802438 0.999997 0.800257 
0.999996 0.00186681 0.00203637 -0.00553894 -0.00186623 0.999998 -0.000289455 -0.018113 -0.0020369 0.000285653 0.999998 0.796547 
0.999996 0.00208354 0.00204374 -0.00640869 -0.0020849 0.999998 0.000659489 -0.0155489 -0.00204236 -0.000663747 0.999998 0.794937 
0.999998 -0.000445584 0.00204422 -0.00414276 0.00044236 0.999999 0.00157672 -0.0213451 -0.00204491 -0.00157581 0.999997 0.790825 
0.999998 0.000278451 0.00198872 -0.00228119 -0.000278916 1 0.00023635 -0.021531 -0.00198865 -0.000236904 0.999998 0.783485 
0.999998 0.000260668 0.00182489 -0.00174713 -0.000258517 0.999999 -0.00118339 -0.0213491 -0.00182519 0.00118292 0.999998 0.78149 
0.999999 -0.000568919 0.000995994 0.00106049 0.000569765 0.999999 -0.000842813 -0.0183761 -0.000995513 0.000843381 0.999999 0.77198 
0.999997 -0.00199981 0.00122994 0.00289154 0.00199808 0.999997 0.00140538 -0.0189445 -0.00123275 -0.00140292 0.999998 0.773701 
0.999999 -0.000130361 0.00140084 0.00197601 0.000129065 1 0.000926256 -0.0221113 -0.00140094 -0.000926074 0.999999 0.768532 
0.999999 0.00101992 0.00137857 -0.00203705 -0.00102089 0.999999 0.000704348 -0.0221436 -0.00137785 -0.000705755 0.999999 0.760979 
0.999997 0.00183077 0.00139311 -0.00495148 -0.00183217 0.999998 0.00100866 -0.0207899 -0.00139127 -0.00101121 0.999999 0.750217 
0.999999 0.0011881 0.000913557 -0.00471497 -0.00118882 0.999999 0.000782102 -0.0174998 -0.000912622 -0.000783186 0.999999 0.734035 
1 -0.000113116 0.000859275 -0.00457001 0.000112465 1 0.000744295 -0.0187643 -0.000859361 -0.000744199 0.999999 0.715366 
1 -0.000196223 0.000333518 -0.00482941 0.000197001 0.999997 -0.00231138 -0.0208008 -0.00033306 0.00231144 0.999997 0.705627 
1 -0.000291826 8.58866e-05 -0.00365448 0.000292083 0.999995 -0.00308748 -0.0201278 -8.49962e-05 0.0030875 0.999995 0.701248 
0.999998 0.00188564 0.000179134 -0.00666046 -0.00188532 0.999997 -0.00166273 -0.0173576 -0.000182264 0.00166239 0.999999 0.697994 
1 -0.000296419 0.000222307 -0.00442505 0.000296598 1 -0.000861198 -0.0173256 -0.00022205 0.000861262 1 0.695419 
0.999999 -0.00117878 7.99373e-05 -0.00136566 0.00117877 0.999999 0.000175344 -0.0152957 -8.01347e-05 -0.00017525 1 0.695446 
0.999999 -0.00101346 0.000288967 -0.0022049 0.00101317 0.999999 0.00100108 -0.0136673 -0.000289988 -0.00100078 0.999999 0.689301 
0.999993 0.00373936 0.000362862 -0.00886536 -0.00373908 0.999993 -0.000784563 -0.0142059 -0.000365786 0.000783201 1 0.686085 
0.999996 0.00289793 -6.54347e-05 -0.00892639 -0.00289791 0.999996 0.000159095 -0.0150831 6.58929e-05 -0.000158904 1 0.684708 
0.999998 -0.00187158 -0.000123866 -0.000747681 0.00187176 0.999997 0.00150919 -0.0121632 0.000121053 -0.00150942 0.999999 0.676167 
0.999999 -0.000668621 0.000906553 0.0001297 0.000668233 1 0.000419737 -0.0127411 -0.00090684 -0.000419131 0.999999 0.673836 
0.99999 0.00288983 0.00326904 -0.00402832 -0.002891 0.999996 0.000355064 -0.0152769 -0.003268 -0.000364511 0.999995 0.670185 
0.999978 0.00416002 0.00522614 -0.00498962 -0.00416105 0.999991 0.000185461 -0.0165694 -0.00522532 -0.000207203 0.999986 0.666508 
0.999978 -0.00297015 0.00586073 0.00775909 0.0029882 0.999991 -0.00307332 -0.0133421 -0.00585154 0.00309076 0.999978 0.661377 
0.999976 -0.00269498 0.00642449 0.0111237 0.00271551 0.999991 -0.0031883 -0.0110857 -0.00641584 0.00320567 0.999974 0.663361 
0.999972 0.000941683 0.00745483 0.00485229 -0.00092932 0.999998 -0.00166167 -0.0111032 -0.00745639 0.00165469 0.999971 0.671551 
0.999974 0.00356229 0.00631126 -0.000900269 -0.0035654 0.999994 0.000480472 -0.0113158 -0.00630954 -0.000502964 0.99998 0.674316 
0.999984 0.00141679 0.00542309 0.0044632 -0.00142183 0.999999 0.000925725 -0.0149851 -0.00542177 -0.00093342 0.999985 0.679543 
0.999989 0.00166785 0.00449694 0.00499725 -0.00166517 0.999999 -0.000600366 -0.0145452 -0.00449794 0.000592869 0.99999 0.683029 
0.999989 0.00255851 0.00397217 0.000656128 -0.00256086 0.999997 0.000586436 -0.0104258 -0.00397069 -0.000596601 0.999992 0.69136 
0.999996 -0.000438615 0.00281837 0.00232697 0.000431434 0.999997 0.00254777 -0.0103002 -0.00281935 -0.00254654 0.999993 0.700615 
0.999997 -0.00175786 0.0017545 0.00361633 0.00175158 0.999992 0.00357252 -0.0119574 -0.0017608 -0.00356944 0.999992 0.713657 
0.999998 0.000992991 0.00181866 -0.00351715 -0.00100054 0.999991 0.00415499 -0.0128529 -0.0018146 -0.0041568 0.99999 0.727512 
0.999999 0.0003236 0.00151099 -0.00443268 -0.000322576 1 -0.000678069 -0.0131097 -0.00151116 0.000677581 0.999999 0.729336 
0.999999 -0.00141038 0.000740692 -0.000450134 0.00141256 0.999995 -0.00294799 -0.0121889 -0.00073652 0.00294903 0.999995 0.732719 
0.999984 -0.00557644 0.000236578 0.00585175 0.00557727 0.999978 -0.0036664 -0.0125461 -0.000216126 0.00366766 0.999993 0.737953 
0.999971 -0.00759956 0.000668943 0.00963593 0.0076018 0.999965 -0.00341217 -0.0116584 -0.000642926 0.00341716 0.999994 0.746189 
0.999999 -0.00149994 0.000742987 0.000961304 0.00150163 0.999996 -0.0022697 -0.00963235 -0.000739671 0.00227081 0.999997 0.749432 
0.999998 0.00213528 0.000561163 -0.00595856 -0.00213652 0.999995 0.00219741 -0.00972664 -0.000556417 -0.00219861 0.999998 0.752975 
1 0.000898945 -0.000188902 -0.00479126 -0.000897833 0.999983 0.00575702 -0.0138173 0.000194117 -0.00575684 0.999983 0.756508 
0.999996 -0.00275565 0.000120096 -0.00691223 0.00275545 0.999995 0.00169008 -0.0755796 -0.00012476 -0.00168974 0.999999 0.748528 
1 -0.00025654 0.00100484 -0.0186081 0.000255927 1 0.000605159 -0.125323 -0.00100496 -0.000604902 0.999999 0.749527 
0.999997 0.00143803 0.00176949 -0.0139542 -0.00143669 0.999999 -0.000755922 -0.0778859 -0.00177069 0.000753378 0.999998 0.743896 
0.999997 0.000446482 0.00229461 -0.0136032 -0.000443751 0.999999 -0.00119187 -0.09144 -0.00229512 0.00119084 0.999997 0.743332 
0.999997 -0.000693807 0.00218936 -0.00605011 0.0006931 1 0.000321457 -0.0577166 -0.00218953 -0.00031994 0.999998 0.743862 
0.999998 -0.000780271 0.00184047 -0.00545502 0.000780392 1 -6.07129e-05 -0.0692613 -0.00184046 6.21502e-05 0.999998 0.750427 
0.999998 0.000411041 0.00209899 -0.00689697 -0.000411516 1 0.000226865 -0.0485895 -0.00209885 -0.000227728 0.999998 0.754242 
0.999996 0.00239197 0.00173028 -0.0111084 -0.00239105 0.999997 -0.000543027 -0.0493121 -0.00173159 0.000538886 0.999998 0.759346 
0.999999 -0.000350273 0.00124779 -0.00687408 0.000351938 0.999999 -0.0013253 -0.039614 -0.00124735 0.00132574 0.999999 0.758923 
0.999998 0.00159794 0.000727765 -0.0114288 -0.00159778 0.999999 -0.000236358 -0.0399907 -0.000728145 0.000235195 1 0.764153 
0.999999 1.56509e-05 0.00142308 -0.00949097 -1.48444e-05 1 -0.000565092 -0.0304222 -0.00142307 0.000565071 0.999999 0.769855 
0.999999 -0.000405238 0.00103104 -0.0092926 0.000403513 0.999999 0.00166944 -0.031853 -0.00103173 -0.00166903 0.999998 0.776821 
0.999997 0.00216271 0.00112438 -0.00801849 -0.00216472 0.999996 0.00178908 -0.0287659 -0.00112048 -0.00179151 0.999998 0.780659 
0.999994 0.00310492 0.00170574 -0.0106277 -0.00310797 0.999994 0.00178654 -0.0269918 -0.00170019 -0.00179183 0.999997 0.786209 
0.999997 -0.00075715 0.00204141 -0.00547028 0.000755275 0.999999 0.000920895 -0.0290742 -0.00204217 -0.00091935 0.999997 0.790894 
0.999997 -0.00132698 0.00182526 -0.00375366 0.00132751 0.999999 -0.00029073 -0.0229936 -0.00182484 0.000293151 0.999998 0.797295 
0.999997 0.000592635 0.0022409 -0.00835419 -0.000590323 0.999999 -0.00102848 -0.018446 -0.00224157 0.00102716 0.999997 0.801289 
0.999998 -0.000783469 0.00169072 -0.00549316 0.000789532 0.999993 -0.00359585 -0.0196214 -0.00168782 0.00359718 0.999992 0.804111 
0.999997 -0.00251088 0.00026153 -0.00273895 0.0025119 0.999989 -0.00391908 -0.0197628 -0.00025177 0.00391972 0.999992 0.809753 
0.999999 -0.00134254 0.00119898 -0.00389862 0.00134682 0.999993 -0.00358681 -0.0149317 -0.00119416 0.00358841 0.999993 0.814949 
0.999999 -0.00154844 -0.000236228 -0.00559998 0.00154828 0.999999 -0.000705161 -0.0144928 0.000237331 0.000704794 1 0.825577 
0.999991 -0.00412048 -0.000416562 -0.000572205 0.00412084 0.999991 0.000885017 -0.0153906 0.000412926 -0.000886728 1 0.831795 
1 -0.000320371 -0.000210285 -0.00740814 0.000320783 0.999998 0.00192857 -0.0162172 0.000209734 -0.00192863 0.999998 0.83847 
1 0.000421477 -0.000691757 -0.0103607 -0.000420505 0.999999 0.00141447 -0.0124457 0.000692338 -0.00141418 0.999999 0.841354 
0.999998 0.00127803 -0.00175421 -0.0106049 -0.00127435 0.999997 0.00208991 -0.0147898 0.00175697 -0.00208766 0.999996 0.845703 
0.999998 -0.000769798 -0.00171052 -0.00662231 0.000775896 0.999993 0.00357454 -0.0138841 0.00170776 -0.00357587 0.999992 0.85585 
0.999998 -0.00040682 -0.00179778 -0.00727844 0.000413032 0.999994 0.00345385 -0.0159974 0.00179635 -0.00345459 0.999992 0.85598 
0.999997 0.00160941 -0.00175184 -0.00990295 -0.00160842 0.999999 0.000562181 -0.0234845 0.00175275 -0.000559361 0.999998 0.855988 
0.999999 -0.00091896 -0.00139798 -0.00667572 0.000913693 0.999992 -0.0037591 -0.0273621 0.00140142 0.00375782 0.999992 0.853371 
0.999998 -0.000343574 -0.00212444 -0.00722504 0.000330085 0.99998 -0.00634619 -0.0206554 0.0021265 0.00634547 0.999978 0.854149 
0.999998 0.00123464 -0.00161175 -0.0119781 -0.00124067 0.999992 -0.00374622 -0.0153744 0.00160713 0.00374822 0.999992 0.857468 
0.999997 0.00184044 -0.00177554 -0.0113449 -0.00183723 0.999997 0.00180765 -0.0187254 0.00177886 -0.00180439 0.999997 0.867256 
1 -0.000341147 -0.000879772 -0.00727081 0.000343809 0.999995 0.00301281 -0.019783 0.000878625 -0.00301311 0.999995 0.871544 
1 -0.000737503 -0.00063061 -0.00579834 0.000738604 0.999998 0.00175555 -0.0185342 0.000629373 -0.00175603 0.999998 0.871948 
1 -7.93338e-05 -0.000718653 -0.00621796 7.92779e-05 1 -6.33684e-05 -0.0194659 0.000718623 6.33155e-05 1 0.865891 
0.999999 0.00119453 -0.00043793 -0.00721741 -0.00119436 0.999999 0.000363474 -0.0198174 0.000438429 -0.000362951 1 0.869888 
0.999996 -0.00263704 -0.000760026 -0.00351715 0.00263803 0.999996 0.00131203 -0.0186481 0.000756525 -0.00131403 0.999999 0.869598 
0.999997 -0.00217523 -0.00109631 -0.0015564 0.00217731 0.999996 0.00190137 -0.019892 0.00109224 -0.00190375 0.999998 0.868408 
0.999996 -0.00282616 -0.000789791 -0.00230408 0.00282517 0.999995 -0.0012497 -0.0206881 0.000793278 0.00124746 0.999999 0.860504 
0.999999 -0.000638025 -0.000731342 -0.00218964 0.000636185 0.999997 -0.00250864 -0.0210576 0.000732936 0.00250817 0.999997 0.861115 
0.999996 0.00286231 -0.000880614 -0.00666809 -0.00286346 0.999995 -0.00131186 -0.0178871 0.000876889 0.00131437 0.999999 0.858459 
0.999989 0.00471432 -0.000327244 -0.00942993 -0.00471338 0.999985 0.00284212 -0.0197387 0.000340641 -0.00284055 0.999996 0.858307 
0.999987 0.00515257 7.7635e-06 -0.0107803 -0.00515257 0.999983 0.00273146 -0.0233953 6.20633e-06 -0.00273146 0.999996 0.854866 
0.999994 0.00334233 0.00113346 -0.00828552 -0.00334148 0.999994 -0.000751611 -0.0236335 -0.00113586 0.000747819 0.999999 0.8461 
0.999994 0.00328768 0.00134093 -0.00899506 -0.00328084 0.999982 -0.00507182 -0.0212631 -0.0013576 0.00506739 0.999986 0.839676 
0.999999 0.000988624 0.000740513 -0.00575256 -0.000986416 0.999995 -0.00297753 -0.0171375 -0.000743449 0.0029768 0.999995 0.835846 
0.999999 -0.00089941 0.00050322 -0.00350189 0.000899563 1 -0.000301863 -0.0189128 -0.000502929 0.000302313 1 0.833778 
0.999999 -0.00115526 0.000467487 -0.0014801 0.00115475 0.999999 0.00108944 -0.0208917 -0.000468768 -0.0010889 0.999999 0.831696 
0.999999 -0.00107533 0.000601545 -0.00198364 0.00107561 0.999999 -0.000476435 -0.0211749 -0.000601061 0.000477085 1 0.823395 
0.999999 -0.00132426 0.000526115 -0.00100708 0.0013257 0.999995 -0.00272631 -0.0212951 -0.000522397 0.002727 0.999996 0.81855 
1 0.00029808 0.000619978 -0.00318909 -0.000296977 0.999998 -0.00178194 -0.0199161 -0.000620514 0.00178177 0.999998 0.813675 
0.999998 0.00170967 0.00115742 -0.00507355 -0.00170937 0.999999 -0.00025869 -0.0174146 -0.00115796 0.000256699 0.999999 0.810493 
0.999996 0.00178694 0.00213964 -0.00480652 -0.00178806 0.999998 0.000519465 -0.0197134 -0.00213873 -0.000523294 0.999998 0.80484 
0.999995 0.000523399 0.00317037 -0.00234222 -0.00052239 1 -0.000318706 -0.0201387 -0.00317046 0.000317057 0.999995 0.796974 
0.999995 0.000345639 0.00314093 -0.00250244 -0.000335922 0.999995 -0.00309345 -0.0181985 -0.00314198 0.00309238 0.99999 0.792007 
0.999993 0.00122624 0.00350319 -0.00383759 -0.00122041 0.999998 -0.00166647 -0.0156014 -0.00350526 0.00166219 0.999992 0.786537 
0.999995 0.000373839 0.00317815 -0.00349426 -0.000374099 1 8.09625e-05 -0.0156655 -0.00317809 -8.21589e-05 0.999995 0.785393 
0.999995 -0.00114076 0.00294484 -0.00204468 0.00113531 0.999997 0.00185408 -0.0151243 -0.00294688 -0.00185071 0.999994 0.781067 
0.999995 -0.00174379 0.00259972 -0.00159454 0.00174535 0.999998 -0.000596601 -0.01513 -0.00259875 0.000601129 0.999996 0.778679 
0.999988 0.00451247 0.00201039 -0.00988007 -0.00450212 0.999977 -0.0051271 -0.0207965 -0.00203344 0.00511799 0.999985 0.770706 
0.999994 0.00301357 0.00181456 -0.00814056 -0.00300155 0.999974 -0.00659211 -0.0193839 -0.00183441 0.00658661 0.999977 0.765564 
0.999988 -0.00408532 0.0027231 0.0033493 0.00409572 0.999984 -0.00382472 -0.00979543 -0.00270742 0.00383583 0.999989 0.766922 
0.999994 -0.00219712 0.00275996 0.00415039 0.00219083 0.999995 0.00228057 -0.00589418 -0.00276504 -0.00227451 0.999994 0.770927 
0.999993 0.00147941 0.00354016 -0.00357819 -0.00150767 0.999967 0.00799101 -0.0139647 -0.00352818 -0.00799629 0.999962 0.775536 
0.999996 0.00165477 0.00225125 -0.00361633 -0.00166061 0.999995 0.00259449 -0.0199213 -0.00224689 -0.00259822 0.999994 0.765671 
0.999999 -5.62868e-06 0.00158207 0.00107574 1.17778e-05 0.999992 -0.00388787 -0.0183635 -0.00158212 0.00388788 0.999991 0.757347 
0.999993 0.00271661 0.00259565 -0.00567627 -0.00270786 0.999991 -0.00337155 -0.0116632 -0.00260477 0.0033645 0.999991 0.754875 
0.999996 0.000959247 0.00259514 -0.00648499 -0.000952011 0.999996 -0.00278725 -0.0137074 -0.00259782 0.00278477 0.999993 0.751877 
0.999992 -0.00339381 0.00211899 9.15527e-05 0.00340028 0.999989 -0.00305938 -0.0135939 -0.0021086 0.00306656 0.999993 0.749535 
0.999998 -0.000719934 0.00186393 -0.00354004 0.000728488 0.999989 -0.0045938 -0.0118833 -0.00186069 0.00459515 0.999988 0.745293 
0.999995 0.000953724 0.00309646 -0.00765228 -0.000944238 0.999995 -0.00306237 -0.00729966 -0.00309925 0.00305943 0.999991 0.743996 
0.999997 -0.000244794 0.0022299 -0.00183868 0.000238823 0.999996 0.00267733 -0.00959158 -0.00223053 -0.0026768 0.999994 0.745934 
0.999984 -0.00382987 0.00408544 0.00640869 0.00381127 0.999982 0.00455189 -0.0114481 -0.00410277 -0.00453624 0.999981 0.747849 
0.999981 -0.00243017 0.00560498 0.00628662 0.0024194 0.999995 0.00192725 -0.0143788 -0.00560972 -0.00191365 0.999982 0.739807 
0.99998 0.00130806 0.00624266 0.00150299 -0.00131368 0.999999 0.000898261 -0.0157588 -0.00624138 -0.000906445 0.99998 0.738052 
0.999964 0.00156264 0.00837347 0.00331116 -0.00156269 0.999999 -1.54949e-07 -0.0145459 -0.00837354 -1.29401e-05 0.999965 0.730858 
0.999943 0.00125518 0.0105661 0.00585938 -0.00124716 0.999999 -0.000765756 -0.0151067 -0.0105671 0.000752547 0.999944 0.729057 
0.999927 -0.000234707 0.0120798 0.0115509 0.000248323 0.999999 -0.00112566 -0.0138762 -0.0120795 0.00112857 0.999926 0.726303 
0.99992 -0.000222675 0.0126579 0.010704 0.000227303 1 -0.000364514 -0.0126822 -0.0126579 0.000367369 0.99992 0.726669 
0.999923 -0.002459 0.0121721 0.0147476 0.00245592 0.999997 0.000267719 -0.0117371 -0.0121727 -0.000237807 0.999926 0.724754 
0.999929 -0.00279002 0.0115415 0.0136566 0.00278152 0.999996 0.000753138 -0.0119355 -0.0115436 -0.000720985 0.999933 0.723969 
0.999936 -0.00367117 0.0106998 0.0139923 0.00366074 0.999993 0.000994666 -0.011008 -0.0107033 -0.000955427 0.999942 0.721237 
