1 1.19762e-11 1.70464e-10 0 1.19762e-11 1 3.5625e-10 -1.11022e-16 1.70464e-10 3.5625e-10 1 2.22045e-16 
1 0.000719682 -0.000687088 -0.0140175 -0.000719772 1 -0.000129564 -0.0282032 0.000686994 0.000130058 1 1.199 
0.999999 0.000711287 -0.000679085 -0.0130219 -0.000711374 1 -0.000128544 -0.0277338 0.000678993 0.000129027 1 1.1852 
1 0.000714938 -0.000682587 -0.012262 -0.000715028 1 -0.000129705 -0.0277357 0.000682495 0.000130193 1 1.19147 
1 0.000714962 -0.000682623 -0.0114312 -0.000715051 1 -0.000130209 -0.0275941 0.00068253 0.000130698 1 1.1917 
1 0.000716853 -0.000684442 -0.0106279 -0.000716943 1 -0.000131057 -0.027523 0.000684348 0.000131547 1 1.19504 
1 0.000714043 -0.000681773 -0.0097536 -0.000714133 1 -0.000131042 -0.0272698 0.00068168 0.000131529 1 1.19054 
0.999999 0.000715224 -0.000682912 -0.00893879 -0.000715315 1 -0.000131759 -0.0271688 0.000682818 0.000132248 1 1.1927 
1 0.000714355 -0.000682096 -0.00809644 -0.000714446 1 -0.000132099 -0.0269883 0.000682002 0.000132586 1 1.19144 
1 0.000714364 -0.000682119 -0.00726598 -0.000714457 1 -0.000132601 -0.0268402 0.000682022 0.000133088 1 1.19164 
0.999999 0.000714234 -0.000682004 -0.00643397 -0.000714324 1 -0.000133076 -0.0266854 0.000681908 0.000133563 1 1.19161 
1 0.000714468 -0.000682238 -0.00560527 -0.000714558 1 -0.00013362 -0.0265433 0.000682143 0.000134108 1 1.19218 
1 0.000577486 -0.000648374 -0.00468015 -0.000577557 1 -0.000109309 -0.0262372 0.00064831 0.000109683 1 1.19168 
0.999998 0.00178176 -0.00094435 -0.00470215 -0.00178207 0.999998 -0.000327482 -0.0273552 0.000943764 0.000329165 1 1.19323 
1 -0.000272678 -0.000449446 -0.00215391 0.000272709 1 5.29698e-05 -0.0248524 0.000449431 -5.30934e-05 1 1.19111 
1 -0.000571927 -0.000595486 -0.00144927 0.000572121 1 0.000323078 -0.0245951 0.000595304 -0.000323418 1 1.19358 
1 -0.000340918 -0.000490555 -0.00152779 0.000341115 1 0.000397377 -0.0242074 0.000490411 -0.000397544 1 1.19571 
1 0.00024298 -0.000686682 -0.00230037 -0.000243617 0.999999 -0.000926529 -0.0251996 0.000686462 0.000926695 0.999999 1.19368 
1 -0.000251209 -0.000484886 -0.00210016 0.000250704 1 -0.00104462 -0.0239323 0.000485152 0.00104449 0.999999 1.19464 
0.999999 0.000599218 -0.000817046 -0.00327115 -0.000598734 1 0.000594037 -0.0233957 0.000817393 -0.000593548 1 1.19435 
1 0.000234726 -0.000723219 -0.00269047 -0.000234633 1 0.000126409 -0.0251342 0.000723257 -0.000126239 1 1.19433 
1 1.31175e-05 -0.000906571 -0.00211576 -1.38182e-05 1 -0.000774134 -0.0258057 0.000906561 0.000774146 0.999999 1.19408 
0.999999 0.000257876 -0.00083367 -0.00293859 -0.000257605 1 0.000330852 -0.0221415 0.000833755 -0.000330637 1 1.1965 
0.999999 -0.000892688 -0.000724853 -0.00155927 0.00089426 0.999997 0.00216145 -0.0227358 0.00072291 -0.0021621 0.999997 1.19881 
0.999999 -0.000646978 -0.000899054 -0.00143631 0.000647156 1 0.000198479 -0.0229962 0.000898935 -0.00019906 1 1.19563 
1 -0.000603312 -0.000802441 -0.00129349 0.000602203 0.999999 -0.00138343 -0.0254836 0.000803277 0.00138295 0.999999 1.19138 
1 -0.000509594 -0.00098465 -0.000847608 0.000508799 1 -0.000807443 -0.024257 0.000985058 0.000806941 0.999999 1.19989 
1 0.000411461 -0.000749135 -0.00196959 -0.000411467 1 -7.70623e-06 -0.0239277 0.000749135 8.0138e-06 1 1.2043 
1 -0.000479243 -0.000661723 -0.000851348 0.000479607 1 0.000550032 -0.0246352 0.000661455 -0.000550349 1 1.18861 
1 -0.000249668 -0.000647411 -0.00105442 0.000249834 1 0.000256527 -0.0260193 0.000647351 -0.000256688 1 1.19488 
1 -0.000758435 -0.000493106 -0.000309631 0.000758472 1 7.22843e-05 -0.0246568 0.00049305 -7.26574e-05 1 1.19807 
1 6.67613e-05 -0.000594608 -0.00151961 -6.67654e-05 1 -5.01657e-06 -0.0255896 0.000594603 5.05592e-06 1 1.19706 
1 -0.000884642 -0.000204099 6.54459e-05 0.000884744 0.999999 0.00049662 -0.0257509 0.000203654 -0.000496801 1 1.19794 
1 0.000108081 8.55438e-05 -0.00138271 -0.000108185 0.999999 0.00120558 -0.0253134 -8.5406e-05 -0.00120559 0.999999 1.19894 
1 0.000450295 0.000145739 -0.00150526 -0.000450432 0.999999 0.000943812 -0.0268618 -0.000145316 -0.000943877 1 1.19726 
1 0.000802546 5.48661e-05 -0.00243774 -0.000802524 1 -0.00041548 -0.0275204 -5.51976e-05 0.000415435 1 1.19658 
1 0.000830463 0.000105249 -0.00304827 -0.000830454 1 -9.43737e-05 -0.0252618 -0.000105331 9.42862e-05 1 1.19754 
0.999996 0.00294426 0.000461139 -0.0064241 -0.00294495 0.999995 0.00150645 -0.0234563 -0.000456691 -0.0015078 0.999999 1.20012 
0.999999 0.000209798 0.00157624 -0.00242604 -0.000214739 0.999995 0.00313521 -0.0224092 -0.00157559 -0.00313554 0.999994 1.20027 
0.999998 0.000510434 0.001731 -0.00235578 -0.000515183 0.999996 0.00274945 -0.0232797 -0.00172959 -0.00275033 0.999995 1.20066 
0.999998 0.000224341 0.00174635 -0.00122622 -0.000230131 0.999994 0.00331175 -0.0232681 -0.00174558 -0.00331214 0.999993 1.20544 
0.999999 -0.000346204 0.00128302 -0.00122661 0.000343484 0.999998 0.00212004 -0.026332 -0.00128375 -0.0021196 0.999997 1.20301 
0.999997 -0.0016593 0.00147732 0.000715174 0.00166183 0.999997 -0.00171326 -0.0256592 -0.00147448 0.00171571 0.999997 1.19883 
0.999999 0.000505514 0.00108088 -0.00235654 -0.000503018 0.999997 -0.00230403 -0.0253479 -0.00108203 0.00230348 0.999997 1.20102 
0.999999 0.00115118 0.000816375 -0.00451021 -0.00115104 0.999999 -0.000174646 -0.0240991 -0.000816585 0.000173706 1 1.20123 
0.999999 -0.000968865 4.56264e-05 -0.00214374 0.000968886 0.999999 -0.000465242 -0.0252727 -4.51757e-05 0.000465286 1 1.20534 
1 -0.00066061 -0.00073318 -0.0038088 0.000660082 0.999999 -0.000720893 -0.0256132 0.00073366 0.000720407 0.999999 1.2039 
0.999999 0.000167828 -0.00153506 -0.00442128 -0.000167924 1 -6.14654e-05 -0.0247878 0.00153504 6.17239e-05 0.999999 1.20505 
0.999999 4.86574e-06 -0.0015406 -0.00489502 -2.53652e-06 0.999999 0.00150953 -0.0270225 0.00154061 -0.00150952 0.999998 1.2075 
1 -8.64702e-06 -0.000968381 -0.00471323 9.00438e-06 1 0.000375157 -0.0262705 0.00096838 -0.000375166 1 1.20487 
0.999999 0.00096299 -0.000833681 -0.00576905 -0.0009632 1 -0.000262909 -0.0264107 0.000833433 0.000263711 1 1.206 
1 0.000394889 -0.000711255 -0.00482984 -0.00039499 1 -0.000125037 -0.0267751 0.000711208 0.000125319 1 1.20358 
1 -0.000634766 -0.000168402 -0.00309055 0.000634677 1 -0.000553888 -0.0270144 0.000168748 0.000553783 1 1.20358 
0.999999 -0.0012751 -0.00020761 -0.00125628 0.0012749 0.999999 -0.000984064 -0.0267564 0.000208862 0.000983798 0.999999 1.20187 
1 -0.00043715 -0.000359287 -0.0029617 0.000437482 1 0.00092997 -0.0236318 0.000358889 -0.000930128 0.999999 1.20018 
1 -4.51367e-05 -0.000247739 -0.00259022 4.56774e-05 0.999998 0.00218601 -0.0259534 0.000247633 -0.00218603 0.999998 1.20292 
1 0.000467666 -0.000286952 -0.00403523 -0.00046808 0.999999 -0.00144649 -0.0271477 0.000286274 0.00144663 0.999999 1.19726 
0.999999 0.00154148 -5.72875e-05 -0.00555781 -0.00154157 0.999997 -0.00168404 -0.024199 5.46966e-05 0.00168412 0.999999 1.1936 
0.999997 0.00215984 -7.90171e-05 -0.00651984 -0.00215984 0.999998 0.000164765 -0.0249001 7.93729e-05 -0.000164595 1 1.19438 
0.999998 0.00180403 6.35795e-05 -0.00557359 -0.00180405 0.999998 0.00025913 -0.0248396 -6.31046e-05 -0.000259244 1 1.19106 
0.999999 0.00164425 0.000207467 -0.00515491 -0.00164434 0.999998 0.000479961 -0.0246601 -0.000206677 -0.000480304 1 1.18999 
1 0.000390933 0.000958726 -0.00283554 -0.000391836 1 0.000939932 -0.0266752 -0.000958366 -0.000940307 0.999999 1.18627 
0.999996 0.00165576 0.00206163 -0.00291773 -0.00165701 0.999998 0.000611642 -0.0272052 -0.0020606 -0.000615054 0.999998 1.18533 
0.999996 -0.000576898 0.00265343 0.00148018 0.000578851 1 -0.000734901 -0.0306664 -0.00265301 0.000736433 0.999996 1.17793 
0.999991 -0.00343424 0.00238821 0.00580373 0.00344734 0.999979 -0.0055073 -0.0283723 -0.00236925 0.00551549 0.999982 1.17506 
0.999997 0.000572704 0.00246426 0.0020608 -0.000568573 0.999999 -0.00167555 -0.0241046 -0.00246522 0.00167415 0.999996 1.17548 
0.999996 -0.000722663 0.0028692 0.00298369 0.000711447 0.999992 0.00390833 -0.0242261 -0.002872 -0.00390627 0.999988 1.17827 
0.999995 8.02752e-05 0.00329546 0.0035674 -8.67845e-05 0.999998 0.00197648 -0.0267707 -0.00329529 -0.00197675 0.999993 1.17369 
0.999992 0.000435978 0.00401784 0.00129449 -0.000427179 0.999998 -0.00219111 -0.0265605 -0.00401879 0.00218937 0.99999 1.16595 
0.999994 -0.00089619 0.00348998 0.00465405 0.000904996 0.999997 -0.00252175 -0.0268561 -0.00348771 0.00252489 0.999991 1.16447 
0.999993 -0.00142573 0.00341467 0.0058018 0.00143881 0.999992 -0.00383047 -0.0277745 -0.00340918 0.00383535 0.999987 1.15884 
0.999994 -0.000864851 0.00329535 0.00462866 0.000868331 0.999999 -0.001052 -0.0242456 -0.00329444 0.00105485 0.999994 1.15955 
0.999993 -0.00017376 0.0036144 0.00246406 0.000166746 0.999998 0.00194152 -0.0229614 -0.00361473 -0.0019409 0.999992 1.15967 
0.999992 0.00110977 0.00382809 0.00194168 -0.00111339 0.999999 0.000939975 -0.0245414 -0.00382705 -0.000944229 0.999992 1.15436 
0.999993 -0.000371483 0.00369446 0.00371075 0.000379878 0.999997 -0.00227058 -0.0266613 -0.00369361 0.00227197 0.999991 1.15295 
0.999995 -0.000378608 0.0033088 0.00398302 0.000387013 0.999997 -0.00253768 -0.0238817 -0.00330782 0.00253894 0.999991 1.14996 
0.999995 7.83279e-05 0.00326393 0.00363755 -7.71468e-05 1 -0.000361917 -0.0224296 -0.00326396 0.000361663 0.999995 1.15067 
0.999995 -0.00131146 0.00286128 0.00448442 0.00130784 0.999998 0.00126278 -0.0221994 -0.00286292 -0.00125903 0.999995 1.15387 
0.999996 -0.000712179 0.00278413 0.00484085 0.000708423 0.999999 0.00135121 -0.0220238 -0.00278509 -0.00134924 0.999995 1.15558 
0.999996 -0.000754336 0.002737 0.00491095 0.00074918 0.999998 0.00188466 -0.0224479 -0.00273842 -0.0018826 0.999994 1.15677 
0.999996 -0.00108585 0.00244053 0.00589657 0.00108296 0.999999 0.00118621 -0.0244478 -0.00244182 -0.00118356 0.999996 1.15656 
0.999996 -0.00138248 0.00228787 0.0054121 0.00138737 0.999997 -0.00213348 -0.025851 -0.00228491 0.00213664 0.999995 1.15389 
0.999996 -0.00161877 0.00221912 0.00679922 0.00162664 0.999992 -0.00354849 -0.0242167 -0.00221336 0.00355208 0.999991 1.15916 
0.999998 0.000208614 0.00207337 0.00425625 -0.0002021 0.999995 -0.00314147 -0.0218208 -0.00207402 0.00314105 0.999993 1.16054 
0.999999 9.80862e-05 0.00162993 0.00388956 -9.64221e-05 0.999999 -0.00102056 -0.0207808 -0.00163003 0.0010204 0.999998 1.16914 
1 8.98007e-05 0.000603206 0.00138235 -9.01749e-05 1 0.000618848 -0.0206174 -0.000603158 -0.000618901 1 1.17611 
1 0.000296596 -0.000758547 -0.000495434 -0.000295075 0.999998 0.00200479 -0.0210606 0.000759136 -0.00200456 0.999998 1.18223 
0.999999 -0.000605005 -0.00137537 0.000224113 0.000607241 0.999999 0.00162486 -0.0229023 0.00137439 -0.00162569 0.999998 1.18565 
0.999998 0.000310897 -0.00200434 0.000835419 -0.000309622 1 0.000636852 -0.0245222 0.00200454 -0.00063623 0.999998 1.19268 
0.999997 0.000173807 -0.00246332 -0.00139761 -0.000172371 1 0.000583773 -0.0237427 0.00246343 -0.000583347 0.999997 1.19916 
0.999995 0.0004807 -0.00310643 -0.00189638 -0.000480792 1 -2.89732e-05 -0.0248371 0.00310641 3.04668e-05 0.999995 1.2004 
0.999992 0.00144587 -0.0037597 -0.00483608 -0.00144713 0.999999 -0.00033096 -0.0247486 0.00375923 0.000336398 0.999993 1.20554 
0.999992 0.000146781 -0.00391186 -0.0030179 -0.000146073 1 0.000181099 -0.0245397 0.00391189 -0.000180527 0.999992 1.20746 
0.999992 0.000682327 -0.00405123 -0.0027194 -0.000677892 0.999999 0.00109623 -0.0259075 0.00405197 -0.00109347 0.999991 1.21362 
0.999991 0.000209376 -0.00432895 -0.00335169 -0.000205897 1 0.000804648 -0.026238 0.00432912 -0.000803748 0.99999 1.21613 
0.99999 0.000172433 -0.00445494 -0.00279689 -0.000169177 1 0.000731031 -0.0261822 0.00445506 -0.00073027 0.99999 1.21671 
0.999989 0.000386845 -0.00479149 -0.00438952 -0.00038601 1 0.000175333 -0.0261388 0.00479157 -0.000173482 0.999988 1.21896 
0.999987 0.000830804 -0.00493935 -0.00521636 -0.000830852 1 -7.07747e-06 -0.0273292 0.00493934 1.11812e-05 0.999988 1.22035 
0.999988 0.000512554 -0.0049569 -0.00392532 -0.000514076 1 -0.000304543 -0.0287352 0.00495675 0.000307088 0.999988 1.22321 
0.999989 0.00088304 -0.00464674 -0.00381964 -0.000885866 0.999999 -0.000607536 -0.0301428 0.0046462 0.000611645 0.999989 1.22561 
0.999991 0.00183577 -0.00368835 -0.00432424 -0.00183695 0.999998 -0.000315277 -0.0291469 0.00368776 0.00032205 0.999993 1.22833 
0.999995 0.00234463 -0.00212031 -0.00416119 -0.00234422 0.999997 0.000190602 -0.0285349 0.00212075 -0.000185629 0.999998 1.23156 
0.999999 0.00095275 -0.000965664 -0.0021424 -0.000953026 1 -0.000287251 -0.0279145 0.000965391 0.000288171 1 1.22997 
0.999997 0.00212871 -0.00108604 -0.00454527 -0.00212827 0.999998 0.000411773 -0.0255415 0.00108692 -0.00040946 0.999999 1.2412 
0.999999 0.00140525 -0.00101347 -0.00359863 -0.00140408 0.999998 0.00116478 -0.0257225 0.0010151 -0.00116335 0.999999 1.2406 
1 3.8554e-05 -0.000754818 -0.00183696 -3.85893e-05 1 -3.8606e-05 -0.0277159 0.000754816 3.86351e-05 1 1.24126 
0.999994 0.00325825 -0.000873441 -0.00730175 -0.00325676 0.999993 0.00169633 -0.0230749 0.000878965 -0.00169347 0.999998 1.24622 
0.999998 0.00160342 -0.000641797 -0.00557542 -0.00160154 0.999994 0.00292198 -0.0241804 0.000646474 -0.00292094 0.999995 1.25009 
0.999999 -0.00103073 -0.000788692 -0.00269258 0.00103112 0.999999 0.000496378 -0.0241191 0.000788189 -0.00049719 1 1.2497 
1 -0.000273065 -0.000497469 -0.00186455 0.000272112 0.999998 -0.00191616 -0.0235674 0.000497981 0.00191602 0.999998 1.2502 
0.999996 -0.00272693 -0.000748257 0.0019815 0.00272744 0.999996 0.000686768 -0.0223274 0.000746384 -0.000688806 1 1.25552 
0.999997 -0.0023717 -0.00106308 0.00392616 0.00237375 0.999995 0.00191883 -0.0237782 0.00105853 -0.00192134 0.999998 1.25789 
0.999996 -0.00281128 -0.000342681 0.00255394 0.00281191 0.999994 0.00184724 -0.0241916 0.000337479 -0.00184819 0.999998 1.26236 
0.999998 -0.00178358 -0.000348186 0.00211024 0.00178421 0.999997 0.00183186 -0.0247869 0.000344916 -0.00183248 0.999998 1.26334 
0.99999 -0.00435271 8.44812e-05 0.00505197 0.00435287 0.999988 -0.00198678 -0.0262012 -7.58301e-05 0.00198713 0.999998 1.26318 
0.999996 -0.00263885 -2.81008e-05 0.00572062 0.0026388 0.999995 -0.00171239 -0.0257518 3.26121e-05 0.00171231 0.999999 1.26678 
0.999999 -0.00158656 0.000177683 0.00387669 0.00158656 0.999999 -3.72864e-05 -0.0248983 -0.000177615 3.75677e-05 1 1.26724 
1 -5.24284e-05 0.000268816 -4.42266e-05 5.23163e-05 1 0.000417293 -0.025799 -0.000268833 -0.000417278 1 1.27382 
1 0.000347481 0.000693361 -0.000749707 -0.000348714 0.999998 0.00177989 -0.0250576 -0.000692746 -0.00178013 0.999998 1.27542 
0.999996 0.00259719 0.000698455 -0.00421619 -0.00259842 0.999995 0.00175841 -0.0265162 -0.000693891 -0.00176022 0.999998 1.27419 
1 7.89406e-05 0.00058183 -0.00183761 -7.84762e-05 1 -0.00079916 -0.0281229 -0.000581889 0.000799114 1 1.27272 
1 0.000325882 0.00042979 -0.00206542 -0.000324759 0.999997 -0.00260753 -0.0275164 -0.000430639 0.00260739 0.999996 1.27103 
1 0.000175503 0.000435801 -0.00274193 -0.000174603 0.999998 -0.00206836 -0.0278475 -0.000436158 0.00206828 0.999998 1.26988 
0.999999 -0.00124525 0.000273288 -0.000509858 0.00124637 0.999991 -0.00412475 -0.0297415 -0.000268153 0.00412509 0.999991 1.26707 
1 0.000118027 0.000526573 -0.00237453 -0.000116188 0.999994 -0.00348833 -0.0261741 -0.000526984 0.00348827 0.999994 1.26601 
1 -0.000235605 0.000177251 -0.00221586 0.000235802 0.999999 -0.00112311 -0.0265803 -0.000176988 0.00112316 0.999999 1.26558 
1 -0.000176958 -9.37041e-05 -0.00123942 0.000176995 1 0.000385375 -0.0283458 9.36305e-05 -0.000385392 1 1.26402 
1 0.000642897 3.19295e-05 -0.00387138 -0.000642907 1 0.000349731 -0.0260947 -3.16976e-05 -0.000349751 1 1.26883 
1 0.000802135 -0.000252735 -0.00360596 -0.000801826 0.999999 0.00121902 -0.0257933 0.000253712 -0.00121882 0.999999 1.2637 
1 0.000464948 -0.00025716 -0.00530148 -0.000464804 1 0.000567941 -0.0248592 0.000257426 -0.000567821 1 1.26518 
1 0.000270836 -0.000539533 -0.00343931 -0.00027097 1 -0.000252835 -0.0251293 0.00053946 0.000252981 1 1.26376 
1 0.000318751 -0.000640416 -0.00393355 -0.000318642 1 0.000173697 -0.0243828 0.000640481 -0.000173492 1 1.26111 
1 -0.000568574 -0.000693574 -0.00216997 0.000569334 0.999999 0.00109742 -0.0253994 0.000692943 -0.00109781 0.999999 1.26456 
0.999999 0.000866644 -0.000662838 -0.00371337 -0.000866436 1 0.000310418 -0.0271664 0.00066311 -0.000309844 1 1.26169 
1 0.000297684 -0.000602976 -0.00294113 -0.000298258 0.999999 -0.000938354 -0.0275042 0.000602691 0.000938533 0.999999 1.26059 
1 0.00045968 -0.000812349 -0.00375605 -0.000460568 0.999999 -0.00109998 -0.0254829 0.000811845 0.00110036 0.999999 1.26233 
0.999999 0.000838402 -0.000615146 -0.00445557 -0.000838392 1 1.42734e-05 -0.0259163 0.000615163 -1.37575e-05 1 1.26439 
1 -0.000307719 -0.000652114 -0.00259948 0.000307263 1 -0.000685432 -0.0276678 0.000652332 0.000685231 1 1.26186 
1 0.000274875 -0.000799296 -0.00299823 -0.000275831 0.999999 -0.00120462 -0.0266764 0.000798957 0.00120484 0.999999 1.26271 
1 0.000172834 -0.000619672 -0.00233674 -0.000172738 1 0.000157293 -0.0250564 0.000619706 -0.000157187 1 1.26254 
1 0.000324059 -0.000734786 -0.00303459 -0.000323015 0.999999 0.00142094 -0.0261269 0.000735244 -0.0014207 0.999999 1.26527 
1 6.49372e-05 -0.000746302 -0.00270724 -6.45849e-05 1 0.000463746 -0.0273416 0.00074633 -0.000463697 1 1.26364 
1 0.000357532 -0.000644153 -0.00279021 -0.000357343 1 0.000299419 -0.0265338 0.000644246 -0.000299189 1 1.26634 
1 0.000430599 -0.000724822 -0.0030551 -0.000430338 1 0.000356663 -0.0262833 0.000724982 -0.00035635 1 1.26396 
1 0.000225607 -0.000593945 -0.00288558 -0.000226071 1 -0.000780739 -0.0276237 0.000593772 0.000780872 0.999999 1.26439 
0.999999 0.00104588 -0.000433784 -0.00239253 -0.00104617 0.999999 -0.000670655 -0.0264826 0.000433078 0.000671108 1 1.26111 
1 0.000190562 -0.000413716 -0.000933409 -0.000190357 1 0.00051156 -0.0269873 0.000413818 -0.000511481 1 1.26781 
1 -5.91584e-05 -0.000327861 -0.000669956 5.88678e-05 1 -0.000903509 -0.0285587 0.000327915 0.00090349 1 1.26311 
0.999999 -0.00127363 -5.42905e-05 0.00210524 0.00127352 0.999997 -0.00189098 -0.0277069 5.67026e-05 0.00189091 0.999998 1.26048 
0.999996 -0.00296011 -0.000280943 0.002841 0.0029602 0.999996 0.000329948 -0.0250275 0.000279974 -0.000330778 1 1.26192 
1 -0.000131275 -0.00032524 0.00146365 0.000132321 0.999995 0.0032356 -0.0239699 0.000324812 -0.00323564 0.999995 1.26195 
1 -0.000338525 -0.000147441 0.000532389 0.000339279 0.999987 0.00515458 -0.0253959 0.000145685 -0.00515463 0.999987 1.26486 
1 0.000351472 -0.000189941 -0.00104332 -0.000351611 1 -0.000765179 -0.0288835 0.000189677 0.000765246 1 1.25697 
0.999999 0.00172889 0.000277283 -0.00215578 -0.00172804 0.999994 -0.00307665 -0.0285487 -0.000282601 0.00307617 0.999995 1.25003 
1 0.000336635 -0.000275493 -0.00163126 -0.000337248 0.999997 -0.00221622 -0.0277684 0.000274748 0.00221631 0.999997 1.24959 
1 -0.00042316 -0.000173606 0.000826359 0.000423172 1 8.33343e-05 -0.0271378 0.000173576 -8.34076e-05 1 1.2469 
1 5.31643e-06 6.21881e-05 0.000335455 -5.42267e-06 0.999999 0.0016461 -0.0261405 -6.21956e-05 -0.0016461 0.999999 1.24721 
1 5.47301e-05 0.000140505 0.000575781 -5.50062e-05 0.999998 0.00199518 -0.0281758 -0.00014038 -0.00199519 0.999998 1.24557 
1 -0.000616359 0.000602834 0.00228286 0.000615789 0.999999 0.000955393 -0.0301595 -0.000603426 -0.000955023 1 1.23918 
0.999999 4.47475e-05 0.00133957 0.00298452 -4.41389e-05 1 -0.000459479 -0.031714 -0.0013396 0.00045942 0.999999 1.23399 
0.999998 -0.00135399 0.00139285 0.00465226 0.00135634 0.999998 -0.00169022 -0.0307031 -0.00139056 0.0016921 0.999998 1.23105 
0.999999 -2.33317e-05 0.00126283 0.00384212 2.51297e-05 0.999999 -0.0014181 -0.0316482 -0.00126279 0.00141813 0.999998 1.22678 
0.999999 -0.000882986 0.00136174 0.0053184 0.000884082 0.999999 -0.000806854 -0.0309589 -0.00136103 0.000808056 0.999999 1.22078 
0.999999 0.000120131 0.00123653 0.00350225 -0.000121214 1 0.000875184 -0.0295835 -0.00123642 -0.000875333 0.999999 1.2173 
0.999999 -0.0003434 0.0013736 0.00386941 0.000340622 0.999998 0.00202248 -0.0290864 -0.00137429 -0.00202201 0.999997 1.21294 
0.999999 0.00069383 0.00115869 0.00224674 -0.000694325 1 0.000427759 -0.0310187 -0.00115839 -0.000428563 0.999999 1.20778 
0.999999 -0.000206609 0.00108904 0.00283027 0.000206807 1 -0.000182189 -0.0299611 -0.001089 0.000182414 0.999999 1.20154 
0.999999 0.000380244 0.000991248 0.0027352 -0.000380553 1 0.000310112 -0.0290384 -0.000991133 -0.00031049 1 1.19485 
0.999999 0.000255173 0.00111655 0.00372583 -0.000255652 1 0.000429158 -0.0308323 -0.00111643 -0.000429443 0.999999 1.18781 
1 -8.70258e-06 0.000770832 0.00272936 8.96161e-06 1 -0.000334742 -0.0285978 -0.000770836 0.000334749 1 1.1788 
1 4.4805e-05 0.00089697 0.00221005 -4.49178e-05 1 0.000115946 -0.028583 -0.000896963 -0.000115987 1 1.17041 
0.999999 -0.00118279 0.000561076 0.00351971 0.0011827 0.999999 0.000168412 -0.0287681 -0.000561276 -0.000167749 1 1.15688 
1 -0.000171238 0.000214119 0.00242736 0.000171108 1 0.000587356 -0.0283346 -0.00021422 -0.000587319 1 1.14278 
1 -0.000486172 -0.000322366 0.00190612 0.000486616 0.999999 0.00138004 -0.0291004 0.000321694 -0.00138019 0.999999 1.12955 
1 0.000243046 -0.000689411 -0.000952311 -0.000243071 1 -3.7031e-05 -0.0285745 0.000689402 3.71984e-05 1 1.11186 
1 0.000288471 -0.000365552 -0.0016048 -0.000288834 1 -0.000985424 -0.0287776 0.000365267 0.00098553 1 1.09697 
1 0.000314794 -0.000430854 -0.00240219 -0.000315178 0.999999 -0.000894796 -0.0273848 0.000430571 0.000894931 1 1.0842 
1 -6.30053e-05 -0.000557842 -0.00155357 6.28954e-05 1 -0.00019658 -0.026823 0.000557852 0.000196545 1 1.07043 
0.999999 -0.00055495 -0.00111676 -0.00178146 0.000555024 1 6.6024e-05 -0.0266962 0.00111672 -6.66436e-05 1 1.05933 
0.999999 -0.000389808 -0.00159266 -0.00135136 0.000390994 1 0.000742885 -0.0262613 0.00159237 -0.000743507 0.999998 1.04364 
0.999998 -0.00107221 -0.00197698 -0.000177145 0.00107506 0.999999 0.00144322 -0.0258174 0.00197544 -0.00144534 0.999997 1.03725 
0.999997 0.000196999 -0.00221812 -0.00233197 -0.000192223 0.999998 0.00215324 -0.0257692 0.00221855 -0.00215281 0.999995 1.02237 
0.999998 0.000208628 -0.00224201 -0.00310969 -0.000208366 1 0.000116146 -0.0275559 0.00224203 -0.000115678 0.999998 1.00375 
0.999996 0.000385137 -0.0026799 -0.00431752 -0.000386855 1 -0.000640357 -0.0247412 0.00267964 0.000641391 0.999996 0.983734 
0.999996 7.74172e-05 -0.00273349 -0.0027492 -7.73242e-05 1 3.43197e-05 -0.0244641 0.0027335 -3.41069e-05 0.999996 0.9664 
0.999996 0.000555036 -0.00285764 -0.00344801 -0.00055316 1 0.000656741 -0.0259123 0.00285801 -0.000655159 0.999996 0.941666 
0.999996 0.000358024 -0.00298692 -0.00315762 -0.000358103 1 -2.52402e-05 -0.026628 0.00298692 2.63103e-05 0.999996 0.920502 
0.999995 -3.3452e-05 -0.00305918 -0.00281382 3.13287e-05 1 -0.000694333 -0.0252757 0.00305919 0.000694234 0.999995 0.896759 
0.999995 -0.000191529 -0.00322838 -0.00239944 0.000189993 1 -0.000476436 -0.0243931 0.00322847 0.000475821 0.999995 0.874481 
0.999994 0.00120607 -0.00310889 -0.00429773 -0.00120672 0.999999 -0.000207686 -0.0246921 0.00310864 0.000211436 0.999995 0.853653 
0.999995 0.000319789 -0.00299364 -0.00324011 -0.000322417 1 -0.000876839 -0.025115 0.00299336 0.000877799 0.999995 0.830307 
0.999995 0.00193239 -0.00236153 -0.00466299 -0.00193213 0.999998 0.000114096 -0.0218606 0.00236175 -0.000109532 0.999997 0.813583 
0.999999 0.000797373 -0.000822935 -0.00151634 -0.000797219 1 0.000182814 -0.0213547 0.000823066 -0.000182158 1 0.794327 
1 1.01538e-05 0.000206236 0.000801086 -1.03908e-05 0.999999 0.00116583 -0.0215521 -0.000206232 -0.00116583 0.999999 0.777725 
1 5.57142e-05 0.000496775 0.0018158 -5.61369e-05 1 0.000840833 -0.0224395 -0.00049673 -0.000840861 1 0.758209 
1 -0.000177503 0.000317331 0.00174618 0.000177687 1 -0.000561291 -0.0221934 -0.000317227 0.000561346 1 0.741684 
1 0.000555018 0.000343289 0.000602722 -0.00055436 0.999998 -0.00192277 -0.0200186 -0.00034437 0.00192258 0.999998 0.731125 
1 0.000111691 0.000853337 0.0020647 -0.00010984 0.999998 -0.00217266 -0.0191483 -0.000853576 0.00217257 0.999997 0.727997 
0.999999 8.14157e-05 0.00114227 0.0018158 -7.9872e-05 0.999999 -0.0013474 -0.0178213 -0.00114238 0.00134731 0.999998 0.723312 
0.999999 0.000744941 0.00148041 0.00187254 -0.000744257 0.999999 -0.000457771 -0.0176249 -0.00148075 0.000456668 0.999999 0.722275 
0.999998 -0.000558167 0.00170058 0.00380468 0.000558564 1 -0.000237198 -0.0170822 -0.00170045 0.000238148 0.999999 0.718079 
0.999998 -0.000184498 0.00184951 0.00389719 0.000184468 1 1.72633e-05 -0.016973 -0.0018495 -1.69225e-05 0.999998 0.714325 
0.999998 7.96808e-05 0.00204621 0.00208902 -7.95909e-05 1 -4.63882e-05 -0.0164728 -0.00204621 4.62249e-05 0.999998 0.711044 
0.999998 -0.000244707 0.00210781 0.00315285 0.000245258 1 -0.000259259 -0.0162153 -0.00210775 0.000259776 0.999998 0.706757 
0.999996 0.000105006 0.0028766 0.00287485 -0.000105812 1 0.000279824 -0.0146456 -0.00287657 -0.000280127 0.999996 0.703445 
0.999994 -0.000932375 0.00321131 0.00490952 0.000930581 1 0.000560288 -0.0146646 -0.00321182 -0.000557296 0.999995 0.699997 
0.999995 -0.00105626 0.00289024 0.0054965 0.00105482 0.999999 0.000498467 -0.0173268 -0.00289078 -0.000495416 0.999996 0.696335 
0.999995 -0.000283972 0.0029996 0.00509787 0.00028329 1 0.00022786 -0.0180497 -0.00299965 -0.000227009 0.999996 0.692398 
0.999996 -0.000384554 0.00296186 0.00481415 0.000385382 1 -0.000276384 -0.0182872 -0.00296176 0.000277525 0.999996 0.687958 
0.999996 -0.000209393 0.00288094 0.00480437 0.000210657 1 -0.000439458 -0.0162473 -0.00288085 0.000440064 0.999996 0.687546 
0.999995 0.000974616 0.00295707 0.00327432 -0.000971941 0.999999 -0.000906217 -0.016233 -0.00295794 0.000903338 0.999995 0.68866 
0.999996 -7.15379e-05 0.00287049 0.00308836 7.34356e-05 1 -0.000659575 -0.0165596 -0.00287046 0.000659782 0.999996 0.693451 
0.999996 2.76125e-05 0.00283988 0.0032658 -3.02467e-05 0.999999 0.00092415 -0.0150075 -0.00283985 -0.000924232 0.999995 0.696243 
0.999997 0.000512401 0.00256616 0.000282049 -0.000514155 1 0.000681454 -0.0153975 -0.00256581 -0.000682771 0.999996 0.702438 
0.999997 -0.000261592 0.00230527 0.00133288 0.000261947 1 -0.000150316 -0.0158291 -0.00230523 0.000150919 0.999997 0.703125 
0.999997 -0.000158218 0.00230184 0.000656605 0.000160974 0.999999 -0.00119646 -0.0156126 -0.00230165 0.00119683 0.999997 0.704407 
0.999998 0.000183952 0.00174326 0.000505209 -0.000179457 0.999997 -0.00258184 -0.0132208 -0.00174373 0.00258152 0.999995 0.70813 
0.999999 -0.000732219 0.000966084 6.8903e-05 0.000733707 0.999999 -0.0015404 -0.0111208 -0.000964954 0.00154111 0.999998 0.714859 
1 -7.6318e-05 0.000191447 0.000183105 7.6489e-05 1 -0.000830047 -0.0128198 -0.000191383 0.00083006 1 0.721893 
1 -0.000759639 0.000178195 -0.000115156 0.000759675 1 -0.000222778 -0.0141246 -0.000178027 0.000222914 1 0.727905 
1 0.000911621 0.000175004 -0.00178742 -0.000911598 1 -0.000176341 -0.0142822 -0.000175164 0.000176181 1 0.733719 
1 0.000833918 0.000306614 -0.00238061 -0.000833698 0.999999 -0.000692236 -0.0155036 -0.000307191 0.000691981 1 0.742035 
1 -0.000680756 0.000229931 -0.00104427 0.000681207 0.999998 -0.00199071 -0.0147426 -0.000228575 0.00199087 0.999998 0.746033 
0.999993 -0.00377083 0.000402791 0.00303984 0.00377156 0.999991 -0.00180152 -0.0139365 -0.000395993 0.00180303 0.999998 0.752884 
0.999994 -0.00330267 0.000344288 0.00324225 0.00330299 0.999994 -0.000952009 -0.0100355 -0.000341143 0.000953137 1 0.760986 
0.999998 0.00162251 0.000582024 -0.00347376 -0.0016243 0.999994 0.00307984 -0.00781035 -0.000577023 -0.00308078 0.999995 0.774338 
0.99999 0.00440674 0.000638859 -0.00866747 -0.00441055 0.999972 0.00608348 -0.0116529 -0.000612033 -0.00608624 0.999981 0.784012 
1 -0.000230143 0.000824494 -0.00151348 0.000226251 0.999989 0.00471019 -0.0145564 -0.000825568 -0.00471 0.999989 0.787155 
0.999997 -0.00148308 0.00189739 0.00399303 0.0014867 0.999997 -0.00190475 -0.0168786 -0.00189456 0.00190756 0.999996 0.794708 
0.999992 0.00107707 0.0039798 -0.000537872 -0.00105175 0.999979 -0.00635704 -0.0121002 -0.00398656 0.0063528 0.999972 0.794937 
0.99999 0.00208557 0.00396099 -0.00174332 -0.00206745 0.999987 -0.00457355 -0.0108159 -0.00397049 0.00456531 0.999982 0.806458 
0.999994 0.00146774 0.00320254 -1.14441e-05 -0.00146824 0.999999 0.00015289 -0.00955844 -0.00320231 -0.000157591 0.999995 0.817963 
0.999994 -0.00129478 0.00323416 0.0035677 0.00128633 0.999996 0.00261348 -0.0117402 -0.00323754 -0.0026093 0.999991 0.828613 
0.999991 -0.00296995 0.00290272 0.00582409 0.00296071 0.999991 0.00318933 -0.0135169 -0.00291216 -0.00318071 0.999991 0.83548 
0.999994 -0.00243668 0.00268607 0.00438595 0.00243181 0.999996 0.0018148 -0.013252 -0.00269049 -0.00180826 0.999995 0.837158 
0.999995 -0.000204174 0.00317627 0.000859261 0.000202373 1 0.000567372 -0.0168381 -0.00317637 -0.000566726 0.999995 0.839417 
0.999994 0.0021797 0.00255909 -0.00171757 -0.00217459 0.999996 -0.00199818 -0.0192513 -0.00256344 0.0019926 0.999995 0.834747 
0.999997 0.000381775 0.00236734 0.00124741 -0.00037628 0.999997 -0.00232257 -0.016438 -0.00236822 0.00232167 0.999994 0.837616 
0.999997 0.000310979 0.00259748 0.00197792 -0.000309937 1 -0.000402088 -0.0144527 -0.00259761 0.000401282 0.999997 0.839661 
0.999995 0.000979816 0.00290637 0.000204086 -0.000985441 0.999998 0.0019343 -0.0167434 -0.00290448 -0.00193716 0.999994 0.843292 
0.999993 0.00160439 0.00328853 -0.00159073 -0.0016108 0.999997 0.00195187 -0.0189264 -0.0032854 -0.00195715 0.999993 0.842712 
0.999996 0.000549128 0.00276462 -7.53403e-05 -0.000549299 1 5.79294e-05 -0.0188584 -0.00276458 -5.94468e-05 0.999996 0.840454 
0.999997 -0.000166356 0.00266359 0.00244522 0.000168346 1 -0.000746082 -0.0176287 -0.00266348 0.000746527 0.999996 0.844147 
0.999995 -0.00162028 0.00260147 0.00597477 0.00162117 0.999999 -0.000340261 -0.0167384 -0.00260092 0.000344477 0.999997 0.844452 
0.999994 -0.00298205 0.00181268 0.00481796 0.00298101 0.999995 0.000577085 -0.0148706 -0.0018144 -0.000571678 0.999998 0.847473 
0.999999 -0.00146298 0.000912484 0.00424957 0.00146287 0.999999 0.000125709 -0.0156426 -0.00091267 -0.000124374 1 0.849182 
0.999999 -0.000753781 0.000579014 0.000528336 0.000753784 1 -6.34743e-06 -0.0174837 -0.000579007 6.78375e-06 1 0.848633 
1 -0.000115328 0.000511549 0.000427246 0.000115285 1 8.20723e-05 -0.0177884 -0.000511564 -8.20127e-05 1 0.85376 
1 2.85116e-07 -2.51718e-05 -0.000398636 -2.74042e-07 1 0.0004337 -0.0169525 2.51606e-05 -0.000433701 1 0.853973 
1 0.000585246 -0.000544 -0.00240707 -0.000584919 1 0.000599995 -0.0194225 0.000544358 -0.000599677 1 0.856354 
0.999999 -0.000408774 -0.00111886 -0.00200081 0.000407957 1 -0.000731458 -0.0197282 0.00111916 0.000731001 0.999999 0.855408 
0.999999 7.8154e-05 -0.00158974 -0.00492668 -7.95204e-05 1 -0.000859894 -0.0168753 0.00158968 0.000860018 0.999998 0.853333 
0.999998 0.000734987 -0.00163189 -0.00553894 -0.000736551 0.999999 -0.000957396 -0.016541 0.00163118 0.000958598 0.999998 0.85672 
0.999998 0.00108753 -0.00143216 -0.00413036 -0.0010877 0.999999 -0.000114373 -0.0156107 0.00143204 0.000115929 0.999999 0.853485 
0.999998 0.0011176 -0.00159733 -0.00498962 -0.00111781 0.999999 -0.000130686 -0.016922 0.00159718 0.000132472 0.999999 0.851868 
0.999997 0.000502652 -0.0022244 -0.00444031 -0.00050165 1 0.00045043 -0.0159483 0.00222464 -0.000449313 0.999997 0.85022 
0.999996 -0.000123133 -0.00275983 -0.00461769 0.000127143 0.999999 0.00145283 -0.0163283 0.00275965 -0.00145318 0.999995 0.848724 
0.999991 -0.00129751 -0.00412503 -0.00433445 0.00130704 0.999997 0.00230863 -0.0169067 0.00412202 -0.00231399 0.999989 0.845795 
0.999988 -0.00112204 -0.004752 -0.00482845 0.00113158 0.999997 0.00200578 -0.0181584 0.00474974 -0.00201113 0.999987 0.839233 
0.999989 -0.00044214 -0.00476389 -0.00616932 0.000448761 0.999999 0.00138873 -0.0186925 0.00476327 -0.00139085 0.999988 0.833557 
0.999989 -0.000400308 -0.0047383 -0.00641918 0.000403101 1 0.000588269 -0.0182986 0.00473807 -0.000590172 0.999989 0.821198 
0.99999 -0.000469305 -0.00454044 -0.00496578 0.00047246 1 0.000693867 -0.0178881 0.00454011 -0.000696005 0.99999 0.813507 
0.999989 -0.00100458 -0.00468444 -0.00402784 0.00100561 1 0.00021679 -0.0184851 0.00468422 -0.000221498 0.999989 0.800537 
0.999991 -0.000402805 -0.00412867 -0.00590372 0.000401612 1 -0.000289751 -0.0180354 0.00412878 0.00028809 0.999991 0.784271 
0.999992 0.000427174 -0.00396994 -0.008605 -0.000427578 1 -0.000100869 -0.0154252 0.0039699 0.000102567 0.999992 0.767303 
0.999993 0.000334311 -0.00383316 -0.00930309 -0.000334037 1 7.21065e-05 -0.0156565 0.00383318 -7.08257e-05 0.999993 0.749817 
0.999993 -0.000247055 -0.00379309 -0.00672793 0.00024759 1 0.000140513 -0.0170269 0.00379305 -0.000141451 0.999993 0.730621 
0.999991 -0.00087131 -0.0042037 -0.00611722 0.000868152 0.999999 -0.000753351 -0.0178552 0.00420435 0.000749695 0.999991 0.708038 
0.999987 0.0011556 -0.00493062 -0.00998726 -0.00116255 0.999998 -0.00140829 -0.0175977 0.00492899 0.00141401 0.999987 0.689087 
0.999979 0.00163098 -0.0063129 -0.0129661 -0.00164286 0.999997 -0.00187807 -0.0164671 0.00630982 0.0018884 0.999978 0.667511 
0.999966 0.000881047 -0.00816927 -0.0135674 -0.000895833 0.999998 -0.00180634 -0.0143533 0.00816766 0.0018136 0.999965 0.650909 
0.999947 -9.15473e-05 -0.0102684 -0.0140319 8.08996e-05 0.999999 -0.00103734 -0.0149002 0.0102684 0.00103645 0.999947 0.638428 
0.99991 0.00044742 -0.0133794 -0.0183039 -0.000451671 1 -0.000314692 -0.015193 0.0133793 0.000320705 0.999911 0.629333 
0.999866 0.000921527 -0.0163361 -0.0229855 -0.000907994 0.999999 0.000835798 -0.0129366 0.0163369 -0.000820853 0.999866 0.61261 
0.999804 0.00263283 -0.0196339 -0.0298424 -0.00261888 0.999996 0.000735949 -0.0127144 0.0196358 -0.000684386 0.999807 0.605042 
0.999748 0.00171776 -0.0223843 -0.0294647 -0.00172084 0.999999 -0.000118317 -0.0121093 0.022384 0.00015681 0.999749 0.580658 
0.999679 0.00147803 -0.0253024 -0.0314846 -0.00148285 0.999999 -0.000171927 -0.0130763 0.0253022 0.000209392 0.99968 0.579315 
0.999614 0.00154762 -0.0277402 -0.0349388 -0.00154121 0.999999 0.0002524 -0.0119953 0.0277405 -0.00020955 0.999615 0.56781 
0.99953 0.00129924 -0.0306171 -0.0398636 -0.00127047 0.999999 0.000958916 -0.0105968 0.0306182 -0.000919569 0.999531 0.543549 
0.999419 -0.000300234 -0.0340775 -0.0394974 0.000352492 0.999999 0.00152742 -0.0103951 0.0340771 -0.00153854 0.999418 0.547363 
0.999325 -6.42525e-05 -0.0367406 -0.0407562 0.000120146 0.999999 0.00151904 -0.0151234 0.0367404 -0.00152243 0.999324 0.536255 
0.999256 0.000993228 -0.0385623 -0.0473328 -0.000906902 0.999997 0.002256 -0.0170164 0.0385645 -0.00221935 0.999254 0.504822 
0.99918 0.00118497 -0.04048 -0.046608 -0.00109865 0.999997 0.00215441 -0.0167274 0.0404826 -0.00210817 0.999178 0.515137 
0.999116 0.000327196 -0.0420472 -0.0531082 -0.000254615 0.999999 0.00173177 -0.0159431 0.0420476 -0.00171953 0.999114 0.479858 
0.99905 -0.000425545 -0.0435809 -0.0467834 0.000489206 0.999999 0.00144994 -0.0136118 0.0435802 -0.00146988 0.999049 0.500519 
0.998952 -0.000449345 -0.0457713 -0.046608 0.000486282 1 0.000795619 -0.0143204 0.0457708 -0.000817047 0.998952 0.496704 
0.998853 -0.000726183 -0.0478763 -0.0606232 0.000763615 1 0.000763924 -0.0155029 0.0478758 -0.000799606 0.998853 0.458313 
0.998767 -0.00127443 -0.0496216 -0.0470276 0.00132388 0.999999 0.000963687 -0.0136652 0.0496202 -0.00102819 0.998768 0.486176 
0.998677 -0.000535673 -0.0514143 -0.0480957 0.000613661 0.999999 0.00150102 -0.0139799 0.0514133 -0.00153058 0.998676 0.481735 
0.998612 0.00166015 -0.0526468 -0.0744781 -0.00162277 0.999998 0.00075289 -0.0125647 0.0526481 -0.000666417 0.998613 0.442993 
0.99852 -0.000833131 -0.0543841 -0.052948 0.000839153 1 8.7833e-05 -0.0169029 0.054384 -0.000133336 0.99852 0.473602 
0.998398 -0.0024439 -0.0565241 -0.0809631 0.0025518 0.999995 0.00183691 -0.0132608 0.0565192 -0.0019782 0.998399 0.432312 
0.998213 -0.00462578 -0.0595741 -0.0491333 0.0048499 0.999982 0.00361808 -0.00824356 0.0595564 -0.00390054 0.998217 0.468628 
0.998067 -0.002505 -0.0620937 -0.0535889 0.00270032 0.999992 0.00306167 -0.00928402 0.0620854 -0.00322342 0.998066 0.459976 
0.998005 0.00212645 -0.0630955 -0.103317 -0.00193033 0.999993 0.00316913 -0.00497818 0.063102 -0.00304101 0.998002 0.415039 
0.99802 0.00694248 -0.0625127 -0.0684509 -0.00670965 0.99997 0.00393367 -0.0139446 0.0625382 -0.00350645 0.998036 0.443909 
0.998012 0.00541997 -0.0627904 -0.0640869 -0.00526238 0.999983 0.00267481 -0.011385 0.0628037 -0.00233907 0.998023 0.436813 
0.998007 0.0027057 -0.0630399 -0.108612 -0.00263169 0.999996 0.00125686 -0.00584316 0.0630431 -0.00108845 0.99801 0.398453 
0.998063 0.000911998 -0.0621965 -0.0550232 -0.000787915 0.999998 0.00201971 -0.00662994 0.0621981 -0.0019668 0.998062 0.420738 
0.998096 0.000225458 -0.0616746 -0.104706 -1.55717e-05 0.999994 0.00340354 -0.00509453 0.0616749 -0.00339609 0.99809 0.397346 
0.998116 0.00109369 -0.0613477 -0.0541992 -0.000853129 0.999992 0.00394727 -0.00999641 0.0613515 -0.0038875 0.998109 0.415512 
0.99801 0.000194697 -0.0630662 -0.0549316 2.14223e-05 0.999994 0.00342627 -0.00932217 0.0630665 -0.00342081 0.998004 0.41909 
0.997926 0.00291695 -0.0642964 -0.11499 -0.00268086 0.999989 0.00375784 -0.00694275 0.0643066 -0.00357768 0.997924 0.412754 
0.997891 0.00142957 -0.0649043 -0.0574646 -0.00108822 0.999985 0.00529447 -0.00986958 0.064911 -0.00521267 0.997877 0.436401 
0.997826 0.00203343 -0.0658715 -0.0582275 -0.00159126 0.999976 0.00676438 -0.00833035 0.0658837 -0.00664487 0.997805 0.443693 
0.997738 0.00189023 -0.0671998 -0.118988 -0.0014293 0.999975 0.00690649 -0.00401497 0.0672112 -0.00679483 0.997716 0.454178 
0.997743 0.00241627 -0.0671038 -0.0582581 -0.0019706 0.999976 0.00670699 -0.011713 0.0671184 -0.00655961 0.997723 0.464962 
0.997765 0.000933081 -0.0668211 -0.118835 -0.000512823 0.99998 0.00630611 -0.00721931 0.0668257 -0.00625773 0.997745 0.481915 
0.99779 0.00070145 -0.0664429 -0.0556946 -0.000378244 0.999988 0.00487683 -0.0123625 0.0664455 -0.00484092 0.997778 0.485935 
0.997873 0.00112072 -0.0651773 -0.0561218 -0.000925537 0.999995 0.00302468 -0.0122852 0.0651803 -0.00295791 0.997869 0.495872 
0.997938 0.00111965 -0.0641844 -0.111572 -0.0010309 0.999999 0.00141608 -0.0108576 0.0641859 -0.001347 0.997937 0.525833 
0.998078 0.00185172 -0.0619459 -0.0566406 -0.0017925 0.999998 0.00101155 -0.00744295 0.0619477 -0.000898563 0.998079 0.524353 
0.998212 0.00189483 -0.0597398 -0.0993042 -0.00182312 0.999998 0.00125489 -0.0046854 0.0597421 -0.00114374 0.998213 0.563385 
0.998457 0.00203081 -0.0554962 -0.0548401 -0.00194976 0.999997 0.00151485 -0.00456667 0.0554991 -0.00140432 0.998458 0.56369 
0.99871 0.00225533 -0.0507312 -0.0540314 -0.00212303 0.999994 0.0026617 -0.00899601 0.0507369 -0.00255057 0.998709 0.589569 
0.998833 -0.000783886 -0.0482881 -0.0729828 0.000955742 0.999993 0.00353601 -0.00630569 0.0482851 -0.00357801 0.998827 0.629684 
0.998744 -0.00475613 -0.0498844 -0.0417023 0.00499097 0.999977 0.00458409 -0.00918531 0.0498614 -0.00482732 0.998745 0.63443 
0.998711 -0.00294189 -0.0506747 -0.0698547 0.00320288 0.999982 0.0050701 -0.00556993 0.0506589 -0.00522587 0.998702 0.680786 
0.9988 9.42061e-05 -0.0489861 -0.0504761 5.69383e-05 0.999995 0.00308278 -0.00928712 0.0489862 -0.00308181 0.998795 0.680099 
0.998871 0.00344331 -0.0473732 -0.0726318 -0.0034911 0.999994 -0.000924463 -0.0110712 0.0473698 0.00108872 0.998877 0.7229 
0.998957 0.00153516 -0.0456333 -0.0520477 -0.00165394 0.999995 -0.0025658 -0.00783849 0.045629 0.00263863 0.998955 0.724426 
0.999026 0.00377258 -0.0439555 -0.0509338 -0.00391061 0.999988 -0.00305469 -0.00294447 0.0439436 0.00322359 0.999029 0.749603 
0.999085 0.00157141 -0.0427297 -0.0611115 -0.001681 0.999995 -0.00253003 -0.00395465 0.0427256 0.00259957 0.999083 0.793793 
0.999131 0.00299861 -0.041581 -0.0487976 -0.00294055 0.999995 0.00145772 -0.00478292 0.0415852 -0.00133418 0.999134 0.801697 
