1 -1.19762e-11 -1.70464e-10 3.65209e-26 -1.19762e-11 1 -3.5625e-10 1.11022e-16 -1.70464e-10 -3.5625e-10 1 -2.22045e-16 
0.999999 -0.000719772 0.000686994 0.0131735 0.000719683 1 0.000130058 0.0280573 -0.000687088 -0.000129564 1 -1.19901 
1 -0.000711374 0.000678994 0.0121974 0.000711286 1 0.000129027 0.0275901 -0.000679085 -0.000128544 1 -1.18521 
1 -0.000715027 0.000682494 0.011429 0.000714939 1 0.000130193 0.0275894 -0.000682588 -0.000129705 1 -1.19148 
1 -0.000715051 0.00068253 0.0105981 0.000714962 1 0.000130697 0.0274465 -0.000682623 -0.000130209 1 -1.19171 
1 -0.000716943 0.000684348 0.00979033 0.000716853 1 0.000131547 0.0273734 -0.000684442 -0.000131057 1 -1.19505 
1 -0.000714132 0.00068168 0.00892255 0.000714043 1 0.000131529 0.0271201 -0.000681774 -0.000131042 1 -1.19055 
1 -0.000715315 0.000682818 0.00810495 0.000715225 1 0.000132248 0.0270175 -0.000682913 -0.000131759 1 -1.19271 
1 -0.000714446 0.000682002 0.00726459 0.000714355 1 0.000132586 0.0268361 -0.000682097 -0.000132099 1 -1.19145 
0.999999 -0.000714455 0.000682023 0.00643407 0.000714366 1 0.000133089 0.0266868 -0.000682117 -0.000132601 1 -1.19165 
1 -0.000714325 0.000681908 0.00560233 0.000714233 1 0.000133563 0.0265308 -0.000682004 -0.000133076 1 -1.19161 
1 -0.000714559 0.000682143 0.00477306 0.000714468 1 0.000134107 0.0263874 -0.000682239 -0.000133621 1 -1.19219 
1 -0.000577557 0.00064831 0.00389241 0.000577487 1 0.000109683 0.0261092 -0.000648373 -0.000109308 1 -1.19168 
0.999998 -0.00178207 0.000943765 0.00352727 0.00178176 0.999998 0.000329165 0.0269708 -0.00094435 -0.000327482 1 -1.19324 
1 0.000272702 0.000449431 0.00162535 -0.000272685 1 -5.30925e-05 0.024915 -0.000449445 5.29707e-05 1 -1.19111 
1 0.00057212 0.0005953 0.000752801 -0.000571926 1 -0.000323419 0.0249802 -0.000595488 0.000323078 1 -1.19357 
1 0.000341113 0.000490419 0.00094968 -0.000340919 1 -0.000397544 0.0246822 -0.000490545 0.000397377 1 -1.1957 
1 -0.000243617 0.000686456 0.00147481 0.000242982 1 0.000926696 0.0240939 -0.000686689 -0.000926528 0.999999 -1.19371 
1 0.000250705 0.000485148 0.00152654 -0.00025121 1 0.00104449 0.022684 -0.000484891 -0.00104462 0.999999 -1.19467 
0.999999 -0.000598732 0.000817401 0.00228084 0.000599219 1 -0.000593548 0.0241066 -0.000817038 0.000594038 0.999999 -1.19434 
1 -0.000234635 0.000723247 0.0018208 0.000234725 1 -0.000126239 0.0252857 -0.000723229 0.000126408 1 -1.19433 
0.999999 -1.38191e-05 0.000906561 0.0010329 1.31166e-05 1 0.000774146 0.0248813 -0.000906571 -0.000774134 0.999999 -1.1941 
1 -0.000257601 0.000833754 0.00193529 0.000257882 1 -0.000330637 0.0225378 -0.00083367 0.000330852 1 -1.19649 
0.999999 0.000894253 0.00072292 0.000712946 -0.000892695 0.999997 -0.0021621 0.0253263 -0.000724841 0.00216145 0.999997 -1.19876 
0.999999 0.000647156 0.000898924 0.000376366 -0.000646977 1 -0.00019906 0.0232333 -0.00089906 0.000198479 1 -1.19562 
1 0.000602202 0.000803273 0.000351787 -0.000603312 0.999999 0.00138295 0.0238352 -0.000802442 -0.00138343 0.999999 -1.19142 
0.999999 0.000508799 0.000985064 -0.00032191 -0.000509593 1 0.000806941 0.0232881 -0.000984645 -0.000807442 0.999999 -1.19991 
1 -0.000411468 0.000749132 0.00105761 0.000411461 1 8.01403e-06 0.0239187 -0.000749139 -7.70576e-06 1 -1.2043 
1 0.000479607 0.000661459 7.69049e-05 -0.000479244 1 -0.000550349 0.0252888 -0.000661718 0.000550032 1 -1.1886 
1 0.000249834 0.000647346 0.000287369 -0.000249667 1 -0.000256689 0.0263258 -0.000647416 0.000256527 1 -1.19487 
1 0.000758471 0.00049305 -0.000262365 -0.000758437 1 -7.26584e-05 0.0247437 -0.000493106 7.22833e-05 1 -1.19807 
1 -6.6764e-05 0.000594607 0.000806093 6.67627e-05 1 5.05627e-06 0.0255837 -0.000594605 -5.01645e-06 1 -1.19707 
1 0.000884743 0.000203662 -0.000286579 -0.000884643 0.999999 -0.000496801 0.026346 -0.000204094 0.000496621 1 -1.19793 
1 -0.000108184 -8.54097e-05 0.00148243 0.000108083 0.999999 -0.00120559 0.0267589 8.55383e-05 0.00120558 0.999999 -1.19891 
1 -0.000450433 -0.000145312 0.00166711 0.000450295 1 -0.000943878 0.0279926 0.000145739 0.000943812 1 -1.19724 
1 -0.000802523 -5.52014e-05 0.00248161 0.000802546 1 0.000415435 0.0270251 5.48624e-05 -0.000415479 1 -1.19659 
1 -0.000830454 -0.000105325 0.00315335 0.000830463 1 9.42864e-05 0.0251513 0.000105256 -9.43737e-05 1 -1.19754 
0.999995 -0.00294495 -0.0004567 0.0069031 0.00294426 0.999994 -0.0015078 0.0252848 0.000461128 0.00150645 0.999999 -1.20008 
0.999999 -0.000214739 -0.00157558 0.00431237 0.000209798 0.999995 -0.00313554 0.026173 0.00157625 0.00313521 0.999994 -1.2002 
0.999998 -0.000515192 -0.00172959 0.00442042 0.000510423 0.999996 -0.00275033 0.026583 0.001731 0.00274945 0.999995 -1.20058 
0.999999 -0.000230125 -0.00174559 0.0033251 0.000224347 0.999995 -0.00331215 0.0272609 0.00174634 0.00331175 0.999993 -1.20535 
0.999999 0.000343483 -0.00128375 0.00278012 -0.000346204 0.999998 -0.0021196 0.0288817 0.00128302 0.00212004 0.999997 -1.20294 
0.999998 0.00166183 -0.00147447 0.00109516 -0.0016593 0.999997 0.00171571 0.0236034 0.00147733 -0.00171326 0.999997 -1.19886 
0.999999 -0.000503023 -0.00108204 0.00364341 0.000505508 0.999997 0.00230349 0.0225825 0.00108087 -0.00230403 0.999997 -1.20107 
0.999999 -0.00115103 -0.000816576 0.00546342 0.00115118 0.999999 0.000173707 0.0238957 0.000816382 -0.000174645 1 -1.20124 
1 0.000968886 -4.51766e-05 0.00222272 -0.000968864 0.999999 0.000465286 0.0247101 4.56264e-05 -0.000465243 1 -1.20535 
1 0.000660082 0.000733657 0.00294258 -0.00066061 1 0.000720408 0.0247433 -0.000733185 -0.000720893 1 -1.20392 
0.999999 -0.000167922 0.00153505 0.00256737 0.00016783 1 6.17225e-05 0.0247142 -0.00153505 -6.14664e-05 0.999999 -1.20506 
0.999999 -2.53929e-06 0.00154061 0.00303472 4.86207e-06 0.999999 -0.00150952 0.0288455 -0.00154061 0.00150953 0.999998 -1.20747 
0.999999 9.01092e-06 0.000968378 0.00354674 -8.64145e-06 1 -0.000375166 0.0267227 -0.000968384 0.000375157 0.999999 -1.20486 
0.999999 -0.000963211 0.000833429 0.00473856 0.000962979 1 0.000263712 0.0260983 -0.000833688 -0.000262908 1 -1.20601 
1 -0.000394979 0.000711204 0.00396324 0.0003949 1 0.000125318 0.0266262 -0.000711257 -0.000125037 1 -1.20358 
1 0.000634672 0.000168754 0.00290472 -0.000634771 1 0.000553781 0.0263456 -0.000168398 -0.000553889 1 -1.20359 
0.999999 0.00127489 0.000208866 0.00103945 -0.0012751 0.999999 0.000983798 0.0255721 -0.000207607 -0.000984063 1 -1.2019 
1 0.000437483 0.000358881 0.0025415 -0.00043715 0.999999 -0.000930127 0.0247467 -0.000359295 0.000929969 1 -1.20016 
1 4.56784e-05 0.000247642 0.00229359 -4.51359e-05 0.999998 -0.00218603 0.0285829 -0.000247732 0.00218602 0.999998 -1.20286 
1 -0.00046808 0.000286276 0.00367984 0.000467665 0.999999 0.00144662 0.0254178 -0.000286954 -0.00144649 0.999999 -1.1973 
0.999999 -0.00154157 5.46928e-05 0.00545521 0.00154147 0.999997 0.00168412 0.0221974 -5.72912e-05 -0.00168404 0.999999 -1.19364 
0.999998 -0.00215983 7.93729e-05 0.0063713 0.00215985 0.999998 -0.000164594 0.0251105 -7.90171e-05 0.000164764 1 -1.19437 
0.999998 -0.00180404 -6.3112e-05 0.00560397 0.00180403 0.999998 -0.000259243 0.0251584 6.35758e-05 0.000259129 1 -1.19105 
0.999999 -0.00164435 -0.000206677 0.00536034 0.00164424 0.999999 -0.000480303 0.0252402 0.000207471 0.000479963 1 -1.18998 
0.999999 -0.000391833 -0.000958359 0.00396207 0.000390933 0.999999 -0.000940307 0.027792 0.000958733 0.000939932 0.999999 -1.18624 
0.999997 -0.00165702 -0.00206061 0.00531514 0.00165575 0.999999 -0.000615058 0.0279391 0.00206162 0.00061164 0.999998 -1.18531 
0.999996 0.000578851 -0.00265301 0.00166258 -0.000576898 1 0.000736435 0.0297999 0.00265343 -0.000734899 0.999996 -1.17794 
0.999991 0.00344735 -0.00236925 -0.00292215 -0.00343423 0.999979 0.00551549 0.0219109 0.00238821 -0.0055073 0.999982 -1.17521 
0.999997 -0.000568577 -0.00246522 0.0008232 0.000572701 0.999998 0.00167415 0.0221354 0.00246426 -0.00167555 0.999995 -1.17552 
0.999996 0.000711446 -0.002872 0.00041765 -0.000722664 0.999992 -0.00390627 0.0288304 0.0028692 0.00390833 0.999988 -1.17816 
0.999995 -8.67882e-05 -0.00329529 0.000298142 8.02724e-05 0.999998 -0.00197675 0.0290902 0.00329546 0.00197648 0.999993 -1.17364 
0.999992 -0.000427178 -0.00401879 0.00337994 0.000435981 0.999998 0.00218937 0.0240071 0.00401784 -0.00219111 0.99999 -1.16599 
0.999993 0.000904992 -0.00348771 -0.00056839 -0.000896191 0.999996 0.00252489 0.0239199 0.00348998 -0.00252175 0.999991 -1.16454 
0.999993 0.00143881 -0.00340918 -0.00181127 -0.00142573 0.999991 0.00383535 0.023338 0.00341467 -0.00383047 0.999987 -1.15895 
0.999994 0.000868322 -0.00329444 -0.000787497 -0.000864861 0.999999 0.00105485 0.0230267 0.00329536 -0.001052 0.999994 -1.15958 
0.999994 0.000166743 -0.00361473 0.00173187 -0.000173763 0.999998 -0.0019409 0.0252128 0.00361439 0.00194152 0.999992 -1.15962 
0.999992 -0.00111337 -0.00382705 0.00244904 0.00110978 0.999999 -0.000944229 0.0256292 0.0038281 0.000939974 0.999992 -1.15433 
0.999993 0.000379873 -0.00369361 0.000557899 -0.000371489 0.999997 0.00227197 0.024043 0.00369447 -0.00227058 0.999991 -1.15301 
0.999994 0.000387005 -0.00330782 -0.000169754 -0.000378616 0.999997 0.00253894 0.0209633 0.00330879 -0.00253768 0.999991 -1.15002 
0.999995 -7.71477e-05 -0.00326395 0.00011611 7.83269e-05 1 0.000361663 0.0220129 0.00326393 -0.000361916 0.999995 -1.15068 
0.999995 0.00130785 -0.00286293 -0.00115204 -0.00131145 0.999998 -0.00125903 0.023658 0.00286127 0.00126278 0.999995 -1.15384 
0.999996 0.00070842 -0.00278509 -0.00160694 -0.000712182 0.999999 -0.00134923 0.0235864 0.00278413 0.00135121 0.999995 -1.15556 
0.999996 0.000749179 -0.00273842 -0.00172663 -0.000754335 0.999998 -0.0018826 0.0246292 0.002737 0.00188466 0.999994 -1.15675 
0.999996 0.00108296 -0.00244182 -0.00304604 -0.00108586 0.999999 -0.00118356 0.0258229 0.00244053 0.00118621 0.999996 -1.15653 
0.999997 0.00138737 -0.00228492 -0.00273991 -0.00138248 0.999997 0.00213664 0.023393 0.00228788 -0.00213348 0.999995 -1.15395 
0.999996 0.00162664 -0.00221337 -0.00419331 -0.00161877 0.999992 0.00355208 0.02011 0.00221912 -0.00354849 0.999991 -1.15926 
0.999998 -0.0002021 -0.00207402 -0.00185347 0.000208614 0.999995 0.00314105 0.0181744 0.00207337 -0.00314147 0.999993 -1.16059 
0.999999 -9.64225e-05 -0.00163003 -0.0019846 9.80852e-05 1 0.0010204 0.0195874 0.00162993 -0.00102056 0.999998 -1.16916 
1 -9.01738e-05 -0.000603154 -0.000674248 8.98006e-05 1 -0.000618903 0.021345 0.000603206 0.000618846 1 -1.1761 
1 -0.000295076 0.000759136 -0.000408649 0.000296598 0.999998 -0.00200457 0.0234303 -0.000758547 0.00200479 0.999998 -1.18219 
0.999999 0.00060724 0.00137438 -0.00183964 -0.000605006 0.999998 -0.00162569 0.02483 -0.00137537 0.00162486 0.999998 -1.18563 
0.999998 -0.000309621 0.00200454 -0.00323486 0.000310898 1 -0.00063623 0.025281 -0.00200434 0.000636852 0.999998 -1.19267 
0.999997 -0.00017237 0.00246342 -0.00156069 0.000173808 1 -0.000583346 0.0244424 -0.00246333 0.000583773 0.999997 -1.19914 
0.999995 -0.000480793 0.00310641 -0.00184488 0.0004807 1 3.04668e-05 0.0248014 -0.00310641 -2.89739e-05 0.999995 -1.20041 
0.999992 -0.00144713 0.00375922 0.000268459 0.00144587 0.999999 0.000336398 0.0243499 -0.00375971 -0.00033096 0.999993 -1.20556 
0.999992 -0.000146074 0.00391188 -0.00170922 0.000146781 1 -0.000180526 0.0247583 -0.00391186 0.000181099 0.999992 -1.20746 
0.999992 -0.000677891 0.00405197 -0.0022161 0.000682327 0.999999 -0.00109347 0.0272363 -0.00405123 0.00109623 0.999991 -1.21359 
0.999991 -0.000205896 0.00432912 -0.00191879 0.000209378 1 -0.000803749 0.027216 -0.00432895 0.000804647 0.99999 -1.21612 
0.99999 -0.000169178 0.00445506 -0.00262856 0.000172431 1 -0.00073027 0.0270705 -0.00445493 0.000731032 0.99999 -1.21668 
0.999988 -0.00038601 0.00479156 -0.00146163 0.000386846 1 -0.000173482 0.0263517 -0.0047915 0.000175333 0.999988 -1.21896 
0.999988 -0.00083085 0.00493935 -0.000834227 0.000830808 1 1.11813e-05 0.0273201 -0.00493935 -7.07745e-06 0.999988 -1.22037 
0.999988 -0.000514071 0.00495675 -0.00215262 0.00051256 1 0.000307088 0.0283616 -0.00495691 -0.000304543 0.999988 -1.22323 
0.999989 -0.000885874 0.0046462 -0.00190151 0.000883034 0.999999 0.000611645 0.0293968 -0.00464674 -0.000607535 0.999989 -1.22563 
0.999992 -0.00183694 0.00368776 -0.000259116 0.00183577 0.999998 0.00032205 0.0287595 -0.00368835 -0.000315277 0.999993 -1.22835 
0.999995 -0.00234423 0.00212075 0.0014824 0.00234462 0.999997 -0.000185631 0.0287733 -0.00212031 0.000190601 0.999998 -1.23156 
0.999999 -0.000953028 0.00096539 0.000928402 0.000952748 1 0.000288171 0.0275617 -0.000965665 -0.000287251 1 -1.22997 
0.999997 -0.00212826 0.00108692 0.00314194 0.00212871 0.999998 -0.00040946 0.0260592 -0.00108604 0.000411773 0.999999 -1.2412 
0.999999 -0.00140407 0.0010151 0.0023033 0.00140526 0.999998 -0.00116335 0.0271707 -0.00101347 0.00116478 0.999999 -1.24058 
1 -3.85837e-05 0.000754818 0.000899017 3.85596e-05 1 3.86351e-05 0.0276675 -0.000754817 -3.8606e-05 1 -1.24126 
0.999994 -0.00325676 0.000878963 0.00613129 0.00325825 0.999993 -0.00169348 0.0252087 -0.000873444 0.00169633 0.999998 -1.24619 
0.999999 -0.00160154 0.000646478 0.00472856 0.00160342 0.999994 -0.00292094 0.0278406 -0.000641794 0.00292198 0.999996 -1.25002 
0.999999 0.00103112 0.000788179 0.00173235 -0.00103073 0.999999 -0.00049719 0.0247374 -0.000788703 0.000496378 1 -1.24971 
1 0.000272109 0.00049799 0.0012486 -0.000273067 0.999998 0.00191602 0.0211709 -0.000497459 -0.00191616 0.999998 -1.25024 
0.999996 0.00272745 0.000746381 -0.00285745 -0.00272692 0.999996 -0.000688806 0.0231979 -0.00074826 0.000686768 0.999999 -1.25549 
0.999997 0.00237373 0.00105853 -0.0052011 -0.00237171 0.999995 -0.00192134 0.0262043 -0.00106309 0.00191883 0.999998 -1.25783 
0.999996 0.00281191 0.000337486 -0.00291181 -0.00281129 0.999994 -0.00184819 0.0265319 -0.000342673 0.00184723 0.999998 -1.26233 
0.999998 0.00178421 0.000344917 -0.00250161 -0.00178357 0.999997 -0.00183248 0.0271056 -0.000348186 0.00183186 0.999998 -1.26329 
0.999991 0.00435287 -7.58339e-05 -0.00484204 -0.00435271 0.999989 0.00198713 0.0237129 8.44784e-05 -0.00198678 0.999998 -1.26324 
0.999997 0.0026388 3.26205e-05 -0.00569379 -0.00263885 0.999995 0.00171231 0.023598 -2.80933e-05 -0.00171239 0.999999 -1.26685 
0.999999 0.00158656 -0.000177623 -0.0036118 -0.00158656 0.999999 3.75672e-05 0.0248568 0.000177675 -3.72864e-05 1 -1.26724 
1 5.23164e-05 -0.000268837 0.000387907 -5.24289e-05 1 -0.00041728 0.0263309 0.000268809 0.000417293 1 -1.2738 
1 -0.000348715 -0.000692741 0.00162482 0.000347481 0.999998 -0.00178013 0.0273283 0.000693365 0.00177989 0.999998 -1.27538 
0.999996 -0.00259841 -0.000693884 0.00503159 0.00259719 0.999995 -0.00176021 0.0287704 0.00069846 0.00175841 0.999998 -1.27415 
1 -7.84752e-05 -0.000581891 0.00257587 7.89425e-05 1 0.000799113 0.0271063 0.000581826 -0.00079916 0.999999 -1.27274 
1 -0.00032476 -0.000430638 0.00260365 0.00032588 0.999997 0.00260739 0.0242026 0.00042979 -0.00260753 0.999997 -1.27109 
1 -0.0001746 -0.000436164 0.00329089 0.000175504 0.999998 0.00206828 0.0252213 0.000435796 -0.00206836 0.999998 -1.26991 
0.999999 0.00124636 -0.000268149 0.000886798 -0.00124525 0.999991 0.00412509 0.0245137 0.000273293 -0.00412475 0.999991 -1.2672 
1 -0.000116189 -0.00052698 0.00303864 0.000118026 0.999994 0.00348827 0.0217578 0.000526576 -0.00348833 0.999994 -1.26608 
1 0.000235804 -0.000176986 0.00244612 -0.000235605 0.999999 0.00112316 0.0251582 0.000177252 -0.00112311 0.999999 -1.26561 
1 0.000176994 9.3637e-05 0.00112623 -0.000176958 1 -0.000385391 0.0288327 -9.36985e-05 0.000385376 1 -1.26399 
1 -0.000642907 -3.17032e-05 0.00389498 0.000642896 1 -0.000349751 0.0265408 3.1922e-05 0.00034973 1 -1.26881 
1 -0.000801826 0.000253713 0.00326467 0.000802134 0.999999 -0.00121882 0.0273364 -0.000252734 0.00121902 0.999999 -1.26367 
1 -0.000464802 0.000257422 0.00496411 0.000464949 1 -0.000567821 0.0255799 -0.000257161 0.000567941 1 -1.26518 
1 -0.000270971 0.000539464 0.00275075 0.000270834 1 0.000252981 0.0248106 -0.000539527 -0.000252835 1 -1.26376 
1 -0.00031864 0.000640471 0.00311804 0.000318753 1 -0.000173492 0.0246031 -0.000640424 0.000173696 1 -1.26111 
1 0.000569333 0.000692951 0.0013082 -0.000568574 0.999999 -0.00109781 0.0267863 -0.000693568 0.00109742 0.999999 -1.26453 
0.999999 -0.000866438 0.000663106 0.00285339 0.000866642 1 -0.000309844 0.0275605 -0.000662841 0.000310418 1 -1.26167 
1 -0.000298249 0.000602697 0.0021733 0.000297693 1 0.000938534 0.0263221 -0.00060297 -0.000938354 0.999999 -1.2606 
1 -0.000460574 0.000811843 0.0027194 0.000459675 0.999999 0.00110036 0.0240953 -0.000812352 -0.00109998 0.999999 -1.26234 
1 -0.000838395 0.000615159 0.00365579 0.000838401 1 -1.37575e-05 0.0259371 -0.00061515 1.42734e-05 1 -1.26439 
1 0.00030727 0.000652324 0.00178444 -0.000307709 1 0.000685231 0.0268023 -0.000652121 -0.000685432 1 -1.2619 
1 -0.000275839 0.000798969 0.00198245 0.000274869 0.999999 0.00120484 0.0251563 -0.000799291 -0.00120462 0.999999 -1.26274 
1 -0.000172738 0.0006197 0.0015502 0.000172835 1 -0.000157187 0.025255 -0.000619683 0.000157294 1 -1.26256 
1 -0.000323014 0.000735244 0.00209546 0.000324059 0.999999 -0.0014207 0.0279253 -0.000734787 0.00142094 0.999999 -1.26524 
1 -6.45914e-05 0.000746332 0.00176191 6.49297e-05 1 -0.000463697 0.0279276 -0.000746302 0.000463745 1 -1.26364 
1 -0.000357339 0.000644261 0.00196457 0.000357535 1 -0.000299189 0.0269136 -0.000644142 0.00029942 1 -1.26636 
1 -0.000430341 0.000724977 0.00212765 0.000430598 1 -0.000356351 0.0267353 -0.000724832 0.000356662 1 -1.26396 
1 -0.000226072 0.00059377 0.0021286 0.000225609 1 0.000780873 0.0266371 -0.000593947 -0.000780738 1 -1.2644 
0.999999 -0.00104617 0.000433084 0.00181842 0.00104588 0.999999 0.000671108 0.0256391 -0.000433778 -0.000670655 1 -1.26112 
1 -0.000190352 0.000413816 0.000403881 0.000190568 1 -0.000511481 0.0276363 -0.00041372 0.00051156 1 -1.26778 
1 5.88595e-05 0.000327917 0.00025773 -5.91649e-05 1 0.00090349 0.0274174 -0.000327857 -0.00090351 1 -1.26312 
0.999999 0.00127352 5.67008e-05 -0.002141 -0.00127363 0.999997 0.00189091 0.0253255 -5.42924e-05 -0.00189098 0.999998 -1.26053 
0.999996 0.0029602 0.000279963 -0.00311971 -0.00296011 0.999995 -0.000330779 0.0254531 -0.00028095 0.000329948 1 -1.26192 
1 0.000132326 0.000324814 -0.00186944 -0.000131269 0.999995 -0.00323564 0.0280533 -0.000325238 0.0032356 0.999995 -1.26186 
1 0.000339279 0.000145698 -0.000708103 -0.000338524 0.999987 -0.00515463 0.0319157 -0.000147434 0.00515458 0.999987 -1.26471 
1 -0.000351618 0.000189675 0.000794172 0.000351465 1 0.000765246 0.0279222 -0.000189945 -0.00076518 1 -1.25699 
0.999998 -0.00172803 -0.000282599 0.00245905 0.00172889 0.999994 0.00307617 0.0247071 0.000277283 -0.00307665 0.999995 -1.25011 
1 -0.000337245 0.000274748 0.00127864 0.000336637 0.999998 0.00221631 0.0249996 -0.000275496 -0.00221622 0.999998 -1.24966 
1 0.000423174 0.000173574 -0.00103116 -0.000423157 1 -8.34079e-05 0.0272424 -0.000173615 8.33338e-05 1 -1.24692 
1 -5.41891e-06 -6.21788e-05 -0.00025773 5.32016e-06 0.999999 -0.0016461 0.0281937 6.22012e-05 0.0016461 0.999999 -1.24715 
1 -5.50108e-05 -0.000140393 -0.000402451 5.47263e-05 0.999998 -0.00199519 0.0306606 0.00014049 0.00199518 0.999998 -1.24548 
1 0.000615781 -0.000603421 -0.00151706 -0.000616364 0.999999 -0.000955022 0.0313439 0.00060284 0.000955394 0.999999 -1.23914 
0.999999 -4.41324e-05 -0.00133959 -0.00133348 4.47549e-05 1 0.000459419 0.031147 0.00133958 -0.000459479 0.999999 -1.23401 
0.999998 0.00135634 -0.00139056 -0.00289893 -0.00135399 0.999998 0.0016921 0.028626 0.00139285 -0.00169022 0.999998 -1.23109 
0.999999 2.51222e-05 -0.00126279 -0.00229263 -2.33401e-05 0.999999 0.00141813 0.0299084 0.00126282 -0.0014181 0.999998 -1.22684 
0.999999 0.000884086 -0.00136102 -0.0036298 -0.000882984 0.999999 0.000808057 0.0299773 0.00136175 -0.000806853 0.999999 -1.22081 
0.999999 -0.000121213 -0.00123642 -0.00200093 0.000120131 1 -0.000875333 0.0306485 0.00123652 0.000875184 0.999999 -1.21729 
0.999999 0.000340622 -0.00137429 -0.00219238 -0.0003434 0.999998 -0.00202201 0.0315409 0.0013736 0.00202248 0.999997 -1.21291 
0.999999 -0.000694325 -0.00115839 -0.000868797 0.00069383 1 -0.000428564 0.0315356 0.00115869 0.000427759 0.999999 -1.20778 
0.999999 0.000206808 -0.001089 -0.00151521 -0.000206611 1 0.000182414 0.0297432 0.00108904 -0.000182189 0.999999 -1.20155 
0.999999 -0.000380553 -0.000991128 -0.00156194 0.000380244 1 -0.000310489 0.0294089 0.000991249 0.000310113 0.999999 -1.19482 
0.999999 -0.000255654 -0.00111644 -0.00240749 0.000255173 1 -0.000429443 0.0313416 0.00111654 0.000429157 0.999999 -1.18777 
1 8.95975e-06 -0.00077083 -0.0018203 -8.7026e-06 1 0.000334749 0.0282035 0.000770838 -0.000334742 1 -1.17882 
1 -4.49084e-05 -0.000896965 -0.00116175 4.48124e-05 1 -0.000115986 0.0287189 0.00089697 0.000115946 1 -1.17041 
0.999999 0.00118269 -0.000561275 -0.00283632 -0.0011828 0.999999 -0.000167748 0.0289664 0.000561077 0.000168412 1 -1.15688 
1 0.000171111 -0.000214221 -0.00217787 -0.000171236 1 -0.000587319 0.029007 0.000214119 0.000587355 1 -1.14278 
1 0.000486617 0.000321695 -0.00225527 -0.000486172 0.999999 -0.00138019 0.0306606 -0.000322366 0.00138004 0.999999 -1.12952 
1 -0.000243072 0.000689401 0.000178695 0.000243046 1 3.71984e-05 0.0285335 -0.000689412 -3.7031e-05 1 -1.11188 
1 -0.000288831 0.000365267 0.00119531 0.000288473 0.999999 0.000985529 0.0276971 -0.000365552 -0.000985424 0.999999 -1.097 
1 -0.00031518 0.000430572 0.00192675 0.000314793 1 0.000894932 0.0264144 -0.000430853 -0.000894795 0.999999 -1.08423 
1 6.28963e-05 0.000557854 0.000958443 -6.30044e-05 1 0.000196545 0.0266128 -0.000557839 -0.00019658 1 -1.07045 
0.999999 0.000555025 0.00111672 0.000613451 -0.000554948 1 -6.66438e-05 0.0267668 -0.00111676 6.60238e-05 0.999999 -1.05934 
0.999999 0.000390992 0.00159237 -0.00030005 -0.00038981 1 -0.000743507 0.0270367 -0.00159266 0.000742885 0.999999 -1.04362 
0.999997 0.00107506 0.00197544 -0.00184393 -0.0010722 0.999998 -0.00144534 0.0273166 -0.00197699 0.00144322 0.999997 -1.0372 
0.999998 -0.000192223 0.00221855 5.88894e-05 0.000197 0.999998 -0.00215281 0.0279717 -0.00221813 0.00215324 0.999995 -1.02232 
0.999998 -0.000208368 0.00224204 0.000853062 0.000208626 1 -0.000115678 0.0276728 -0.00224201 0.000116146 0.999998 -1.00375 
0.999996 -0.000386854 0.00267965 0.00167179 0.000385137 1 0.000641392 0.0241113 -0.00267989 -0.000640356 0.999996 -0.983765 
0.999996 -7.73223e-05 0.00273349 0.000106096 7.74177e-05 1 -3.41074e-05 0.0244975 -0.0027335 3.43183e-05 0.999996 -0.966385 
0.999996 -0.000553161 0.00285801 0.000741959 0.000555033 1 -0.000655157 0.0265298 -0.00285765 0.000656742 0.999996 -0.941666 
0.999996 -0.0003581 0.00298692 0.000399113 0.000358025 1 2.63108e-05 0.0266047 -0.00298694 -2.52398e-05 0.999996 -0.920502 
0.999995 3.13297e-05 0.0030592 7.05719e-05 -3.34521e-05 1 0.000694233 0.0246534 -0.00305917 -0.000694333 0.999995 -0.89679 
0.999995 0.000189994 0.00322847 -0.000420094 -0.00019153 1 0.000475819 0.0239763 -0.00322838 -0.000476436 0.999995 -0.874466 
0.999994 -0.00120672 0.00310864 0.00161505 0.00120606 0.999999 0.000211437 0.0245161 -0.0031089 -0.000207686 0.999995 -0.853653 
0.999996 -0.000322415 0.00299336 0.00074625 0.000319791 0.999999 0.0008778 0.0243874 -0.00299364 -0.000876838 0.999995 -0.830338 
0.999995 -0.00193213 0.00236175 0.0026989 0.0019324 0.999998 -0.000109533 0.0219588 -0.00236154 0.000114096 0.999997 -0.813599 
0.999999 -0.000797224 0.000823077 0.000845909 0.000797371 1 -0.000182158 0.0215001 -0.000822917 0.000182814 1 -0.794327 
1 -1.03945e-05 -0.000206232 -0.000638008 1.01509e-05 0.999999 -0.00116583 0.0224576 0.00020624 0.00116583 0.999999 -0.777695 
1 -5.61312e-05 -0.00049673 -0.00143814 5.57189e-05 1 -0.00084086 0.0230765 0.000496771 0.000840833 1 -0.758209 
1 0.00017768 -0.000317231 -0.00150681 -0.000177508 1 0.000561347 0.0217781 0.000317324 -0.00056129 1 -0.741699 
1 -0.000554359 -0.000344362 -0.000361443 0.000555023 0.999998 0.00192258 0.0186124 0.000343304 -0.00192277 0.999998 -0.731171 
1 -0.000109838 -0.000853583 -0.00144386 0.000111695 0.999998 0.00217257 0.0175667 0.000853334 -0.00217266 0.999997 -0.728027 
0.999999 -7.98767e-05 -0.00114238 -0.000990391 8.1411e-05 0.999999 0.00134731 0.0168462 0.00114227 -0.0013474 0.999998 -0.723328 
0.999999 -0.000744264 -0.00148075 -0.000815868 0.000744936 1 0.000456669 0.0172935 0.00148042 -0.000457771 0.999999 -0.722305 
0.999998 0.000558571 -0.00170045 -0.0025754 -0.000558159 1 0.000238148 0.0169129 0.00170058 -0.000237199 0.999999 -0.718094 
0.999998 0.000184466 -0.00184951 -0.00257301 -0.000184499 1 -1.69222e-05 0.0169849 0.0018495 1.72635e-05 0.999998 -0.714325 
0.999998 -7.95862e-05 -0.00204621 -0.000636101 7.96845e-05 1 4.62254e-05 0.0164394 0.00204621 -4.63878e-05 0.999998 -0.711044 
0.999998 0.000245254 -0.00210775 -0.00166082 -0.000244712 1 0.000259776 0.0160322 0.00210781 -0.000259259 0.999998 -0.706757 
0.999996 -0.000105811 -0.00287657 -0.000854015 0.000105005 1 -0.000280127 0.014843 0.0028766 0.000279824 0.999996 -0.70343 
0.999994 0.000930581 -0.00321183 -0.0026474 -0.000932377 0.999999 -0.000557296 0.015059 0.0032113 0.000560287 0.999995 -0.699997 
0.999995 0.00105483 -0.00289077 -0.00346589 -0.00105626 0.999999 -0.000495416 0.0176778 0.00289026 0.000498467 0.999996 -0.69632 
0.999995 0.000283289 -0.00299966 -0.00301623 -0.000283971 1 -0.000227009 0.0182095 0.00299959 0.00022786 0.999996 -0.692398 
0.999996 0.000385374 -0.00296176 -0.00276947 -0.00038456 1 0.000277525 0.0180979 0.00296187 -0.000276384 0.999996 -0.687958 
0.999996 0.00021066 -0.00288085 -0.00282037 -0.00020939 1 0.000440064 0.015945 0.00288094 -0.000439458 0.999996 -0.687546 
0.999995 -0.000971939 -0.00295795 -0.00125325 0.000974617 0.999999 0.000903338 0.0156074 0.00295706 -0.000906216 0.999995 -0.68866 
0.999996 7.3431e-05 -0.00287044 -0.00109606 -7.15425e-05 1 0.000659783 0.0161028 0.0028705 -0.000659574 0.999996 -0.693451 
0.999996 -3.02392e-05 -0.00283986 -0.00128877 2.76227e-05 1 -0.000924232 0.0156512 0.00283988 0.000924149 0.999996 -0.696228 
0.999997 -0.000514152 -0.00256581 0.00151229 0.000512406 1 -0.000682771 0.0158768 0.00256616 0.000681454 0.999997 -0.702408 
0.999997 0.00026194 -0.00230523 0.000292301 -0.000261599 1 0.000150919 0.0157232 0.00230527 -0.000150315 0.999997 -0.70311 
0.999997 0.000160973 -0.00230165 0.000967503 -0.000158219 0.999999 0.00119683 0.01477 0.00230184 -0.00119646 0.999997 -0.704422 
0.999999 -0.00017945 -0.00174373 0.000727177 0.000183958 0.999997 0.00258152 0.0113931 0.00174326 -0.00258184 0.999995 -0.708145 
0.999999 0.000733707 -0.000964955 0.000628948 -0.00073222 0.999999 0.00154111 0.0100193 0.000966084 -0.0015404 0.999998 -0.714874 
1 7.64778e-05 -0.000191383 -4.3869e-05 -7.6331e-05 1 0.000830062 0.0122201 0.000191446 -0.000830045 1 -0.721909 
1 0.000759679 -0.000178025 0.000255823 -0.000759636 1 0.000222913 0.0139627 0.000178196 -0.000222779 1 -0.727921 
1 -0.000911592 -0.000175164 0.0019033 0.00091163 1 0.000176181 0.0141551 0.000175003 -0.00017634 1 -0.733719 
1 -0.000833706 -0.000307191 0.00259638 0.000833911 0.999999 0.00069198 0.0149925 0.000306614 -0.000692236 1 -0.742035 
1 0.000681213 -0.000228575 0.00122499 -0.00068075 0.999998 0.00199087 0.013257 0.000229931 -0.00199071 0.999998 -0.746048 
0.999993 0.00377155 -0.000395994 -0.00268936 -0.00377084 0.999991 0.00180303 0.0125904 0.000402789 -0.00180152 0.999998 -0.75293 
0.999995 0.00330299 -0.000341142 -0.00294924 -0.00330267 0.999994 0.000953142 0.00932121 0.000344288 -0.000952005 0.999999 -0.761017 
0.999999 -0.0016243 -0.000577023 0.00390816 0.00162251 0.999994 -0.00308078 0.0102007 0.000582023 0.00307984 0.999995 -0.774323 
0.99999 -0.00441055 -0.000612032 0.00909615 0.00440674 0.999972 -0.00608624 0.0164623 0.000638859 0.00608348 0.999981 -0.78392 
1 0.000226256 -0.000825568 0.00216722 -0.000230137 0.999989 -0.00471 0.0182633 0.000824494 0.00471019 0.999989 -0.787094 
0.999997 0.00148669 -0.00189456 -0.00246143 -0.00148308 0.999997 0.00190756 0.0153675 0.00189739 -0.00190475 0.999996 -0.794754 
0.999991 -0.00105175 -0.00398656 0.00369453 0.00107707 0.999979 0.0063528 0.00705028 0.00397979 -0.00635704 0.999972 -0.794998 
0.99999 -0.00206745 -0.00397048 0.00492334 0.00208557 0.999988 0.00456532 0.00713754 0.003961 -0.00457355 0.999982 -0.806458 
0.999994 -0.00146823 -0.00320232 0.00261784 0.00146774 0.999999 -0.000157591 0.00968695 0.00320254 0.000152891 0.999995 -0.817963 
0.999994 0.00128633 -0.00323753 -0.000868797 -0.00129478 0.999996 -0.0026093 0.0139062 0.00323416 0.00261347 0.999991 -0.828613 
0.999991 0.0029607 -0.00291216 -0.00335121 -0.00296997 0.999991 -0.00318071 0.0161917 0.00290271 0.00318933 0.999991 -0.835449 
0.999994 0.00243181 -0.00269048 -0.0021019 -0.00243668 0.999995 -0.00180826 0.0147762 0.00268608 0.0018148 0.999995 -0.837158 
0.999995 0.000202373 -0.00317639 0.00181007 -0.000204175 1 -0.000566727 0.017313 0.00317626 0.000567371 0.999995 -0.839417 
0.999994 -0.00217459 -0.00256344 0.00381565 0.0021797 0.999996 0.0019926 0.017591 0.0025591 -0.00199818 0.999995 -0.834778 
0.999997 -0.000376278 -0.00236822 0.000730515 0.000381777 0.999997 0.00232167 0.0144928 0.00236734 -0.00232257 0.999995 -0.837616 
0.999997 -0.000309936 -0.00259761 0.000199318 0.000310978 1 0.000401281 0.0141149 0.00259748 -0.000402087 0.999997 -0.839661 
0.999995 -0.000985439 -0.00290447 0.00222969 0.000979816 0.999998 -0.00193716 0.0183771 0.00290637 0.0019343 0.999994 -0.843292 
0.999993 -0.00161081 -0.00328539 0.00432968 0.00160438 0.999997 -0.00195715 0.0205789 0.00328854 0.00195187 0.999993 -0.842651 
0.999996 -0.00054929 -0.00276459 0.002388 0.000549136 1 -5.94477e-05 0.0189075 0.00276461 5.79287e-05 0.999996 -0.840454 
0.999997 0.000168345 -0.00266346 -0.000190735 -0.000166359 1 0.000746527 0.0169978 0.0026636 -0.000746081 0.999996 -0.844147 
0.999995 0.00162117 -0.00260091 -0.00374985 -0.00162028 0.999999 0.000344477 0.016458 0.00260146 -0.000340261 0.999997 -0.844452 
0.999994 0.00298101 -0.00181439 -0.00323677 -0.00298205 0.999995 -0.000571677 0.0153704 0.00181268 0.000577086 0.999998 -0.847473 
0.999999 0.00146287 -0.000912674 -0.00344849 -0.00146298 0.999999 -0.000124374 0.0157552 0.00091248 0.000125709 1 -0.849213 
1 0.000753784 -0.000579014 -2.28882e-05 -0.000753781 1 6.78375e-06 0.017478 0.000579007 -6.34743e-06 1 -0.848633 
1 0.000115286 -0.000511561 9.53674e-06 -0.000115327 1 -8.20137e-05 0.017858 0.000511549 8.20723e-05 1 -0.85376 
1 -2.73518e-07 2.51755e-05 0.000377655 2.85145e-07 1 -0.000433701 0.017323 -2.51643e-05 0.000433701 1 -0.853943 
1 -0.00058492 0.000544354 0.00193024 0.000585246 1 -0.000599677 0.0199385 -0.000544012 0.000599995 1 -0.856354 
0.999999 0.000407957 0.00111916 0.00105286 -0.000408775 1 0.000731001 0.0191021 -0.00111886 -0.000731458 0.999999 -0.855408 
0.999999 -7.95209e-05 0.00158968 0.00356865 7.8153e-05 1 0.000860019 0.0161405 -0.00158975 -0.000859893 0.999998 -0.853333 
0.999998 -0.00073655 0.00163118 0.0041275 0.000734989 0.999999 0.000958597 0.0157223 -0.00163189 -0.000957397 0.999998 -0.85672 
0.999998 -0.0010877 0.00143203 0.00289059 0.00108753 0.999999 0.000115931 0.0155158 -0.00143216 -0.000114372 0.999999 -0.853485 
0.999998 -0.00111781 0.00159718 0.00361156 0.0011176 0.999999 0.000132471 0.0168142 -0.00159732 -0.000130687 0.999999 -0.851868 
0.999997 -0.000501651 0.00222463 0.00254154 0.000502653 1 -0.000449314 0.0163326 -0.0022244 0.00045043 0.999997 -0.85022 
0.999996 0.000127143 0.00275965 0.00227737 -0.000123132 0.999999 -0.00145318 0.0175614 -0.00275983 0.00145283 0.999995 -0.848724 
0.999991 0.00130704 0.00412202 0.000870705 -0.00129751 0.999996 -0.002314 0.0188584 -0.00412503 0.00230862 0.999989 -0.845795 
0.999988 0.00113158 0.00474974 0.000863075 -0.00112204 0.999997 -0.00201113 0.0198407 -0.004752 0.00200578 0.999987 -0.839203 
0.999988 0.000448761 0.00476327 0.0022068 -0.000442141 0.999999 -0.00139085 0.0198483 -0.00476388 0.00138873 0.999988 -0.833557 
0.999989 0.000403101 0.00473807 0.00253487 -0.000400309 1 -0.000590172 0.0187817 -0.0047383 0.000588269 0.999989 -0.821167 
0.99999 0.000472461 0.00454011 0.00128078 -0.000469305 1 -0.000696005 0.0184526 -0.00454043 0.000693867 0.99999 -0.813507 
0.999988 0.00100561 0.00468422 0.000296593 -0.00100458 1 -0.000221498 0.0186572 -0.00468445 0.00021679 0.999989 -0.800537 
0.999991 0.000401612 0.00412879 0.00267315 -0.000402806 1 0.000288091 0.017807 -0.00412867 -0.000289751 0.999992 -0.784302 
0.999992 -0.000427578 0.0039699 0.00555229 0.000427174 1 0.000102566 0.0153499 -0.00396995 -0.000100871 0.999992 -0.767334 
0.999993 -0.000334037 0.00383318 0.00642371 0.000334311 1 -7.08255e-05 0.0157123 -0.00383316 7.21065e-05 0.999993 -0.749847 
0.999993 0.00024759 0.00379305 0.00396085 -0.000247055 1 -0.000141451 0.0171275 -0.00379309 0.000140513 0.999993 -0.730652 
0.999991 0.000868151 0.00420435 0.00315568 -0.000871312 0.999999 0.000749695 0.0173187 -0.0042037 -0.000753351 0.999991 -0.708099 
0.999987 -0.00116255 0.00492899 0.00657028 0.0011556 0.999998 0.00141401 0.0166345 -0.00493062 -0.00140829 0.999987 -0.689178 
0.999979 -0.00164286 0.00630981 0.0087266 0.00163098 0.999997 0.0018884 0.0152278 -0.0063129 -0.00187807 0.999978 -0.667603 
0.999966 -0.000895831 0.00816766 0.00823736 0.000881048 0.999998 0.0018136 0.013185 -0.00816927 -0.00180634 0.999965 -0.651001 
0.999947 8.08992e-05 0.0102685 0.00747681 -9.15468e-05 1 0.00103645 0.0142384 -0.0102684 -0.00103734 0.999947 -0.63858 
0.99991 -0.000451672 0.0133793 0.0098753 0.000447421 1 0.000320706 0.0150003 -0.0133794 -0.000314691 0.99991 -0.629486 
0.999866 -0.000907994 0.0163369 0.0129623 0.000921527 0.999999 -0.000820853 0.0134606 -0.0163362 0.000835798 0.999866 -0.612854 
0.999804 -0.00261888 0.0196358 0.0179272 0.00263283 0.999996 -0.000684385 0.013207 -0.0196339 0.000735949 0.999807 -0.605469 
0.999748 -0.00172084 0.0223841 0.0164433 0.00171777 0.999999 0.000156808 0.0120692 -0.0223843 -0.00011832 0.99975 -0.581146 
0.999679 -0.00148286 0.0253021 0.0167961 0.00147803 0.999999 0.000209392 0.0130014 -0.0253025 -0.000171927 0.99968 -0.579926 
0.999614 -0.00154121 0.0277405 0.0191536 0.00154762 0.999999 -0.000209549 0.0121679 -0.0277402 0.000252401 0.999615 -0.568542 
0.99953 -0.00127047 0.0306183 0.0231895 0.00129923 0.999999 -0.000919568 0.0111485 -0.030617 0.000958918 0.999531 -0.544525 
0.999419 0.000352492 0.034077 0.0208321 -0.000300235 0.999999 -0.00153854 0.0112247 -0.0340776 0.00152741 0.999418 -0.54834 
0.999325 0.000120146 0.0367405 0.0210342 -6.42566e-05 0.999999 -0.00152242 0.0159369 -0.0367406 0.00151904 0.999324 -0.537354 
0.999256 -0.000906899 0.0385644 0.0278244 0.000993227 0.999997 -0.00221935 0.0181832 -0.0385623 0.002256 0.999254 -0.506256 
0.99918 -0.00109865 0.0404825 0.0257034 0.00118497 0.999997 -0.00210817 0.017868 -0.0404801 0.00215441 0.999178 -0.516571 
0.999116 -0.000254604 0.0420477 0.0328751 0.000327203 0.999999 -0.00171953 0.0167856 -0.0420472 0.00173177 0.999114 -0.481689 
0.99905 0.000489202 0.0435802 0.0249329 -0.000425552 0.999999 -0.00146989 0.014327 -0.0435809 0.00144994 0.999049 -0.502045 
0.998952 0.000486274 0.0457709 0.0238342 -0.000449358 1 -0.000817042 0.0147057 -0.0457712 0.000795626 0.998952 -0.498291 
0.998853 0.000763633 0.0478757 0.03862 -0.000726169 0.999999 -0.000799607 0.0158253 -0.0478763 0.000763922 0.998853 -0.460663 
0.998767 0.00132388 0.0496202 0.0228577 -0.00127443 0.999999 -0.00102819 0.0141048 -0.0496215 0.000963688 0.998767 -0.4879 
0.998677 0.000613659 0.0514134 0.0232849 -0.000535677 0.999999 -0.00153059 0.0146933 -0.0514143 0.00150102 0.998676 -0.483551 
0.998612 -0.00162277 0.052648 0.0510406 0.00166016 0.999998 -0.000666414 0.0129833 -0.0526469 0.000752897 0.998613 -0.44632 
0.99852 0.000839149 0.0543841 0.0271454 -0.000833134 1 -0.000133337 0.016922 -0.0543842 8.78312e-05 0.99852 -0.475769 
0.998398 0.00255181 0.0565193 0.0564575 -0.0024439 0.999995 -0.0019782 0.0139179 -0.056524 0.00183691 0.9984 -0.436172 
0.998213 0.0048499 0.0595562 0.0211487 -0.00462577 0.999982 -0.00390054 0.00984383 -0.0595742 0.00361808 0.998217 -0.470734 
0.998067 0.00270031 0.0620855 0.0249329 -0.00250501 0.999992 -0.00322343 0.0106316 -0.0620936 0.00306167 0.998066 -0.462387 
0.998005 -0.00193033 0.0631018 0.0769043 0.00212645 0.999993 -0.00304102 0.00646019 -0.0630956 0.00316913 0.998003 -0.420715 
0.99802 -0.00670965 0.0625381 0.0404663 0.00694248 0.99997 -0.00350645 0.015975 -0.0625128 0.00393368 0.998036 -0.447266 
0.998012 -0.00526239 0.0628038 0.0364685 0.00541997 0.999983 -0.00233907 0.0127535 -0.0627903 0.00267481 0.998023 -0.439941 
0.998007 -0.0026317 0.0630431 0.0833435 0.00270569 0.999996 -0.00108846 0.00657082 -0.06304 0.00125685 0.99801 -0.40451 
0.998064 -0.000787902 0.0621982 0.0287476 0.000912009 0.999998 -0.00196679 0.00750732 -0.0621964 0.00201971 0.998062 -0.423332 
0.998096 -1.55736e-05 0.0616749 0.0800171 0.000225455 0.999994 -0.0033961 0.00646687 -0.0616745 0.00340353 0.998091 -0.403038 
0.998116 -0.000853136 0.0613515 0.0285645 0.00109369 0.999992 -0.0038875 0.011672 -0.0613477 0.00394727 0.998109 -0.418007 
0.998009 2.14279e-05 0.0630665 0.0284119 0.000194706 0.999994 -0.0034208 0.0107651 -0.0630661 0.00342627 0.998003 -0.421673 
0.997927 -0.00268086 0.0643067 0.0881958 0.00291695 0.999989 -0.00357768 0.00875473 -0.0642964 0.00375784 0.997924 -0.419258 
0.99789 -0.00108821 0.0649109 0.0289917 0.00142958 0.999986 -0.00521268 0.012228 -0.0649044 0.00529448 0.997878 -0.43915 
0.997826 -0.00159126 0.0658837 0.0289001 0.00203343 0.999976 -0.00664486 0.0113974 -0.0658715 0.00676439 0.997805 -0.446502 
0.997738 -0.0014293 0.0672112 0.0882874 0.00189023 0.999975 -0.00679482 0.00732613 -0.0671998 0.0069065 0.997716 -0.461113 
0.997743 -0.00197059 0.0671184 0.026947 0.00241628 0.999976 -0.00655961 0.014904 -0.0671038 0.00670699 0.997723 -0.467739 
0.997765 -0.000512828 0.0668256 0.0863342 0.00093308 0.99998 -0.00625774 0.0103464 -0.0668212 0.00630609 0.997745 -0.488728 
0.99779 -0.000378245 0.0664455 0.0233154 0.000701449 0.999988 -0.00484091 0.0147543 -0.0664428 0.00487683 0.997778 -0.488503 
0.997873 -0.000925543 0.0651803 0.0237122 0.00112071 0.999995 -0.00295792 0.0138154 -0.0651773 0.00302467 0.997869 -0.498444 
0.997937 -0.00103089 0.0641859 0.0775757 0.00111966 0.999998 -0.00134699 0.0116901 -0.0641844 0.00141608 0.997937 -0.531898 
0.998078 -0.00179251 0.0619477 0.0240173 0.00185172 0.999998 -0.000898555 0.00801897 -0.0619459 0.00101153 0.998079 -0.526855 
0.998212 -0.00182313 0.0597421 0.0654297 0.00189483 0.999998 -0.00114374 0.00551844 -0.0597399 0.00125489 0.998213 -0.568329 
0.998457 -0.00194975 0.0554991 0.0234528 0.00203082 0.999997 -0.00140432 0.00547028 -0.0554961 0.00151485 0.998458 -0.565872 
0.99871 -0.00212303 0.0507369 0.0240173 0.00225534 0.999994 -0.00255056 0.010622 -0.0507312 0.0026617 0.998709 -0.591537 
0.998833 0.00095574 0.0482851 0.0424957 -0.00078388 0.999993 -0.00357803 0.00850296 -0.0482882 0.00353598 0.998827 -0.632446 
0.998744 0.00499097 0.0498614 0.0100861 -0.00475613 0.999977 -0.00482731 0.0120482 -0.0498843 0.00458411 0.998744 -0.635681 
0.998711 0.0032029 0.0506589 0.0352936 -0.00294188 0.999982 -0.00522587 0.00892377 -0.0506747 0.00507012 0.998702 -0.683395 
0.998799 5.68815e-05 0.0489862 0.0170746 9.41399e-05 0.999995 -0.00308187 0.0113912 -0.0489861 0.00308272 0.998795 -0.681717 
0.998871 -0.00349101 0.0473697 0.0382843 0.00344339 0.999993 0.00108881 0.0105345 -0.0473733 -0.000924387 0.998877 -0.72554 
0.998957 -0.00165395 0.0456291 0.0189514 0.00153514 0.999995 0.00263861 0.00600672 -0.0456332 -0.00256584 0.998955 -0.726059 
0.999026 -0.00391059 0.0439434 0.0179138 0.00377258 0.999988 0.00322361 0.000719309 -0.0439556 -0.00305467 0.999029 -0.751129 
0.999085 -0.00168104 0.0427255 0.0271301 0.00157137 0.999995 0.00259954 0.00198531 -0.0427297 -0.00253006 0.999083 -0.795685 
0.999131 -0.00294055 0.0415851 0.0154419 0.00299862 0.999995 -0.00133418 0.00599909 -0.041581 0.00145772 0.999134 -0.80304 
0.999092 -0.0043094 0.0423937 0.0304718 0.004352 0.99999 -0.000912635 0.0105168 -0.0423893 0.00109631 0.999101 -0.846008 
