1 1.19762e-11 1.70464e-10 5.55112e-17 1.19762e-11 1 3.5625e-10 0 1.70464e-10 3.5625e-10 1 2.22045e-16 
0.999979 0.000502512 -0.00638036 -0.00459671 -0.000500516 1 0.000314487 -0.00200152 0.00638052 -0.000311287 0.99998 0.0915427 
0.999975 0.000559713 -0.00702588 -0.00481215 -0.000560468 1 -0.000105394 -0.00239022 0.00702582 0.00010933 0.999975 0.0942264 
0.999972 0.00033367 -0.00752366 -0.00620904 -0.000338374 1 -0.000624035 -0.00252733 0.00752345 0.000626563 0.999972 0.0978214 
0.999958 0.000668104 -0.00915384 -0.00892266 -0.000680935 0.999999 -0.00139865 0.000162536 0.0091529 0.00140483 0.999957 0.104052 
0.999936 0.000258867 -0.0113182 -0.0106736 -0.000278923 0.999998 -0.00177038 -0.00039421 0.0113177 0.00177342 0.999934 0.114203 
0.999909 -4.53361e-05 -0.0135224 -0.0119985 3.23397e-05 0.999999 -0.000961414 -0.000340499 0.0135224 0.000960889 0.999908 0.127404 
0.99987 7.87458e-05 -0.0161048 -0.0150895 -7.9084e-05 1 -2.02921e-05 -0.000340364 0.0161048 2.15629e-05 0.99987 0.140046 
0.999825 -0.00123117 -0.0186523 -0.0154187 0.00122996 0.999999 -7.6124e-05 -0.000700581 0.0186523 5.31701e-05 0.999826 0.153728 
0.999798 -0.00134784 -0.0200548 -0.0177755 0.00134639 0.999999 -8.60319e-05 -0.000897735 0.0200549 5.90137e-05 0.999799 0.164994 
0.999752 -7.17553e-05 -0.0222692 -0.0212692 6.69826e-05 1 -0.000215048 -0.00331409 0.0222692 0.000213501 0.999752 0.172851 
0.999696 0.00358038 -0.0243794 -0.0275743 -0.00361083 0.999993 -0.00120509 -0.00576227 0.024375 0.00129276 0.999702 0.179486 
0.999657 0.00470965 -0.0257582 -0.0323183 -0.00475737 0.999987 -0.00179166 -0.00753272 0.0257494 0.00191359 0.999667 0.185851 
0.99962 0.00375432 -0.0273154 -0.0335784 -0.00377885 0.999992 -0.000846462 -0.00698635 0.0273121 0.000949361 0.999627 0.193858 
0.999545 0.000947984 -0.0301646 -0.0336666 -0.000968618 0.999999 -0.000669746 -0.00256904 0.030164 0.000698658 0.999545 0.20204 
0.999492 0.00187494 -0.0318045 -0.0373949 -0.00186855 0.999998 0.000230771 -0.0013489 0.031805 -0.000171225 0.999494 0.208648 
0.999445 0.00224759 -0.033228 -0.0415121 -0.00222638 0.999997 0.000675646 -0.00227409 0.0332295 -0.000601293 0.999448 0.214745 
0.999367 0.00191915 -0.0355247 -0.040816 -0.0019015 0.999998 0.000530361 -0.00169401 0.0355255 -0.000462472 0.999369 0.219313 
0.99936 0.00292355 -0.0356376 -0.0437716 -0.0029356 0.999996 -0.000285684 -0.00228702 0.0356366 0.000390119 0.999365 0.219825 
0.999342 0.0034489 -0.0361028 -0.0497996 -0.00345405 0.999994 -8.02716e-05 0.00290356 0.0361024 0.000204923 0.999348 0.226151 
0.999262 0.00103974 -0.0383897 -0.0469694 -0.00105075 0.999999 -0.000266418 0.00391877 0.0383894 0.000306556 0.999263 0.229618 
0.999166 -0.00341104 -0.0406981 -0.0422259 0.003338 0.999993 -0.0018628 0.0034148 0.0407041 0.00172539 0.99917 0.232521 
0.999052 -0.00501063 -0.0432485 -0.0424752 0.00495276 0.999987 -0.00144523 0.000428516 0.0432551 0.00122967 0.999063 0.238076 
0.998911 0.000370466 -0.046648 -0.0546276 -0.000276713 0.999998 0.00201617 -0.00257344 0.0466487 -0.00200106 0.998909 0.245288 
0.998716 0.0059952 -0.0503051 -0.068943 -0.00581863 0.999976 0.00365581 -0.00516454 0.0503259 -0.0033584 0.998727 0.254011 
0.998615 0.00350973 -0.0524907 -0.0680244 -0.00347644 0.999994 0.000725451 -0.00510217 0.0524928 -0.000541968 0.998621 0.258887 
0.998506 0.000855202 -0.0546357 -0.0641266 -0.00089536 0.999999 -0.000710661 -0.00556276 0.0546352 0.000758515 0.998506 0.266977 
0.998377 -0.00532791 -0.0566944 -0.0562509 0.0053117 0.999986 -0.00043655 -0.00308932 0.0566958 0.000134691 0.998391 0.276396 
0.998314 -0.00451837 -0.0578695 -0.0602485 0.00449001 0.99999 -0.000620338 -0.00339216 0.0578717 0.000359463 0.998324 0.287678 
0.998347 -0.00198686 -0.0574416 -0.0642171 0.00206192 0.999997 0.00124776 -0.00377196 0.057439 -0.00136414 0.998348 0.296956 
0.998254 -0.00120694 -0.0590624 -0.0676301 0.00133355 0.999997 0.00210442 -0.00310094 0.0590596 -0.00217951 0.998252 0.31007 
0.998178 -0.000736794 -0.060338 -0.0689578 0.000810504 0.999999 0.00119715 -0.00291691 0.060337 -0.00124387 0.998177 0.319307 
0.99819 0.000396188 -0.0601381 -0.070785 -0.00028538 0.999998 0.00185101 -0.00256161 0.0601388 -0.0018305 0.998188 0.329747 
0.998192 0.000203476 -0.0601002 -0.0720274 -6.33472e-05 0.999997 0.00233356 -0.00116043 0.0601006 -0.00232553 0.99819 0.346155 
0.998212 0.00114852 -0.0597614 -0.0725226 -0.00104462 0.999998 0.00176959 -0.00316598 0.0597633 -0.00170401 0.998211 0.3589 
0.998301 -0.000780385 -0.0582702 -0.0687299 0.000991793 0.999993 0.00359929 -0.00615451 0.058267 -0.00365096 0.998294 0.376695 
0.998429 -0.00230446 -0.0559885 -0.0597899 0.00247461 0.999992 0.00296973 -0.00914443 0.0559812 -0.00310361 0.998427 0.387956 
0.998623 -0.00131736 -0.0524516 -0.058573 0.00135145 0.999999 0.000614427 -0.0091379 0.0524507 -0.00068447 0.998623 0.399736 
0.998827 0.00339729 -0.0483059 -0.0619092 -0.00337552 0.999994 0.00053237 -0.00681636 0.0483075 -0.000368692 0.998832 0.416618 
0.999057 0.00359728 -0.043265 -0.0571203 -0.00360363 0.999993 -6.87064e-05 -0.0044165 0.0432645 0.000224558 0.999064 0.4333 
0.999262 0.00246667 -0.0383442 -0.0496488 -0.00252885 0.999995 -0.00157323 -0.00333719 0.0383402 0.00166902 0.999263 0.447513 
0.999395 0.000167438 -0.0347775 -0.0429835 -0.000258514 0.999997 -0.00261433 -0.00511518 0.0347769 0.00262174 0.999392 0.462614 
0.999495 6.10184e-05 -0.0317781 -0.035305 -0.000145379 0.999997 -0.0026524 -0.00757858 0.0317779 0.00265567 0.999492 0.476147 
0.999637 0.00129738 -0.0269037 -0.0343356 -0.00134397 0.999998 -0.00171374 -0.00608127 0.0269014 0.00174928 0.999636 0.494314 
0.999773 0.000992334 -0.0212675 -0.0278845 -0.00104209 0.999997 -0.00232849 -0.00336495 0.0212651 0.00235013 0.999771 0.509525 
0.999865 1.95084e-05 -0.0164468 -0.0200272 -4.23901e-05 0.999999 -0.00139093 -0.000661686 0.0164468 0.00139144 0.999864 0.529204 
0.999911 -0.000829132 -0.0133334 -0.0160413 0.000834122 1 0.000368645 -0.00329067 0.0133331 -0.000379734 0.999911 0.545017 
0.999951 0.00128471 -0.0098522 -0.0131521 -0.00126719 0.999998 0.00178405 -0.0082057 0.00985446 -0.00177148 0.99995 0.559026 
0.999974 0.00235197 -0.00677752 -0.0125928 -0.0023398 0.999996 0.0018034 -0.0108247 0.00678174 -0.0017875 0.999975 0.57694 
0.99999 0.000152749 -0.00457373 -0.00520229 -0.00014874 1 0.000877327 -0.00640823 0.0045739 -0.000876624 0.999989 0.590002 
0.999996 -0.00242278 -0.0017629 0.000737667 0.00242274 0.999997 -2.5488e-05 -0.00389999 0.00176295 2.12122e-05 0.999999 0.607901 
0.999997 -0.00221745 0.000613287 0.00142622 0.00221636 0.999996 0.00176838 -0.00554979 -0.000617266 -0.00176701 0.999998 0.623424 
0.999999 0.000629529 0.00149831 -0.000421047 -0.000633838 0.999996 0.00287823 -0.011718 -0.00149646 -0.00287917 0.999995 0.63924 
0.999995 0.00238468 0.00193945 -0.00210714 -0.00238589 0.999997 0.000623863 -0.0126026 -0.00193799 -0.000628503 0.999998 0.655005 
0.999997 0.00168641 0.00169837 -0.00374746 -0.00168184 0.999995 -0.00269414 -0.00987816 -0.0017029 0.00269127 0.999995 0.665467 
0.999999 0.000352798 0.00124736 -0.00059557 -0.000352557 1 -0.000190771 -0.0049261 -0.00124743 0.000190334 0.999999 0.683796 
0.999999 -0.000526705 0.00153963 0.000839233 0.000523224 0.999997 0.00226254 -0.00359268 -0.00154082 -0.00226172 0.999996 0.700641 
0.999998 0.000849788 0.00187808 -0.00061512 -0.000856429 0.999994 0.00353695 -0.00806266 -0.00187507 -0.00353855 0.999992 0.717203 
0.999998 0.00104302 0.00186084 -3.8147e-06 -0.00104913 0.999994 0.00328371 -0.0123481 -0.00185741 -0.00328564 0.999993 0.731636 
0.999998 0.00112954 0.00185329 0.00033617 -0.00112758 0.999999 -0.00106335 -0.00995055 -0.00185449 0.00106125 0.999998 0.741838 
0.999996 0.00219583 0.00194387 -0.000797272 -0.00219053 0.999994 -0.00272252 -0.00711808 -0.00194985 0.00271825 0.999994 0.755796 
0.999998 0.00130204 0.00161797 -0.000813961 -0.00130075 0.999999 -0.000800048 -0.00696269 -0.001619 0.00079795 0.999998 0.76729 
0.999995 -0.00269632 0.00160038 0.00637817 0.00269291 0.999994 0.00212768 -0.00663316 -0.00160612 -0.00212336 0.999996 0.787352 
0.999997 -0.00242499 0.00111171 0.00516796 0.00242278 0.999995 0.00199191 -0.0109187 -0.00111654 -0.00198921 0.999997 0.79389 
0.999999 -0.000820016 0.00133161 0.00240803 0.00081699 0.999997 0.00227199 -0.0123288 -0.00133348 -0.00227091 0.999997 0.802395 
1 4.70355e-05 0.000711702 0.000692368 -4.40963e-05 0.999992 -0.00413761 -0.0169764 -0.000711881 0.00413758 0.999991 0.802559 
0.999999 -0.00133287 0.000470288 0.00346994 0.00133639 0.99997 -0.00755817 -0.0166078 -0.000460207 0.00755878 0.999971 0.807653 
0.999994 -0.0034775 -1.97366e-05 0.00636005 0.00347737 0.999982 -0.00496785 -0.00843504 3.70145e-05 0.00496776 0.999988 0.822227 
0.999999 -0.00153467 -0.000527017 0.00409031 0.00153435 0.999999 -0.000614803 -0.00740281 0.000527948 0.000613989 1 0.831825 
1 0.000998684 0.000220217 -0.00115156 -0.00100055 0.999962 0.00866573 -0.00922719 -0.000211596 -0.00866594 0.999962 0.845392 
0.999999 0.00116437 -0.000295922 -0.0028863 -0.00116229 0.999975 0.00694422 -0.0132149 0.000304021 -0.00694388 0.999976 0.849216 
0.999998 0.00196641 -0.000248224 -0.00631237 -0.00196489 0.99998 0.00600766 -0.0154631 0.000260033 -0.00600716 0.999982 0.848673 
0.999998 0.00180759 -0.000309646 -0.00752878 -0.0018073 0.999998 0.000928911 -0.0214102 0.00031133 -0.000928355 1 0.848076 
1 0.000320282 -0.000392571 -0.00546169 -0.000321578 0.999995 -0.00331105 -0.0208996 0.000391513 0.00331118 0.999994 0.842789 
1 -0.000164566 -0.000457324 -0.00333929 0.000163049 0.999995 -0.00330818 -0.0159155 0.000457868 0.00330811 0.999994 0.840231 
0.999999 0.00154295 7.33286e-05 -0.00421381 -0.00154304 0.999998 0.00129855 -0.0132594 -7.13244e-05 -0.00129866 0.999999 0.844988 
0.999999 0.00108082 0.000237994 -0.00357437 -0.00108149 0.999995 0.0028272 -0.0186118 -0.000234924 -0.00282745 0.999996 0.841673 
1 0.000885507 1.71214e-05 -0.00559711 -0.000885494 0.999999 -0.0010552 -0.0205399 -1.80751e-05 0.00105517 1 0.84399 
1 0.000721777 0.00043276 -0.00358057 -0.000719542 0.999987 -0.00512068 -0.0185892 -0.00043644 0.00512038 0.999987 0.834183 
0.999999 0.00121258 0.000399932 -0.00222492 -0.00121076 0.999989 -0.00452814 -0.0164541 -0.000405431 0.00452764 0.99999 0.83675 
1 1.38897e-05 0.000439487 -0.00112534 -1.4117e-05 1 0.000525824 -0.015844 -0.000439495 -0.000525821 1 0.83918 
0.999999 -0.000968492 0.000736415 0.000862122 0.000966443 0.999996 0.00277335 -0.019705 -0.00073906 -0.00277264 0.999996 0.839584 
1 -0.000538062 0.000445612 -0.000166893 0.000536062 0.99999 0.00448914 -0.0172582 -0.000448026 -0.00448889 0.99999 0.842972 
0.999999 -0.000829823 0.000598311 -0.000572205 0.000826545 0.999985 0.00545427 -0.0168129 -0.000602826 -0.00545379 0.999985 0.843765 
1 0.000110624 -0.000152245 -0.00167274 -0.000110023 0.999992 0.00395162 -0.0205033 0.000152677 -0.0039516 0.999992 0.837132 
1 -0.000332149 0.00026276 -0.00018692 0.000332318 1 -0.000620086 -0.0223122 -0.000262551 0.000620174 1 0.835075 
1 -0.000123993 0.000172347 -0.00149298 0.00012459 0.999994 -0.00353321 -0.0189435 -0.000171915 0.00353325 0.999994 0.832844 
1 0.000713335 0.000410311 -0.00304842 -0.000711434 0.999989 -0.00462623 -0.0201718 -0.000413604 0.00462593 0.999989 0.829464 
0.999992 0.00394559 0.000495747 -0.00777292 -0.00394435 0.999989 -0.00245691 -0.017238 -0.00050544 0.00245493 0.999997 0.829979 
0.999994 0.00330341 -0.000387281 -0.00796127 -0.00330415 0.999993 -0.00192614 -0.0148858 0.000380918 0.00192741 0.999998 0.829437 
0.999999 -0.00127073 -0.000685573 -0.00135469 0.00126961 0.999998 -0.00163537 -0.0185708 0.000687659 0.0016345 0.999998 0.826317 
0.999992 -0.00370955 -0.00134433 0.00291538 0.00370458 0.999986 -0.00367985 -0.0172434 0.00135794 0.00367486 0.999992 0.82592 
0.999991 -0.00418544 -0.000805117 0.00234699 0.00418342 0.999988 -0.00248456 -0.0131316 0.000815503 0.00248116 0.999997 0.824883 
0.999998 -0.000852459 -0.00166101 -0.00109386 0.000857763 0.999995 0.00319238 -0.0133899 0.00165828 -0.0031938 0.999994 0.824928 
0.999997 -0.00178449 -0.00183044 -0.000333786 0.00179653 0.999977 0.00659585 -0.0163733 0.00181862 -0.00659912 0.999977 0.826885 
0.999996 -0.00201873 -0.00185423 0.000932217 0.0020259 0.99999 0.00387618 -0.0202073 0.00184641 -0.00387992 0.999991 0.818596 
0.999998 -0.000907066 -0.00176793 0.000307083 0.000904887 0.999999 -0.00123343 -0.0223974 0.00176903 0.00123184 0.999998 0.812626 
0.999992 0.00391802 -0.000895195 -0.00829029 -0.00392063 0.999988 -0.00292899 -0.0225095 0.000883721 0.00293248 0.999995 0.806046 
0.999991 0.00418555 -0.00115884 -0.00970268 -0.00418992 0.999984 -0.00379117 -0.0191239 0.00114294 0.003796 0.999992 0.80093 
0.99999 0.00437764 -0.00101176 -0.0115304 -0.00437895 0.99999 -0.00129853 -0.0140674 0.00100606 0.00130294 0.999999 0.800526 
0.999997 0.00228762 -0.000915945 -0.00828409 -0.00228622 0.999996 0.00152965 -0.0172963 0.000919424 -0.00152755 0.999998 0.79805 
0.999999 -0.000429362 -0.000969388 -0.00301933 0.000430895 0.999999 0.00158062 -0.0178851 0.000968724 -0.00158103 0.999998 0.796719 
0.999998 0.00182754 -0.000871018 -0.00529957 -0.0018278 0.999998 -0.000292373 -0.018591 0.000870489 0.000293965 1 0.789886 
0.999999 0.00109333 -0.000550762 -0.00406361 -0.00109336 0.999999 -7.10376e-05 -0.0208547 0.000550672 7.16352e-05 1 0.785717 
0.999999 -0.00143155 -0.00058502 0.00020647 0.00143242 0.999998 0.00147774 -0.0174927 0.000582919 -0.00147858 0.999999 0.78244 
0.999999 -0.00120898 -0.000355892 0.000622749 0.00120986 0.999996 0.00249694 -0.0196054 0.000352867 -0.00249737 0.999997 0.778378 
1 0.000568904 2.14502e-05 -0.00356388 -0.000568995 0.99999 0.00450584 -0.0187483 -1.88649e-05 -0.00450586 0.99999 0.776466 
1 -3.72157e-05 -0.000477917 -0.00243139 3.84096e-05 0.999997 0.00248808 -0.0205015 0.000477806 -0.00248808 0.999997 0.767479 
1 -0.000406532 -0.000742234 -0.00026226 0.000406386 1 -0.000192135 -0.0207096 0.000742331 0.000191819 1 0.75922 
1 -0.000648994 -0.000472657 -8.44002e-05 0.000648113 0.999998 -0.00185354 -0.0223209 0.000473842 0.00185325 0.999998 0.750542 
1 -0.00023886 -9.17166e-05 -0.00208378 0.000238534 0.999994 -0.00357091 -0.0228091 9.25735e-05 0.00357089 0.999994 0.736256 
1 0.000218339 4.52176e-05 -0.0022192 -0.00021822 0.999996 -0.00264128 -0.0207952 -4.58136e-05 0.00264127 0.999996 0.729664 
0.999999 0.00048884 0.00126683 -0.000739098 -0.000485707 0.999997 -0.00246843 -0.0200149 -0.00126804 0.00246779 0.999996 0.712143 
0.999995 0.0020019 0.00236684 -0.000735283 -0.00200046 0.999998 -0.000613359 -0.0195986 -0.00236806 0.000608631 0.999997 0.697937 
0.999992 0.000859376 0.00386082 0.00238657 -0.000863992 0.999999 0.00119538 -0.0200139 -0.00385981 -0.00119871 0.999992 0.682426 
0.999982 -0.0010881 0.00585479 0.00755835 0.00108186 0.999999 0.00106892 -0.0195619 -0.00585593 -0.00106257 0.999982 0.66708 
0.999974 -0.00108533 0.00708523 0.00864983 0.00107352 0.999998 0.00166961 -0.0201221 -0.00708704 -0.00166196 0.999974 0.651257 
0.999962 0.000675239 0.00866525 0.00726843 -0.000687925 0.999999 0.001461 -0.0202069 -0.00866425 -0.00146691 0.999961 0.636066 
0.999926 0.00176544 0.0120358 0.0085206 -0.00178751 0.999997 0.00182325 -0.0189081 -0.0120326 -0.00184462 0.999926 0.620056 
0.999891 0.00245012 0.0145748 0.0110314 -0.0024755 0.999995 0.00172298 -0.0169245 -0.0145705 -0.00175887 0.999892 0.601608 
0.999829 0.000886776 0.0184774 0.017534 -0.000912271 0.999999 0.00137155 -0.0164211 -0.0184761 -0.00138817 0.999828 0.583878 
0.999762 0.000254875 0.0218136 0.0224826 -0.000272382 1 0.000799759 -0.0170779 -0.0218134 -0.000805518 0.999762 0.560791 
0.999677 -0.0013165 0.0253714 0.0307294 0.00129716 0.999999 0.000778449 -0.0174977 -0.0253724 -0.000745277 0.999678 0.539383 
0.999584 -0.00284829 0.0286895 0.0394555 0.00286297 0.999996 -0.000470284 -0.0170383 -0.0286881 0.000552216 0.999588 0.51458 
0.999429 -0.00246312 0.0337011 0.045325 0.0024544 0.999997 0.000300297 -0.0173033 -0.0337017 -0.000217417 0.999432 0.494339 
0.999293 -0.00222112 0.0375324 0.0476632 0.00220836 0.999998 0.000381223 -0.0155511 -0.0375332 -0.00029807 0.999295 0.477577 
0.999174 -0.00181283 0.0405921 0.0501213 0.00181531 0.999998 -2.42696e-05 -0.0160463 -0.0405919 9.79481e-05 0.999176 0.459007 
0.99896 -0.00281379 0.0455154 0.0565395 0.00274748 0.999995 0.0015193 -0.0147209 -0.0455195 -0.00139267 0.998963 0.459862 
0.998793 -0.00451339 0.0489161 0.0625 0.00451097 0.99999 0.000159783 -0.0160882 -0.0489163 6.1064e-05 0.998803 0.444443 
0.998632 -0.00941667 0.0514419 0.0738869 0.00953065 0.999953 -0.00197082 -0.016335 -0.0514209 0.0024584 0.998674 0.444603 
0.998534 -0.00739937 0.0536211 0.0770416 0.00755892 0.999968 -0.00277323 -0.0124546 -0.0535989 0.00317449 0.998558 0.430847 
0.998411 -0.00726315 0.0558746 0.0764637 0.00740949 0.99997 -0.00241231 -0.00709641 -0.0558553 0.00282249 0.998435 0.438866 
0.998398 -0.00176639 0.0565491 0.071331 0.00178282 0.999998 -0.000240076 -0.00447798 -0.0565487 0.00034049 0.9984 0.429276 
0.998501 -0.00278882 0.054657 0.0671616 0.00278762 0.999996 9.81968e-05 -0.0071398 -0.0546572 5.43268e-05 0.998505 0.435997 
0.99856 -0.00875728 0.0529232 0.0735283 0.00871268 0.999961 0.00107358 -0.00867778 -0.0529305 -0.000610939 0.998598 0.433746 
0.998508 -0.0131359 0.0529946 0.0867691 0.0130867 0.999914 0.00127523 -0.00988841 -0.0530067 -0.000579799 0.998594 0.421051 
0.99854 -0.00364008 0.0538923 0.0690498 0.00384679 0.999986 -0.00373227 -0.0142237 -0.0538781 0.00393412 0.99854 0.42181 
0.998493 0.00208141 0.0548373 0.0637093 -0.00167423 0.999971 -0.00747047 -0.013009 -0.0548512 0.00736741 0.998467 0.412033 
0.998389 0.00248666 0.0566851 0.0585747 -0.00178514 0.999921 -0.012423 -0.00605476 -0.0567116 0.0123018 0.998315 0.427704 
0.998271 0.00420106 0.0586281 0.0648499 -0.00362157 0.999944 -0.00998672 -0.00244153 -0.0586667 0.00975713 0.99823 0.433231 
0.998229 0.00145486 0.0594711 0.0615044 -0.00124688 0.999993 -0.00353414 -0.00168788 -0.0594758 0.00345372 0.998224 0.459927 
0.998251 -0.000495854 0.0591083 0.0646858 0.000653394 0.999996 -0.00264598 -3.86238e-05 -0.0591068 0.00267997 0.998248 0.475525 
0.998292 0.00292185 0.0583454 0.0658226 -0.00273393 0.999991 -0.00330049 -0.00181305 -0.0583545 0.00313534 0.998291 0.482162 
0.998489 0.0012675 0.0549342 0.0553398 -0.00135764 0.999998 0.00160366 -0.00499201 -0.0549321 -0.00167582 0.998489 0.509579 
0.998743 0.00566523 0.0498016 0.0522499 -0.00571499 0.999983 0.000856806 -0.00391352 -0.0497958 -0.00114034 0.998759 0.521191 
0.998945 0.00543822 0.045599 0.0395203 -0.0053601 0.999984 -0.00183525 0.00033915 -0.0456082 0.0015889 0.998958 0.539886 
0.999212 0.00424413 0.0394634 0.0366974 -0.00429047 0.99999 0.00108961 -0.00156939 -0.0394583 -0.00125807 0.99922 0.560448 
0.99947 0.000620189 0.0325501 0.0354385 -0.000708455 0.999996 0.00270022 -0.00639227 -0.0325484 -0.00272186 0.999466 0.57556 
0.999668 -0.00172254 0.0257058 0.0294571 0.00168142 0.999997 0.00162111 -0.00725597 -0.0257084 -0.00157735 0.999668 0.594219 
0.99975 -0.000845307 0.0223498 0.0265884 0.000796056 0.999997 0.00221242 -0.00416592 -0.0223516 -0.00219407 0.999748 0.610216 
0.999816 0.00195126 0.0190988 0.019043 -0.00201014 0.999993 0.00306449 -0.0077574 -0.0190926 -0.00310232 0.999813 0.628376 
0.999865 0.00377201 0.01602 0.0124207 -0.00378867 0.999992 0.0010095 -0.009274 -0.0160161 -0.00107005 0.999871 0.641453 
0.999892 0.00415193 0.0140906 0.0116806 -0.00418449 0.999989 0.00228229 -0.00981244 -0.014081 -0.002341 0.999898 0.657068 
0.999906 -0.00172149 0.0135683 0.0203781 0.00172305 0.999999 -0.000103637 -0.00781995 -0.0135681 0.000127008 0.999908 0.670431 
0.999902 -0.000113168 0.0140212 0.0214767 0.000113877 1 -4.97679e-05 -0.00656244 -0.0140212 5.13586e-05 0.999902 0.685675 
0.999889 0.000202698 0.0148984 0.0195694 -0.000213253 1 0.00070675 -0.00595906 -0.0148982 -0.000709848 0.999889 0.700962 
0.999892 0.00112041 0.014627 0.0203323 -0.00113043 0.999999 0.00067689 -0.00899369 -0.0146262 -0.000693353 0.999893 0.716633 
0.999915 0.0003609 0.0130509 0.018013 -0.000331532 0.999997 -0.00225269 -0.0142801 -0.0130517 0.00224817 0.999912 0.724247 
0.999932 0.00192629 0.0115203 0.0163727 -0.00187824 0.99999 -0.0041802 -0.013018 -0.0115283 0.00415827 0.999925 0.738003 
0.999949 -0.00185808 0.00994717 0.0170288 0.00192625 0.999975 -0.00684748 -0.00729591 -0.00993418 0.00686629 0.999927 0.746517 
0.999965 -0.000433572 0.00833796 0.0152817 0.00044293 0.999999 -0.00111962 -0.00192818 -0.00833746 0.00112327 0.999965 0.762707 
0.999976 0.00110431 0.00685958 0.00891113 -0.00114951 0.999978 0.0065876 -0.00592962 -0.00685216 -0.00659533 0.999955 0.775673 
0.99998 0.00372544 0.00516327 0.00175476 -0.0037686 0.999958 0.00837424 -0.0133939 -0.00513183 -0.00839353 0.999952 0.7792 
0.999991 0.000640309 0.00428306 0.00443268 -0.000663197 0.999985 0.00534543 -0.0155742 -0.00427957 -0.00534822 0.999977 0.777321 
0.999992 -0.00186034 0.00347885 0.00828552 0.00186704 0.999997 -0.00192335 -0.0172578 -0.00347526 0.00192983 0.999992 0.769056 
0.999994 0.000314767 0.00331131 0.00569153 -0.000311721 1 -0.000920314 -0.0156003 -0.00331161 0.000919277 0.999994 0.77014 
0.999994 -0.00174968 0.0028678 0.00732422 0.00174418 0.999997 0.00191964 -0.0134771 -0.00287114 -0.00191462 0.999994 0.773272 
0.999995 -0.00214529 0.00242063 0.00892639 0.00213817 0.999993 0.00294435 -0.0151334 -0.00242695 -0.00293916 0.999993 0.772478 
0.999992 -0.00256362 0.00308905 0.0122375 0.002557 0.999994 0.00214263 -0.0198305 -0.00309452 -0.00213471 0.999993 0.772871 
0.999996 -0.000535873 0.00281731 0.0127563 0.000543753 0.999996 -0.00279738 -0.0236444 -0.0028158 0.0027989 0.999992 0.764511 
0.999993 0.00308444 0.002098 0.00437927 -0.00306829 0.999966 -0.00765962 -0.0174645 -0.00212156 0.00765314 0.999968 0.762407 
0.999998 0.00107381 0.00172193 9.15527e-05 -0.00106059 0.99997 -0.00765611 -0.0173386 -0.00173009 0.00765427 0.999969 0.761948 
0.999999 0.000940992 0.00127006 0.000572205 -0.000934854 0.999988 -0.00482343 -0.0113836 -0.00127459 0.00482225 0.999988 0.758747 
0.999997 0.00171445 0.00192197 -0.000701904 -0.00171825 0.999997 0.00196642 -0.00965708 -0.00191857 -0.00196972 0.999996 0.769321 
0.999994 0.00269904 0.00230099 -0.00869751 -0.00270765 0.999989 0.00374606 -0.0180965 -0.00229085 -0.00375227 0.99999 0.761427 
0.999992 0.0034694 0.00213935 -0.00798798 -0.00348125 0.999978 0.0055623 -0.0193009 -0.00212002 -0.0055697 0.999982 0.76096 
0.999995 -0.00214244 0.00223485 -0.00102997 0.00213845 0.999996 0.00178327 -0.0174912 -0.00223868 -0.00177848 0.999996 0.754459 
0.999994 -0.00310406 0.00110812 0.00348663 0.0031044 0.999995 -0.0003026 -0.0197138 -0.00110717 0.000306037 0.999999 0.74992 
0.999998 -0.00194354 0.000828143 0.00241089 0.00194309 0.999998 0.000564639 -0.0198678 -0.000829257 -0.000563029 1 0.753372 
0.999999 0.000122671 0.0012583 0.000999451 -0.000120681 0.999999 -0.00158232 -0.018358 -0.00125849 0.00158217 0.999998 0.754242 
0.999998 -0.00202412 0.000611763 0.00341797 0.00202542 0.999996 -0.0021313 -0.0190296 -0.000607446 0.00213254 0.999997 0.756756 
0.999999 -0.00161433 0.000648521 0.0017395 0.00161396 0.999999 0.000561759 -0.0178973 -0.00064943 -0.000560711 1 0.764103 
0.999995 0.00300928 0.000875257 -0.00701141 -0.00300978 0.999995 0.000563512 -0.0162257 -0.000873547 -0.000566145 1 0.768414 
1 -6.44258e-05 3.10615e-05 -0.00601196 6.44643e-05 1 -0.000954163 -0.0172552 -3.09907e-05 0.000954165 1 0.771793 
0.999999 0.000140757 -0.00175513 -0.00740051 -0.000140871 1 -6.22547e-05 -0.0207506 0.00175511 6.25019e-05 0.999999 0.777679 
0.999995 -0.00250741 -0.00212125 -0.0030365 0.00250852 0.999997 0.000523806 -0.015432 0.00211993 -0.000529124 0.999998 0.786274 
0.999995 0.00103463 -0.00307226 -0.008255 -0.00103645 0.999999 -0.000593226 -0.0179205 0.00307164 0.000596406 0.999995 0.788055 
0.999988 0.00389383 -0.00301056 -0.0120163 -0.00389292 0.999993 0.000311369 -0.0196359 0.00301174 -0.000299645 0.999996 0.798416 
0.999995 0.00180237 -0.00253799 -0.0100174 -0.00181297 0.99999 -0.0041772 -0.0186081 0.00253046 0.00418178 0.999988 0.796589 
0.999997 0.000203592 -0.00256172 -0.00728607 -0.000216362 0.999987 -0.00499095 -0.0146874 0.00256068 0.00499149 0.999984 0.800301 
0.999998 -0.00111097 -0.00189868 -0.00250244 0.00110912 0.999999 -0.000970553 -0.0050987 0.00189976 0.000968443 0.999998 0.813244 
0.999997 0.000908546 -0.00219284 -0.00382996 -0.000905959 0.999999 0.00118051 -0.010748 0.00219391 -0.00117852 0.999997 0.821285 
0.999997 -0.000780654 -0.0021884 -0.00248718 0.000783584 0.999999 0.00133319 -0.0121608 0.00218735 -0.0013349 0.999997 0.832973 
0.999996 -0.00198516 -0.00195408 0.00296783 0.00198725 0.999997 0.00107201 -0.00691855 0.00195195 -0.00107589 0.999997 0.838459 
0.999999 -0.000717842 -0.00113026 0.0001297 0.000722037 0.999993 0.00371097 -0.00876307 0.00112759 -0.00371178 0.999993 0.846531 
0.999999 -0.000772339 -0.000970028 -0.000564575 0.000776822 0.999989 0.00463959 -0.0156026 0.000966437 -0.00464034 0.999989 0.853458 
1 -0.000231095 0.000424251 0.000938416 0.000229925 0.999996 0.00279398 -0.017864 -0.000424899 -0.00279389 0.999996 0.857094 
0.999991 0.00354635 0.0021349 -0.0034256 -0.0035462 0.999994 -7.84923e-05 -0.0185226 -0.00213517 7.09216e-05 0.999998 0.862881 
0.999998 0.000121203 0.00186919 -0.0017395 -0.000119028 0.999999 -0.00116101 -0.0168813 -0.00186932 0.00116079 0.999998 0.86348 
0.999996 -0.00216796 0.00158731 0.00260162 0.00217154 0.999995 -0.00226171 -0.0180464 -0.00158238 0.00226515 0.999996 0.866222 
0.999991 -0.0039835 0.00158444 0.00753021 0.00398644 0.99999 -0.0018551 -0.0173811 -0.00157704 0.0018614 0.999997 0.870728 
0.999997 -0.00143965 0.00191281 0.00318909 0.00143978 0.999999 -6.04053e-05 -0.0138295 -0.00191269 6.31586e-05 0.999998 0.8727 
0.999998 -0.00185814 0.00106686 0.000259399 0.00185564 0.999995 0.00233897 -0.0185655 -0.00107122 -0.00233699 0.999997 0.879292 
0.999994 -0.00331945 0.000602528 0.0042572 0.00331778 0.999991 0.00274267 -0.0183805 -0.000611626 -0.00274065 0.999996 0.879356 
0.999999 -0.00107002 0.000860251 1.52588e-05 0.00106971 0.999999 0.000354613 -0.0194947 -0.000860617 -0.000353695 1 0.875362 
0.999998 0.00187913 0.00107089 -0.00494385 -0.00187648 0.999995 -0.00247693 -0.0197126 -0.00107553 0.00247491 0.999996 0.869682 
0.999995 0.00303586 0.000736549 -0.00807953 -0.00303154 0.999978 -0.00580787 -0.0195479 -0.000754155 0.00580561 0.999983 0.860821 
0.999997 0.0020605 0.00106141 -0.00646973 -0.00205486 0.999984 -0.00527719 -0.0187181 -0.00107227 0.00527499 0.999985 0.86132 
0.999987 0.00500761 0.000754327 -0.0101166 -0.00500261 0.999966 -0.00650468 -0.0213293 -0.000786886 0.00650082 0.999978 0.855057 
0.999999 0.000715591 0.00105111 -0.0043335 -0.00071474 1 -0.000820048 -0.0152247 -0.00105167 0.000819298 0.999999 0.856049 
0.999993 -0.00385152 0.000122845 -0.00260925 0.00385088 0.99998 0.00494485 -0.0112565 -0.000141889 -0.00494434 0.999988 0.853954 
0.999999 -0.00103278 -0.000556327 -0.0051651 0.00103873 0.999941 0.0108113 -0.0160354 0.000545129 -0.0108119 0.999941 0.858749 
0.999999 0.000782284 -0.00123984 -0.00909424 -0.000771152 0.99996 0.00895755 -0.0244753 0.00124678 -0.00895658 0.999959 0.853416 
0.999989 -0.00380685 -0.00261267 -0.000778198 0.00379663 0.999985 -0.00390523 -0.0252843 0.0026275 0.00389527 0.999989 0.837189 
0.99998 -0.00587834 -0.0022536 0.00147247 0.00587073 0.999977 -0.0033674 -0.0207064 0.00227332 0.00335411 0.999992 0.831444 
0.999997 -0.000371505 -0.00265191 -0.00321198 0.000369326 1 -0.000821915 -0.0211723 0.00265223 0.000820933 0.999996 0.832024 
0.999996 0.00155151 -0.00251278 -0.00803375 -0.00155836 0.999995 -0.00272808 -0.0231502 0.00250854 0.00273198 0.999993 0.826416 
0.999992 0.00211019 -0.00348663 -0.0111008 -0.00212148 0.999993 -0.00323834 -0.0212395 0.00347976 0.00324571 0.999989 0.821426 
0.999991 0.000839419 -0.0040292 -0.00397491 -0.000854303 0.999993 -0.00369378 -0.0191281 0.00402609 0.00369719 0.999985 0.817406 
0.999994 0.00152461 -0.00320607 -0.00505066 -0.00153887 0.999989 -0.00445138 -0.0218402 0.00319923 0.00445628 0.999985 0.812088 
0.999981 0.00544039 -0.00302804 -0.00925446 -0.00543812 0.999985 0.000750056 -0.0193918 0.00303208 -0.000733575 0.999995 0.813179 
0.99999 0.00272269 -0.00358947 -0.00637817 -0.00271822 0.999996 0.00125343 -0.0160497 0.00359287 -0.00124366 0.999993 0.812027 
0.999988 0.00295254 -0.0039994 -0.00741577 -0.00293156 0.999982 0.00524097 -0.0188744 0.00401478 -0.00522918 0.999978 0.811211 
0.999992 0.000368838 -0.00403494 -0.00784302 -0.000341125 0.999976 0.00686792 -0.0176131 0.00403731 -0.00686649 0.999968 0.809166 
0.999987 -0.00097251 -0.00498372 -0.00589752 0.000988175 0.999995 0.00314125 -0.0200529 0.00498064 -0.00314614 0.999983 0.801414 
0.999978 -0.000488992 -0.00653658 -0.00918579 0.000491516 1 0.00038441 -0.0202987 0.00653642 -0.000387613 0.999979 0.794449 
0.999977 -0.00294019 -0.00615803 -0.00578308 0.00296138 0.99999 0.00343715 -0.0177455 0.00614789 -0.0034553 0.999975 0.796646 
0.999979 0.000200814 -0.00649758 -0.00919342 -0.000201149 1 -5.18379e-05 -0.0209882 0.00649764 5.31408e-05 0.999979 0.787529 
0.999971 0.00482767 -0.00591548 -0.0209427 -0.00483133 0.999988 -0.000604107 -0.0210793 0.00591242 0.000632669 0.999982 0.780525 
0.999981 0.00235285 -0.00562151 -0.0175858 -0.00237443 0.99999 -0.00383425 -0.0196869 0.00561243 0.00384753 0.999977 0.776718 
0.999981 -0.000482102 -0.00612608 -0.0122223 0.000462833 0.999995 -0.0031486 -0.0170503 0.00612755 0.0031457 0.999976 0.77166 
0.999984 0.00197227 -0.00535809 -0.015007 -0.00197597 0.999998 -0.000682435 -0.0165067 0.00535676 0.000693013 0.999986 0.773186 
0.999988 0.00120043 -0.0046894 -0.0220871 -0.0011837 0.999993 0.00356831 -0.0167215 0.0046937 -0.00356272 0.999983 0.770737 
0.999981 0.00030026 -0.00612912 -0.0178452 -0.000271939 0.999989 0.00462144 -0.0189316 0.0061304 -0.00461968 0.999971 0.769943 
0.999979 -0.000683869 -0.00649311 -0.0170441 0.000700321 0.999996 0.00253357 -0.0270748 0.00649138 -0.00253806 0.999976 0.763306 
0.999975 -0.00158602 -0.00694895 -0.0133591 0.00156243 0.999993 -0.00340151 -0.0218086 0.00695428 0.00339056 0.99997 0.755463 
0.999964 -0.0015754 -0.00838237 -0.0160294 0.00150774 0.999966 -0.00807214 -0.0188043 0.00839472 0.0080592 0.999932 0.751114 
0.999956 -0.00214688 -0.00916606 -0.0138016 0.00212224 0.999994 -0.00269668 -0.0182819 0.00917189 0.00267711 0.999955 0.752846 
0.99994 0.000137642 -0.0109 -0.0195923 -9.68525e-05 0.999993 0.00374244 -0.0215816 0.0109004 -0.00374116 0.999934 0.756409 
0.99993 -0.00198124 -0.0116349 -0.0180664 0.00203138 0.999989 0.00429971 -0.0146685 0.0116263 -0.00432304 0.999923 0.755623 
0.999926 0.000588222 -0.0121192 -0.0209427 -0.000491431 0.999968 0.00798868 -0.0198429 0.0121235 -0.00798214 0.999895 0.758774 
0.999934 5.25538e-05 -0.0115007 -0.0137253 1.31782e-06 0.999989 0.00468397 -0.0218797 0.0115008 -0.00468368 0.999923 0.751884 
0.999922 0.00438045 -0.0117193 -0.0157509 -0.00443534 0.999979 -0.00466251 -0.0259347 0.0116987 0.00471412 0.99992 0.739487 
0.999924 0.00119328 -0.0122652 -0.0171661 -0.00132084 0.999945 -0.0103972 -0.0213192 0.0122521 0.0104126 0.999871 0.731979 
0.999919 -0.000634714 -0.0127084 -0.00951385 0.000569548 0.999987 -0.00512951 -0.00731993 0.0127115 0.00512185 0.999906 0.737495 
0.999912 -0.00304891 -0.0128821 -0.00392914 0.0030938 0.999989 0.00346521 -0.00346589 0.0128713 -0.00350476 0.999911 0.751465 
0.999927 -0.000271118 -0.0120839 -0.0119438 0.00037011 0.999967 0.00819071 -0.0132868 0.0120812 -0.00819458 0.999893 0.756439 
0.999924 -0.000318455 -0.0123272 -0.011158 0.00038669 0.999985 0.00553288 -0.0171072 0.0123254 -0.00553721 0.999909 0.755936 
0.999906 -0.00340416 -0.0133065 -0.00773621 0.00337582 0.999992 -0.00215122 -0.0180235 0.0133136 0.00210609 0.999909 0.747253 
0.999926 -0.00046515 -0.0121836 -0.00857162 0.000401193 0.999986 -0.00525191 -0.0174222 0.0121859 0.00524663 0.999912 0.745728 
0.999954 -0.00104239 -0.00956494 -0.00889587 0.000988733 0.999984 -0.00561343 -0.0180361 0.0095706 0.00560371 0.999938 0.746635 
0.999964 -0.00234221 -0.00815722 -0.00323105 0.00228238 0.999971 -0.00733736 -0.0146909 0.00817412 0.00731848 0.99994 0.746864 
0.999969 0.000308944 -0.00791901 -0.00756073 -0.00032545 0.999998 -0.00208111 -0.0105145 0.00791842 0.00208363 0.999966 0.752655 
0.999951 0.00554824 -0.00816911 -0.0157394 -0.00555006 0.999985 -0.000201226 -0.0145838 0.00816783 0.000246554 0.999967 0.755539 
0.999964 0.00038489 -0.00846827 -0.0163879 -0.00036267 0.999996 0.00262466 -0.00233543 0.00846925 -0.00262149 0.999961 0.751884 
0.99996 -0.00213515 -0.00868705 -0.00959396 0.00218191 0.999983 0.00537705 0.00427747 0.0086754 -0.00539579 0.999948 0.760529 
0.999968 -0.00233183 -0.00760609 -0.00894547 0.00238774 0.99997 0.00735136 -0.00321817 0.00758862 -0.00736929 0.999944 0.764442 
0.999948 0.00791275 -0.00641215 -0.0235176 -0.00786097 0.999937 0.00805971 -0.0143077 0.00647554 -0.00800889 0.999947 0.76503 
0.999939 0.00933768 -0.00586924 -0.0311813 -0.00934529 0.999956 -0.0012687 -0.011826 0.00585702 0.00132348 0.999982 0.758011 
0.999981 -5.86788e-05 -0.0061191 -0.0174255 3.07639e-06 0.999959 -0.00908909 -0.00996256 0.00611949 0.0090889 0.99994 0.752533 
0.999971 -0.00535868 -0.00549155 -0.00554276 0.00531543 0.999955 -0.00785994 -0.00438166 0.00553346 0.00783052 0.999954 0.75528 
0.999991 0.000779586 -0.0042612 -0.0099678 -0.000787019 0.999998 -0.00174489 -0.00603747 0.00425977 0.00174823 0.999989 0.763168 
0.999977 0.00485616 -0.00473699 -0.017437 -0.00483009 0.999973 0.00550045 -0.00733566 0.00476357 -0.00547744 0.999974 0.774132 
0.999982 0.00111378 -0.00580984 -0.00951385 -0.00108766 0.999989 0.00449753 -0.0151 0.00581473 -0.00449113 0.999973 0.774185 
0.999977 -0.00320596 -0.00591919 -0.00562668 0.00320169 0.999995 -0.000730453 -0.016788 0.00592148 0.000711478 0.999982 0.7724 
0.999987 0.000744092 -0.00495848 -0.0109024 -0.000777661 0.999977 -0.00677304 -0.0170157 0.00495329 0.00677681 0.999965 0.764275 
0.999987 0.000169461 -0.00513166 -0.0119934 -0.000208335 0.999971 -0.00757722 -0.00909352 0.0051302 0.00757819 0.999958 0.765335 
0.999985 0.00142359 -0.00531054 -0.0138741 -0.00143456 0.999997 -0.00206066 -0.00883877 0.00530767 0.00206825 0.999984 0.768158 
0.999988 0.00184947 -0.00444031 -0.0144501 -0.00182808 0.999987 0.00481438 -0.0098722 0.00444904 -0.00480621 0.999979 0.776306 
0.999989 0.000560386 -0.00467947 -0.0129242 -0.00055109 0.999998 0.0019888 -0.0137699 0.0046806 -0.00198621 0.999987 0.772095 
0.999987 0.000741261 -0.00512716 -0.00789642 -0.000737519 0.999999 0.000732468 -0.0134552 0.0051277 -0.000728674 0.999987 0.768356 
0.999987 -0.00126492 -0.00502297 -0.00947952 0.00126286 0.999999 -0.000414314 -0.0139868 0.00502345 0.00040796 0.999987 0.764572 
0.999987 -0.00188652 -0.00469497 -0.00780487 0.00188111 0.999998 -0.0011532 -0.0135078 0.00469714 0.00114436 0.999988 0.761765 
0.999989 -0.000594009 -0.00473237 -0.010807 0.000597498 1 0.000735515 -0.0120432 0.00473186 -0.000738336 0.999989 0.760269 
0.999989 0.000980041 -0.00465795 -0.0152702 -0.000979945 1 2.21776e-05 -0.0129604 0.00465807 -1.76067e-05 0.999989 0.75914 
0.999988 0.000927167 -0.00486374 -0.0132637 -0.000923728 0.999999 0.000708621 -0.0122454 0.00486434 -0.000704117 0.999988 0.753891 
0.999987 -0.00115953 -0.00506663 -0.0118256 0.00113742 0.99999 -0.00436569 -0.0165348 0.0050717 0.00435988 0.999978 0.743958 
0.999988 -0.00114196 -0.0048182 -0.0129471 0.00112043 0.99999 -0.00446907 -0.014318 0.00482333 0.00446362 0.999978 0.740143 
0.99999 -0.000382716 -0.00439259 -0.0115643 0.000368329 0.999994 -0.00327603 -0.00913298 0.00439385 0.00327438 0.999985 0.734543 
0.999992 -1.73254e-05 -0.00404572 -0.0144882 3.04384e-05 0.999995 0.00323865 -0.00414467 0.00404552 -0.00323875 0.999987 0.742218 
0.999993 -6.09816e-05 -0.00372261 -0.0119514 9.34238e-05 0.999962 0.00871842 -0.0080806 0.00372204 -0.0087187 0.999955 0.736725 
0.999991 -0.00268201 -0.00324205 -0.00821877 0.00271287 0.999951 0.00954996 -0.0135319 0.00321624 -0.00955867 0.999949 0.729279 
0.999989 -0.00328176 -0.00326842 -0.00503731 0.00329938 0.99998 0.00540082 -0.0167112 0.0032506 -0.00541154 0.99998 0.711578 
0.999987 -0.00372767 -0.00337607 -0.00320435 0.00372593 0.999993 -0.000518326 -0.0155258 0.00337809 0.000505736 0.999994 0.695358 
0.999994 -3.61643e-05 -0.00350389 -0.00780869 2.28125e-05 0.999993 -0.00381234 -0.0170193 0.00350398 0.00381224 0.999987 0.675323 
0.999995 -0.000459509 -0.00321862 -0.00918198 0.000450494 0.999996 -0.00279984 -0.0137801 0.0032199 0.00279837 0.999991 0.660904 
0.999995 -0.000962777 -0.00301245 -0.00952339 0.000959364 0.999999 -0.00113384 -0.0103917 0.00301355 0.00113095 0.999995 0.646744 
0.999995 -0.0019332 -0.0026089 -0.00315094 0.00193101 0.999998 -0.000841108 -0.010735 0.00261039 0.000836061 0.999996 0.626892 
0.999997 -2.0963e-05 -0.00253147 -0.00461769 2.41723e-05 0.999999 0.00126895 -0.0129189 0.00253138 -0.00126901 0.999996 0.609772 
0.999997 -0.000847183 -0.0023706 -0.00520515 0.000851301 0.999998 0.00173586 -0.0128834 0.00236911 -0.00173787 0.999996 0.588989 
0.999995 -0.00180277 -0.00262481 -0.00192833 0.00180394 0.999998 0.000439953 -0.0105331 0.00262398 -0.000444695 0.999996 0.562714 
0.999994 -0.0023919 -0.00262043 -0.000902176 0.00239205 0.999997 5.63031e-05 -0.0112562 0.00262031 -6.25649e-05 0.999997 0.5392 
0.999997 -0.00069316 -0.0021697 -0.00378418 0.000691456 0.999999 -0.000789323 -0.0109615 0.00217026 0.000787822 0.999997 0.514252 
0.999995 0.00233078 -0.00221273 -0.0100174 -0.00233758 0.999992 -0.00307728 -0.0167494 0.00220558 0.00308242 0.999993 0.493362 
0.999996 -8.16798e-05 -0.00284183 -0.0077877 6.94281e-05 0.999991 -0.00430542 -0.0146508 0.00284201 0.0043052 0.999987 0.470901 
0.999987 -0.00292498 -0.00418383 -0.00553322 0.00291565 0.999993 -0.00223676 -0.00715375 0.0041905 0.00222453 0.999989 0.451553 
0.999975 -0.00497996 -0.00491211 -0.0055275 0.00498124 0.999987 0.000248057 -0.00341439 0.00491074 -0.000272517 0.999988 0.436569 
0.999981 -9.42333e-05 -0.00611696 -0.0130501 0.00010151 0.999999 0.00118841 -0.0056746 0.00611687 -0.00118901 0.999981 0.415588 
0.999973 0.0032071 -0.00657812 -0.0196037 -0.00319311 0.999993 0.00213633 -0.00781226 0.00658476 -0.00211526 0.999976 0.397964 
0.99997 0.00438786 -0.00638765 -0.0209904 -0.00436299 0.999983 0.00390176 -0.00936604 0.00640473 -0.00387378 0.999972 0.37944 
0.999975 0.00228711 -0.00669956 -0.0181866 -0.0022398 0.999973 0.00706008 -0.007833 0.00671563 -0.00704489 0.999953 0.362045 
0.999967 -0.000358717 -0.00805539 -0.0131207 0.000393332 0.999991 0.0042968 -0.00882435 0.00805387 -0.00429984 0.999958 0.339478 
0.99995 -0.00374611 -0.00933066 -0.00955391 0.00375702 0.999992 0.00115151 -0.00863266 0.00932622 -0.00118651 0.999956 0.316956 
0.999927 -0.00346724 -0.0115676 -0.010067 0.0034752 0.999994 0.00066841 -0.00957012 0.0115651 -0.000708564 0.999933 0.301727 
0.999895 -0.00248052 -0.0142393 -0.0147247 0.00249694 0.999996 0.00113514 -0.00911331 0.0142365 -0.00117056 0.999898 0.284271 
0.999864 0.000109925 -0.0164761 -0.0224915 -9.39127e-05 1 0.000972547 -0.010078 0.0164761 -0.00097087 0.999864 0.269257 
0.999819 0.00244007 -0.0188855 -0.0290909 -0.00244438 0.999997 -0.000204558 -0.00950336 0.018885 0.000250675 0.999822 0.252106 
0.999769 0.000609216 -0.0214692 -0.0263195 -0.00065038 0.999998 -0.00191066 -0.0131187 0.021468 0.0019242 0.999768 0.241241 
0.999752 0.00131975 -0.0222552 -0.0279849 -0.00143745 0.999985 -0.00527326 -0.010942 0.022248 0.00530392 0.999738 0.226181 
0.999756 -2.47606e-05 -0.0220816 -0.0267138 -9.33418e-05 0.999986 -0.00534726 -0.00668573 0.0220816 0.00534803 0.999742 0.213074 
0.999753 0.00393963 -0.0218826 -0.0332289 -0.00403857 0.999982 -0.00447856 -0.00304723 0.0218644 0.00456583 0.99975 0.211441 
0.999736 0.00753362 -0.0217195 -0.0415144 -0.00758466 0.999969 -0.00226847 -0.000956774 0.0217016 0.0024326 0.999762 0.213074 
0.999723 0.00394978 -0.0232146 -0.0356112 -0.0039568 0.999992 -0.000256291 -0.00275826 0.0232134 0.000348088 0.999731 0.210434 
0.999685 -0.00293202 -0.0249205 -0.028511 0.00295348 0.999995 0.000824144 0.00143075 0.024918 -0.000897497 0.999689 0.217804 
