1 -1.19762e-11 -1.70464e-10 -5.55112e-17 -1.19762e-11 1 -3.5625e-10 7.97683e-26 -1.70464e-10 -3.5625e-10 1 -2.22045e-16 
0.99998 -0.000500516 0.00638051 0.00401153 0.000502512 1 -0.000311288 0.00203233 -0.00638036 0.000314487 0.99998 -0.0915696 
0.999975 -0.000560467 0.00702582 0.00414867 0.000559714 1 0.00010933 0.00238261 -0.00702588 -0.000105394 0.999975 -0.0942582 
0.999972 -0.000338375 0.00752345 0.00547205 0.000333669 1 0.000626563 0.00246811 -0.00752366 -0.000624035 0.999971 -0.0978669 
0.999958 -0.000680935 0.00915289 0.00797002 0.000668104 0.999999 0.00140483 -0.000302749 -0.00915385 -0.00139865 0.999957 -0.104129 
0.999936 -0.000278922 0.0113177 0.00938031 0.000258868 0.999998 0.00177342 0.000194443 -0.0113182 -0.00177038 0.999934 -0.114317 
0.999909 3.23386e-05 0.0135224 0.0102747 -4.5337e-05 1 0.000960888 0.000217534 -0.0135224 -0.000961414 0.999908 -0.127555 
0.99987 -7.90827e-05 0.0161048 0.0128321 7.87472e-05 1 2.15638e-05 0.000338532 -0.0161048 -2.02917e-05 0.99987 -0.140271 
0.999825 0.00122996 0.0186524 0.0125494 -0.00123117 0.999999 5.31697e-05 0.000673424 -0.0186523 -7.61249e-05 0.999826 -0.153989 
0.999798 0.00134639 0.0200549 0.0144642 -0.00134784 0.999999 5.90128e-05 0.000864039 -0.0200548 -8.60323e-05 0.999799 -0.165317 
0.999752 6.6983e-05 0.0222692 0.0174149 -7.17549e-05 1 0.000213502 0.00327566 -0.0222691 -0.000215047 0.999752 -0.173283 
0.999696 -0.00361083 0.0243749 0.0231701 0.00358038 0.999993 0.00129276 0.00562892 -0.0243795 -0.00120509 0.999702 -0.180112 
0.999657 -0.00475737 0.0257494 0.0274859 0.00470965 0.999987 0.00191359 0.00732919 -0.0257581 -0.00179166 0.999667 -0.186635 
0.99962 -0.00377885 0.027312 0.0282446 0.00375432 0.999993 0.00094936 0.00692832 -0.0273155 -0.000846461 0.999626 -0.194708 
0.999544 -0.000968627 0.030164 0.0275544 0.000947976 0.999999 0.000698658 0.00245979 -0.0301646 -0.000669742 0.999545 -0.202966 
0.999492 -0.00186855 0.0318049 0.0307374 0.00187495 0.999998 -0.000171228 0.00145473 -0.0318046 0.000230771 0.999494 -0.209732 
0.999445 -0.00222637 0.0332295 0.0343482 0.00224761 0.999997 -0.000601292 0.00249651 -0.033228 0.000675645 0.999448 -0.216004 
0.999367 -0.00190151 0.0355256 0.0329957 0.00191914 0.999998 -0.000462474 0.00187377 -0.0355245 0.000530356 0.999369 -0.220623 
0.999361 -0.00293559 0.0356365 0.0359029 0.00292355 0.999996 0.000390119 0.00232922 -0.0356376 -0.000285683 0.999365 -0.221246 
0.999342 -0.00345405 0.0361023 0.0416121 0.0034489 0.999994 0.000204919 -0.00277813 -0.0361029 -8.02726e-05 0.999348 -0.227801 
0.999262 -0.00105074 0.0383894 0.0381241 0.00103974 0.999999 0.000306559 -0.00394032 -0.0383896 -0.000266413 0.999263 -0.231251 
0.999166 0.00333799 0.0407041 0.0327145 -0.00341105 0.999993 0.00172539 -0.00396 -0.0406981 -0.0018628 0.99917 -0.23404 
0.999052 0.00495276 0.0432552 0.0321347 -0.00501063 0.999987 0.00122967 -0.00093409 -0.0432484 -0.00144524 0.999063 -0.239689 
0.998911 -0.000276714 0.0466487 0.043125 0.000370461 0.999998 -0.00200106 0.00308452 -0.0466481 0.00201617 0.998909 -0.247564 
0.998716 -0.00581862 0.0503258 0.0560411 0.0059952 0.999976 -0.0033584 0.00643082 -0.0503052 0.0036558 0.998727 -0.257137 
0.998615 -0.00347644 0.0524929 0.0543232 0.00350973 0.999994 -0.000541967 0.00548119 -0.0524906 0.000725453 0.998621 -0.262096 
0.998506 -0.000895367 0.054635 0.0494397 0.000855198 0.999999 0.000758515 0.00541509 -0.0546359 -0.000710662 0.998506 -0.270086 
0.998377 0.0053117 0.0566959 0.0405054 -0.0053279 0.999986 0.000134697 0.00275233 -0.0566943 -0.000436547 0.998392 -0.279142 
0.998314 0.00449 0.0578718 0.0435144 -0.00451838 0.99999 0.000359461 0.00301649 -0.0578695 -0.000620344 0.998324 -0.290685 
0.998347 0.00206193 0.0574391 0.0470624 -0.00198685 0.999997 -0.00136414 0.00404946 -0.0574417 0.00124776 0.998348 -0.300149 
0.998253 0.00133355 0.0590597 0.0492034 -0.00120694 0.999997 -0.00217951 0.0036951 -0.0590624 0.00210442 0.998252 -0.313517 
0.998178 0.000810503 0.060337 0.0495684 -0.000736795 0.999999 -0.00124387 0.00326328 -0.0603379 0.00119715 0.998177 -0.322883 
0.99819 -0.000285386 0.0601387 0.0508256 0.000396182 0.999998 -0.0018305 0.00319324 -0.0601381 0.00185101 0.998188 -0.333402 
0.998192 -6.33418e-05 0.0601005 0.0510931 0.000203481 0.999997 -0.00232553 0.00198007 -0.0601002 0.00233356 0.99819 -0.349854 
0.998212 -0.00104463 0.0597633 0.0509405 0.00114851 0.999998 -0.001704 0.00386083 -0.0597613 0.0017696 0.998211 -0.362586 
0.9983 0.000991796 0.058267 0.0466707 -0.000780383 0.999993 -0.00365096 0.00747611 -0.0582702 0.00359929 0.998294 -0.380036 
0.998429 0.00247461 0.0559813 0.0380008 -0.00230446 0.999992 -0.00310361 0.0102106 -0.0559885 0.00296973 0.998427 -0.390666 
0.998623 0.00135145 0.0524507 0.0375385 -0.00131736 0.999999 -0.000684468 0.00933433 -0.0524516 0.000614432 0.998623 -0.402252 
0.998827 -0.00337552 0.0483075 0.0416875 0.0033973 0.999994 -0.000368693 0.00718024 -0.0483059 0.000532375 0.998832 -0.419118 
0.999057 -0.00360363 0.0432645 0.0383029 0.00359729 0.999993 0.000224554 0.00452463 -0.0432651 -6.87098e-05 0.999064 -0.435366 
0.999261 -0.00252885 0.0383402 0.0324454 0.00246667 0.999996 0.00166904 0.00271273 -0.0383443 -0.00157322 0.999263 -0.449092 
0.999395 -0.000258514 0.0347769 0.0268674 0.000167439 0.999997 0.00262173 0.00390945 -0.0347775 -0.00261433 0.999392 -0.463841 
0.999495 -0.00014538 0.0317779 0.020155 6.10189e-05 0.999996 0.00265567 0.00631618 -0.0317781 -0.00265239 0.999491 -0.477046 
0.999637 -0.00134397 0.0269014 0.0210171 0.00129738 0.999998 0.00174927 0.00526115 -0.0269037 -0.00171374 0.999637 -0.495069 
0.999773 -0.00104209 0.0212651 0.0170393 0.000992334 0.999997 0.00235013 0.00219519 -0.0212675 -0.00232849 0.999771 -0.51001 
0.999865 -4.2391e-05 0.0164468 0.0113206 1.95075e-05 0.999999 0.00139144 -7.42897e-05 -0.0164468 -0.00139093 0.999864 -0.529461 
0.999911 0.00083412 0.0133331 0.00877571 -0.000829133 1 -0.000379734 0.00348433 -0.0133335 0.000368644 0.999911 -0.545181 
0.999951 -0.00126719 0.00985447 0.00763321 0.00128471 0.999998 -0.00177148 0.00921284 -0.0098522 0.00178406 0.99995 -0.559113 
0.999974 -0.0023398 0.00678173 0.00865507 0.00235197 0.999996 -0.0017875 0.0118856 -0.00677752 0.00180341 0.999975 -0.576992 
0.99999 -0.000148736 0.00457385 0.00250196 0.000152751 1 -0.000876634 0.00692622 -0.00457375 0.000877315 0.999989 -0.590014 
0.999996 0.00242274 0.00176296 -0.00180054 -0.00242278 0.999997 2.12165e-05 0.00388882 -0.0017629 -2.54849e-05 0.999998 -0.607899 
0.999997 0.00221636 -0.000617199 -0.00102997 -0.00221745 0.999996 -0.00176702 0.00665447 0.000613339 0.00176838 0.999998 -0.623412 
0.999999 -0.000633839 -0.00149649 0.00137043 0.000629528 0.999996 -0.00287918 0.0135587 0.00149827 0.00287823 0.999995 -0.639201 
0.999995 -0.0023859 -0.00193795 0.00334644 0.00238468 0.999997 -0.000628487 0.0130193 0.00193948 0.000623874 0.999998 -0.654992 
0.999997 -0.00168183 -0.00170289 0.00486374 0.00168642 0.999995 0.00269127 0.00809346 0.00169836 -0.00269413 0.999995 -0.665483 
0.999999 -0.00035256 -0.00124744 0.00144672 0.000352794 1 0.000190331 0.00479618 0.00124737 -0.000190774 0.999999 -0.683794 
0.999999 0.000523222 -0.00154082 0.000242233 -0.000526709 0.999997 -0.00226172 0.0051778 0.00153963 0.00226253 0.999996 -0.700632 
0.999998 -0.000856427 -0.00187505 0.0019536 0.00084979 0.999993 -0.00353855 0.010601 0.00187807 0.00353695 0.999992 -0.717168 
0.999998 -0.00104912 -0.0018574 0.00134993 0.00104302 0.999994 -0.00328565 0.0147519 0.00186083 0.0032837 0.999993 -0.73159 
0.999998 -0.00112758 -0.00185449 0.00102901 0.00112955 0.999999 0.00106126 0.00916293 0.00185327 -0.00106334 0.999998 -0.741846 
0.999996 -0.00219053 -0.00194984 0.00225496 0.00219582 0.999994 0.00271825 0.00506538 0.00194388 -0.00272252 0.999994 -0.75581 
0.999998 -0.00130075 -0.00161901 0.00204611 0.00130204 0.999999 0.000797946 0.00635162 0.00161797 -0.000800052 0.999998 -0.767296 
0.999995 0.00269291 -0.00160611 -0.00509548 -0.00269632 0.999994 -0.00212336 0.00832224 0.0016004 0.00212768 0.999997 -0.787346 
0.999996 0.00242278 -0.00111655 -0.00425482 -0.002425 0.999995 -0.00198921 0.0125103 0.00111173 0.00199191 0.999997 -0.793869 
0.999999 0.00081699 -0.00133348 -0.00132895 -0.000820016 0.999997 -0.0022709 0.0141529 0.00133162 0.002272 0.999997 -0.802368 
1 -4.40925e-05 -0.000711888 -0.000122547 4.70411e-05 0.999991 0.00413758 0.0136557 0.000711702 -0.00413762 0.999991 -0.802626 
0.999999 0.00133639 -0.0004602 -0.00307703 -0.00133287 0.999971 0.00755879 0.010507 0.000470296 -0.00755817 0.999971 -0.80776 
0.999994 0.00347736 3.70145e-05 -0.00636148 -0.00347751 0.999982 0.00496775 0.00437239 -1.97515e-05 -0.00496786 0.999988 -0.82226 
0.999999 0.00153435 0.000527956 -0.00451851 -0.00153467 0.999999 0.000613995 0.00689833 -0.000527017 -0.0006148 1 -0.831829 
0.999999 -0.00100055 -0.000211552 0.00132036 0.000998684 0.999962 -0.00866595 0.0165541 0.000220232 0.00866572 0.999963 -0.845284 
0.999999 -0.00116229 0.000304013 0.00261307 0.00116437 0.999975 -0.00694386 0.0191149 -0.000295945 0.00694422 0.999976 -0.849104 
0.999998 -0.00196489 0.000260033 0.00606108 0.00196642 0.99998 -0.00600716 0.0205735 -0.000248238 0.00600766 0.999982 -0.848566 
0.999998 -0.0018073 0.000311323 0.00722504 0.00180759 0.999998 -0.000928347 0.0222111 -0.000309654 0.000928922 0.999999 -0.848059 
1 -0.00032158 0.000391521 0.00512457 0.000320279 0.999994 0.00331118 0.0181105 -0.000392564 -0.00331106 0.999995 -0.842855 
1 0.000163051 0.000457861 0.00295639 -0.000164562 0.999995 0.00330811 0.0131353 -0.000457324 -0.00330818 0.999995 -0.840281 
0.999999 -0.00154305 -7.13244e-05 0.00425339 0.00154295 0.999998 -0.00129865 0.0143633 7.33286e-05 0.00129854 0.999999 -0.844967 
1 -0.00108149 -0.000234939 0.00375175 0.00108082 0.999996 -0.00282745 0.0209953 0.000237986 0.00282719 0.999996 -0.841616 
1 -0.00088549 -1.80677e-05 0.00559378 0.000885513 0.999999 0.00105518 0.0196542 1.71587e-05 -0.00105519 1 -0.844015 
1 -0.000719547 -0.000436462 0.003932 0.000721769 0.999987 0.00512037 0.0143203 0.000432745 -0.00512069 0.999987 -0.834267 
0.999999 -0.00121076 -0.000405431 0.0025444 0.00121259 0.999989 0.00452765 0.0126683 0.00039994 -0.00452813 0.99999 -0.836811 
1 -1.41207e-05 -0.000439487 0.00149345 1.3886e-05 1 -0.000525828 0.0162852 0.000439525 0.000525814 1 -0.839169 
0.999999 0.000966446 -0.000739098 -0.000221729 -0.000968488 0.999996 -0.00277263 0.0220335 0.000736393 0.00277335 0.999996 -0.839527 
1 0.000536053 -0.000448026 0.000553608 -0.000538068 0.99999 -0.0044889 0.0210419 0.000445619 0.00448913 0.99999 -0.842888 
1 0.000826545 -0.000602826 0.00109434 -0.000829821 0.999985 -0.00545377 0.0214139 0.000598319 0.00545428 0.999985 -0.843662 
1 -0.000110023 0.000152692 0.00154257 0.000110622 0.999992 -0.0039516 0.0238112 -0.000152245 0.00395162 0.999992 -0.83704 
1 0.000332311 -0.000262558 0.000413895 -0.000332156 1 0.000620171 0.0217944 0.000262745 -0.000620082 1 -0.835083 
1 0.000124598 -0.000171907 0.00163984 -0.000123981 0.999994 0.00353323 0.0160003 0.000172354 -0.00353322 0.999994 -0.832905 
1 -0.000711432 -0.000413612 0.00337791 0.000713338 0.999989 0.00462594 0.0163364 0.000410303 -0.00462622 0.999989 -0.829548 
0.999992 -0.00394436 -0.000505432 0.00812483 0.00394559 0.999989 0.00245493 0.015231 0.000495754 -0.0024569 0.999997 -0.830013 
0.999995 -0.00330415 0.000380911 0.00759602 0.00330341 0.999993 0.00192742 0.0133136 -0.000387289 -0.00192615 0.999998 -0.829464 
0.999999 0.00126961 0.000687644 0.000810146 -0.00127073 0.999998 0.0016345 0.0172185 -0.000685595 -0.00163537 0.999999 -0.826344 
0.999992 0.00370458 0.00135797 -0.00397301 -0.00370955 0.999986 0.00367484 0.0142187 -0.00134432 -0.00367986 0.999992 -0.82597 
0.999991 0.00418343 0.000815503 -0.00296497 -0.00418544 0.999988 0.00248117 0.0110945 -0.00080511 -0.00248455 0.999996 -0.824902 
0.999998 0.000857757 0.00165828 -0.000263214 -0.000852463 0.999995 -0.0031938 0.0160236 -0.00166102 0.00319239 0.999994 -0.824886 
0.999997 0.00179652 0.00181863 -0.00114059 -0.00178449 0.999977 -0.00659912 0.0218292 -0.00183043 0.00659585 0.999977 -0.826756 
0.999996 0.0020259 0.0018464 -0.00240278 -0.00201873 0.99999 -0.00387992 0.0233852 -0.00185424 0.00387618 0.999991 -0.818512 
0.999998 0.000904886 0.00176905 -0.00172424 -0.000907067 0.999999 0.00123183 0.0213965 -0.00176792 -0.00123344 0.999998 -0.812653 
0.999992 -0.00392063 0.000883713 0.00749111 0.00391802 0.999988 0.00293248 0.0201778 -0.000895217 -0.00292899 0.999995 -0.806107 
0.99999 -0.00418992 0.00114296 0.008708 0.00418556 0.999984 0.00379599 0.0161238 -0.00115883 -0.00379118 0.999992 -0.800999 
0.99999 -0.00437895 0.00100606 0.010663 0.00437764 0.99999 0.00130295 0.0130749 -0.00101177 -0.00129852 0.999999 -0.800556 
0.999997 -0.00228621 0.000919439 0.00751066 0.00228762 0.999996 -0.00152755 0.0185347 -0.00091593 0.00152964 0.999999 -0.798031 
0.999999 0.000430897 0.00096871 0.00225592 -0.000429366 0.999999 -0.00158103 0.0191435 -0.000969395 0.00158061 0.999998 -0.796688 
0.999998 -0.0018278 0.000870489 0.00457859 0.00182754 0.999998 0.000293968 0.0183685 -0.00087101 -0.000292377 1 -0.789894 
0.999999 -0.00109337 0.00055068 0.00360823 0.00109332 0.999999 7.16397e-05 0.0208027 -0.000550754 -7.10329e-05 1 -0.785725 
0.999999 0.00143242 0.000582896 -0.000638485 -0.00143155 0.999998 -0.00147858 0.0186497 -0.00058502 0.00147775 0.999999 -0.782417 
0.999999 0.00120987 0.000352874 -0.000874519 -0.00120898 0.999996 -0.00249737 0.0215492 -0.000355877 0.00249694 0.999997 -0.778328 
1 -0.000568993 -1.88798e-05 0.0035677 0.000568904 0.99999 -0.00450586 0.022248 2.14204e-05 0.00450585 0.99999 -0.776375 
1 3.84059e-05 0.000477828 0.00206614 -3.72212e-05 0.999997 -0.00248809 0.0224105 -0.000477917 0.00248806 0.999997 -0.767433 
1 0.000406388 0.000742324 -0.000292301 -0.00040653 1 0.000191834 0.0205638 -0.000742242 -0.000192116 1 -0.75922 
1 0.000648119 0.000473849 -0.000256062 -0.000648992 0.999998 0.00185323 0.0209296 -0.000472635 -0.00185355 0.999998 -0.750576 
1 0.000238532 9.25586e-05 0.00202227 -0.000238866 0.999994 0.00357089 0.0201792 -9.17166e-05 -0.00357092 0.999994 -0.736332 
1 -0.000218218 -4.58062e-05 0.00224876 0.000218339 0.999997 0.00264127 0.0188682 4.52325e-05 -0.00264128 0.999997 -0.729721 
0.999999 -0.000485713 -0.00126804 0.00163364 0.000488834 0.999997 0.00246781 0.0182573 0.00126683 -0.00246841 0.999996 -0.712193 
0.999995 -0.00200045 -0.00236806 0.0023489 0.0020019 0.999998 0.00060862 0.0191749 0.00236682 -0.00061337 0.999997 -0.697945 
0.999992 -0.000863997 -0.0038598 0.000229359 0.00085937 0.999999 -0.00119871 0.0208297 0.00386083 0.00119538 0.999992 -0.682411 
0.999982 0.00108186 -0.00585595 -0.00363159 -0.0010881 0.999999 -0.00106257 0.0202788 0.00585478 0.00106892 0.999982 -0.667091 
0.999974 0.00107352 -0.00708702 -0.00401258 -0.00108532 0.999998 -0.00166196 0.0212137 0.00708525 0.00166961 0.999973 -0.651268 
0.999962 -0.000687923 -0.00866426 -0.00177193 0.000675237 0.999999 -0.00146691 0.021135 0.00866524 0.00146101 0.999961 -0.636078 
0.999926 -0.00178751 -0.0120326 -0.00109315 0.00176543 0.999997 -0.00184463 0.0200369 0.0120359 0.00182324 0.999926 -0.620087 
0.999891 -0.00247549 -0.0145705 -0.00230622 0.00245013 0.999995 -0.00175887 0.0179555 0.0145747 0.00172298 0.999892 -0.601685 
0.999829 -0.00091227 -0.0184761 -0.00675786 0.000886777 0.999999 -0.00138817 0.0172158 0.0184774 0.00137154 0.999828 -0.584084 
0.999762 -0.000272384 -0.0218134 -0.0102487 0.000254871 1 -0.000805511 0.0175236 0.0218136 0.000799767 0.999762 -0.561142 
0.999677 0.00129717 -0.0253724 -0.0170116 -0.0013165 0.999999 -0.000745285 0.0179398 0.0253714 0.000778438 0.999678 -0.53997 
0.999584 0.00286296 -0.028688 -0.0246284 -0.0028483 0.999996 0.000552219 0.0168663 0.0286895 -0.00047028 0.999588 -0.515511 
0.999429 0.0024544 -0.0337017 -0.0285978 -0.00246312 0.999997 -0.00021741 0.0175226 0.0337011 0.000300302 0.999432 -0.495583 
0.999293 0.00220836 -0.0375332 -0.0296717 -0.00222111 0.999997 -0.000298063 0.0157993 0.0375325 0.000381227 0.999295 -0.479027 
0.999174 0.00181531 -0.040592 -0.0314198 -0.00181283 0.999999 9.79437e-05 0.0160921 0.040592 -2.42817e-05 0.999176 -0.460678 
0.99896 0.00274748 -0.0455194 -0.0355062 -0.00281379 0.999995 -0.00139267 0.0155206 0.0455154 0.0015193 0.998963 -0.461937 
0.998793 0.00451097 -0.0489163 -0.0406113 -0.00451338 0.99999 6.10722e-05 0.0163438 0.0489161 0.000159783 0.998803 -0.446968 
0.998631 0.00953065 -0.0514209 -0.0507698 -0.00941667 0.999953 0.0024584 0.015937 0.0514419 -0.00197082 0.998674 -0.447853 
0.998534 0.00755892 -0.0535989 -0.0537434 -0.00739937 0.999968 0.00317448 0.0116564 0.0536212 -0.00277324 0.998557 -0.434402 
0.998411 0.00740949 -0.0558554 -0.0517788 -0.00726315 0.99997 0.00282248 0.00641263 0.0558745 -0.00241232 0.998435 -0.442467 
0.998398 0.00178282 -0.0565486 -0.0469322 -0.00176639 0.999998 0.000340509 0.00445771 0.0565492 -0.000240058 0.9984 -0.432625 
0.998501 0.00278762 -0.054657 -0.0432053 -0.00278882 0.999996 5.43147e-05 0.00730354 0.0546571 9.81824e-05 0.998505 -0.43903 
0.99856 0.00871267 -0.0529306 -0.0503922 -0.00875729 0.999961 -0.00061093 0.00958663 0.0529231 0.00107358 0.998598 -0.437023 
0.998508 0.0130867 -0.0530068 -0.0641899 -0.0131359 0.999914 -0.000579802 0.0112714 0.0529945 0.00127523 0.998594 -0.425041 
0.99854 0.00384679 -0.053878 -0.0461655 -0.00364008 0.999986 0.00393413 0.0128153 0.0538925 -0.00373226 0.99854 -0.424969 
0.998493 -0.00167422 -0.0548513 -0.0410423 0.00208142 0.999971 0.0073674 0.00984049 0.0548372 -0.00747047 0.998467 -0.414989 
0.998389 -0.00178514 -0.0567115 -0.0342369 0.00248666 0.999921 0.0123018 0.000646949 0.0566851 -0.012423 0.998315 -0.430374 
0.998271 -0.00362158 -0.0586668 -0.0393257 0.00420105 0.999944 0.00975713 -0.00205839 0.0586281 -0.00998673 0.99823 -0.436291 
0.998229 -0.00124688 -0.0594758 -0.0340309 0.00145486 0.999993 0.00345373 9.77516e-06 0.0594711 -0.00353414 0.998224 -0.462772 
0.998252 0.000653394 -0.0591067 -0.0364647 -0.000495854 0.999996 0.00267997 -0.00120354 0.0591083 -0.00264598 0.998248 -0.478512 
0.998292 -0.00273393 -0.0583546 -0.0375786 0.00292185 0.999991 0.00313534 0.000108838 0.0583455 -0.00330049 0.998291 -0.485184 
0.998489 -0.00135764 -0.054932 -0.0272751 0.0012675 0.999998 -0.00167582 0.00577557 0.0549343 0.00160366 0.998489 -0.511837 
0.998743 -0.00571499 -0.049796 -0.0262451 0.00566523 0.999983 -0.00114034 0.00421178 0.0498015 0.000856807 0.998759 -0.52314 
0.998945 -0.0053601 -0.0456082 -0.0148392 0.00543822 0.999984 0.0015889 -0.00141174 0.0455989 -0.00183525 0.998958 -0.541122 
0.999212 -0.00429047 -0.0394584 -0.0145645 0.00424413 0.99999 -0.00125807 0.00211874 0.0394633 0.00108961 0.99922 -0.561455 
0.99947 -0.000708453 -0.0325483 -0.0167007 0.000620188 0.999996 -0.00272185 0.00793681 0.0325502 0.00270023 0.999466 -0.576389 
0.999668 0.00168142 -0.0257084 -0.0141449 -0.00172254 0.999997 -0.00157735 0.00824383 0.0257057 0.00162111 0.999668 -0.594769 
0.99975 0.000796056 -0.0223516 -0.0129242 -0.000845306 0.999997 -0.00219407 0.00552723 0.0223498 0.00221242 0.999748 -0.610645 
0.999816 -0.00201015 -0.0190926 -0.00705719 0.00195126 0.999993 -0.00310232 0.00966986 0.0190987 0.00306449 0.999813 -0.628597 
0.999864 -0.00378866 -0.0160161 -0.00216675 0.00377201 0.999992 -0.00107005 0.00991377 0.0160201 0.0010095 0.999871 -0.641562 
0.999892 -0.00418449 -0.014081 -0.00246429 0.00415192 0.999989 -0.002341 0.0113021 0.0140906 0.00228229 0.999898 -0.657145 
0.999906 0.00172305 -0.0135681 -0.0112686 -0.00172148 0.999998 0.000127006 0.00776961 0.0135683 -0.000103639 0.999908 -0.670647 
0.999902 0.000113878 -0.0140212 -0.0118484 -0.00011317 1 5.13599e-05 0.00652966 0.0140212 -4.97672e-05 0.999902 -0.685909 
0.999889 -0.00021325 -0.0148982 -0.00911713 0.000202697 1 -0.000709849 0.00645262 0.0148984 0.00070675 0.999889 -0.701172 
0.999893 -0.00113043 -0.0146262 -0.00984955 0.0011204 0.999999 -0.000693351 0.00946778 0.014627 0.000676891 0.999893 -0.716846 
0.999915 -0.000331529 -0.0130517 -0.00856781 0.000360901 0.999998 0.00224817 0.0126453 0.0130509 -0.00225269 0.999912 -0.724449 
0.999932 -0.00187824 -0.0115282 -0.00789642 0.00192629 0.99999 0.00415827 0.00991762 0.0115203 -0.00418019 0.999925 -0.738192 
0.999949 0.00192625 -0.00993418 -0.00959778 -0.00185808 0.999975 0.00686629 0.00220174 0.00994714 -0.00684748 0.999927 -0.746683 
0.999965 0.000442926 -0.00833746 -0.00891876 -0.00043358 0.999999 0.00112327 0.00107822 0.00833794 -0.00111962 0.999965 -0.76281 
0.999976 -0.0011495 -0.00685215 -0.00358582 0.00110431 0.999977 -0.00659533 0.0110354 0.00685959 0.0065876 0.999955 -0.775661 
0.99998 -0.0037686 -0.00513186 0.0022049 0.00372544 0.999958 -0.00839353 0.019927 0.00516324 0.00837424 0.999952 -0.779057 
0.999991 -0.000663201 -0.00427956 -0.00111389 0.000640305 0.999986 -0.00534822 0.0197283 0.00428303 0.00534543 0.999977 -0.777241 
0.999992 0.00186704 -0.00347524 -0.00557709 -0.00186034 0.999996 0.00192983 0.0157889 0.00347884 -0.00192335 0.999992 -0.769115 
0.999994 -0.000311725 -0.00331159 -0.00312805 0.000314769 1 0.000919277 0.0148908 0.00331132 -0.000920313 0.999994 -0.77017 
0.999994 0.00174418 -0.00287115 -0.00506592 -0.00174968 0.999997 -0.00191462 0.0149703 0.00286779 0.00191964 0.999994 -0.773262 
0.999995 0.00213816 -0.00242694 -0.00701904 -0.0021453 0.999993 -0.00293916 0.0174228 0.00242064 0.00294435 0.999993 -0.772448 
0.999992 0.00255701 -0.00309452 -0.00979614 -0.00256362 0.999994 -0.00213471 0.0215117 0.00308905 0.00214262 0.999993 -0.772858 
0.999996 0.000543753 -0.00281581 -0.010582 -0.000535873 0.999996 0.0027989 0.0215114 0.0028173 -0.00279738 0.999992 -0.764606 
0.999993 -0.00306829 -0.00212156 -0.00280762 0.00308444 0.999966 0.00765313 0.0116157 0.002098 -0.00765963 0.999969 -0.762526 
0.999998 -0.0010606 -0.0017301 0.00122833 0.0010738 0.99997 0.00765427 0.0115058 0.00172193 -0.00765611 0.999969 -0.762058 
0.999999 -0.000934855 -0.00127459 0.00038147 0.00094099 0.999988 0.00482224 0.00772417 0.00127007 -0.00482344 0.999988 -0.758795 
0.999997 -0.00171823 -0.00191859 0.00215912 0.00171446 0.999997 -0.00196972 0.0111738 0.00192195 0.00196643 0.999996 -0.7693 
0.999994 -0.00270765 -0.00229086 0.0103836 0.00269904 0.999989 -0.00375227 0.0209773 0.00230098 0.00374606 0.99999 -0.761333 
0.999992 -0.00348126 -0.00212003 0.00952911 0.0034694 0.999979 -0.0055697 0.0235667 0.00213936 0.0055623 0.999982 -0.760822 
0.999995 0.00213846 -0.00223867 0.00275421 -0.00214243 0.999996 -0.00177848 0.0188309 0.00223487 0.00178327 0.999996 -0.754425 
0.999995 0.0031044 -0.00110719 -0.00260162 -0.00310406 0.999995 0.000306038 0.0194947 0.00110811 -0.000302599 0.999999 -0.749931 
0.999998 0.00194308 -0.000829242 -0.00176239 -0.00194356 0.999998 -0.000563028 0.0202965 0.000828158 0.00056464 1 -0.753361 
0.999999 -0.000120678 -0.00125849 -5.34058e-05 0.000122669 0.999999 0.00158216 0.0171645 0.0012583 -0.00158232 0.999998 -0.754269 
0.999998 0.00202542 -0.000607446 -0.00291443 -0.00202412 0.999996 0.00213254 0.0174229 0.000611763 -0.0021313 0.999998 -0.756794 
0.999998 0.00161397 -0.000649426 -0.00122833 -0.00161432 0.999999 -0.000560712 0.0183287 0.000648521 0.000561758 1 -0.764091 
0.999995 -0.00300977 -0.000873554 0.00762177 0.00300928 0.999995 -0.000566144 0.0166817 0.000875253 0.000563513 0.999999 -0.768398 
1 6.44587e-05 -3.09981e-05 0.00603485 -6.44389e-05 1 0.000954166 0.0165185 3.10577e-05 -0.000954163 1 -0.771805 
0.999998 -0.000140867 0.00175511 0.00604248 0.000140759 1 6.25019e-05 0.0207031 -0.00175512 -6.22548e-05 0.999998 -0.777691 
0.999995 0.00250853 0.00211993 0.00141144 -0.0025074 0.999997 -0.000529125 0.0158404 -0.00212125 0.000523805 0.999998 -0.786266 
0.999995 -0.00103646 0.00307164 0.0058136 0.00103462 0.999999 0.000596407 0.0174589 -0.00307226 -0.000593225 0.999995 -0.788082 
0.999988 -0.00389291 0.00301174 0.00952148 0.00389384 0.999992 -0.000299646 0.0199217 -0.00301053 0.000311369 0.999995 -0.798443 
0.999995 -0.00181297 0.00253043 0.00795746 0.00180238 0.99999 0.00418178 0.0152946 -0.002538 -0.0041772 0.999988 -0.796684 
0.999997 -0.000216377 0.00256067 0.00522614 0.000203583 0.999988 0.00499149 0.0106937 -0.00256172 -0.00499095 0.999984 -0.800381 
0.999998 0.00110913 0.00189976 0.000961304 -0.00111096 0.999999 0.000968444 0.00430793 -0.00189868 -0.000970552 0.999998 -0.813251 
0.999997 -0.000905959 0.00219391 0.00201416 0.000908548 0.999999 -0.00117852 0.0117193 -0.00219284 0.00118051 0.999997 -0.821281 
0.999997 0.000783575 0.00218736 0.000671387 -0.000780663 0.999999 -0.0013349 0.0132707 -0.0021884 0.00133319 0.999997 -0.832962 
0.999996 0.00198726 0.00195195 -0.0045929 -0.00198515 0.999997 -0.00107589 0.00782633 -0.00195408 0.00107201 0.999998 -0.838448 
0.999999 0.00072203 0.00112759 -0.00109863 -0.000717847 0.999993 -0.00371178 0.011905 -0.00113026 0.00371097 0.999992 -0.846493 
0.999999 0.000776831 0.00096643 -0.000259399 -0.000772328 0.999989 -0.00464035 0.0195622 -0.000970028 0.00463959 0.999989 -0.853378 
1 0.000229908 -0.000424899 -0.000587463 -0.000231112 0.999996 -0.00279389 0.0202587 0.000424251 0.00279398 0.999996 -0.857037 
0.999992 -0.00354619 -0.00213517 0.00518036 0.00354636 0.999994 7.09207e-05 0.0184733 0.00213492 -7.84923e-05 0.999998 -0.862877 
0.999998 -0.000119033 -0.00186933 0.0033493 0.0001212 0.999999 0.00116079 0.015879 0.00186919 -0.00116101 0.999998 -0.863499 
0.999996 0.00217154 -0.00158238 -0.00118256 -0.00216795 0.999995 0.00226515 0.0160897 0.0015873 -0.00226171 0.999996 -0.866264 
0.999991 0.00398644 -0.00157703 -0.00608063 -0.0039835 0.99999 0.0018614 0.0157901 0.00158446 -0.0018551 0.999997 -0.870766 
0.999997 0.00143977 -0.00191272 -0.00149536 -0.00143966 0.999999 6.31592e-05 0.0137789 0.00191279 -6.04048e-05 0.999998 -0.872707 
0.999998 0.00185564 -0.0010712 0.000709534 -0.00185814 0.999996 -0.00233699 0.0206211 0.00106689 0.00233897 0.999997 -0.879246 
0.999994 0.00331778 -0.000611618 -0.00366211 -0.00331945 0.999991 -0.00274065 0.0208046 0.000602521 0.00274266 0.999996 -0.879303 
0.999999 0.00106971 -0.000860617 0.00075531 -0.00107001 0.999999 -0.000353693 0.0198042 0.000860237 0.000354615 1 -0.875359 
0.999998 -0.00187648 -0.00107554 0.00584412 0.00187914 0.999995 0.00247491 0.0175694 0.00107087 -0.00247693 0.999996 -0.869724 
0.999995 -0.00303154 -0.000754148 0.00868988 0.00303587 0.999978 0.00580561 0.0145743 0.000736542 -0.00580787 0.999983 -0.860912 
0.999997 -0.00205487 -0.00107227 0.00737762 0.00206049 0.999984 0.005275 0.0141878 0.00106141 -0.00527719 0.999986 -0.861397 
0.999987 -0.0050026 -0.000786863 0.0106812 0.00500762 0.999966 0.00650083 0.015821 0.000754334 -0.00650468 0.999979 -0.855171 
0.999999 -0.000714728 -0.00105169 0.00521851 0.000715604 0.999999 0.000819298 0.0145263 0.00105109 -0.00082005 0.999999 -0.856056 
0.999993 0.00385087 -0.000141881 0.0027771 -0.00385154 0.99998 -0.00494434 0.0154685 0.000122853 0.00494484 0.999988 -0.853886 
0.999999 0.00103874 0.000545122 0.00470734 -0.00103278 0.999941 -0.0108119 0.0253139 -0.000556327 0.0108113 0.999941 -0.858532 
0.999999 -0.000771146 0.00124678 0.00800323 0.000782292 0.99996 -0.00895658 0.0321255 -0.00123984 0.00895754 0.999959 -0.853172 
0.999989 0.00379662 0.00262749 -0.00132751 -0.00380685 0.999985 0.00389527 0.0220201 -0.00261267 -0.00390523 0.999989 -0.83728 
0.99998 0.00587073 0.00227334 -0.00323486 -0.00587834 0.999977 0.00335411 0.0179259 -0.00225358 -0.0033674 0.999992 -0.831512 
0.999996 0.000369326 0.00265223 0.00101471 -0.000371505 1 0.000820933 0.0204883 -0.00265192 -0.000821915 0.999996 -0.832047 
0.999996 -0.00155836 0.00250854 0.00592804 0.00155151 0.999995 0.00273198 0.020905 -0.00251278 -0.00272808 0.999993 -0.826492 
0.999992 -0.00212148 0.00347976 0.0082016 0.00211019 0.999993 0.00324571 0.0185966 -0.00348662 -0.00323834 0.999989 -0.821518 
0.999991 -0.000854303 0.00402608 0.000656128 0.000839418 0.999993 0.00369719 0.016109 -0.00402921 -0.00369378 0.999985 -0.817482 
0.999994 -0.00153887 0.00319925 0.00241852 0.00152461 0.999989 0.00445628 0.0182287 -0.00320604 -0.00445137 0.999985 -0.812195 
0.999981 -0.00543814 0.00303208 0.00667572 0.00544037 0.999985 -0.000733576 0.0200384 -0.00302804 0.000750056 0.999995 -0.813194 
0.99999 -0.0027182 0.00359286 0.00340271 0.0027227 0.999996 -0.00124366 0.0170766 -0.00358947 0.00125342 0.999993 -0.812027 
0.999988 -0.00293156 0.00401479 0.00410461 0.00295254 0.999982 -0.00522918 0.0231383 -0.00399938 0.00524097 0.999978 -0.811127 
0.999992 -0.000341117 0.00403737 0.00457001 0.00036884 0.999976 -0.00686649 0.0231721 -0.00403486 0.00686792 0.999968 -0.809044 
0.999987 0.000988173 0.00498063 0.00193024 -0.000972513 0.999995 -0.00314614 0.0225685 -0.00498372 0.00314125 0.999983 -0.801361 
0.999979 0.000491516 0.00653639 0.00400543 -0.000488996 1 -0.000387614 0.0206025 -0.00653662 0.000384408 0.999979 -0.794479 
0.999977 0.00296139 0.00614786 0.000938416 -0.00294018 0.99999 -0.0034553 0.0204813 -0.00615807 0.00343714 0.999975 -0.7966 
0.999979 -0.000201156 0.00649757 0.00406647 0.00020081 1 5.31431e-05 0.0209482 -0.00649764 -5.18351e-05 0.999979 -0.787575 
0.999971 -0.00483133 0.00591248 0.0162277 0.00482767 0.999988 0.00063267 0.0206864 -0.00591542 -0.000604107 0.999982 -0.780647 
0.999981 -0.00237443 0.00561243 0.0131836 0.00235286 0.99999 0.00384753 0.0167398 -0.00562152 -0.00383425 0.999977 -0.776871 
0.999981 0.000462822 0.00612757 0.00749969 -0.000482114 0.999995 0.0031457 0.0146163 -0.00612608 -0.0031486 0.999976 -0.771782 
0.999984 -0.00197596 0.00535671 0.0108337 0.00197229 0.999998 0.000693011 0.0160005 -0.00535811 -0.000682437 0.999985 -0.77327 
0.999988 -0.00118371 0.00469366 0.0184555 0.00120042 0.999993 -0.00356271 0.0194941 -0.00468946 0.00356831 0.999983 -0.770767 
0.999981 -0.000271939 0.00613046 0.0131149 0.00030026 0.999989 -0.00461968 0.0224938 -0.00612907 0.00462144 0.99997 -0.769943 
0.999979 0.000700333 0.00649138 0.0121002 -0.000683859 0.999996 -0.00253807 0.0290008 -0.00649312 0.00253357 0.999976 -0.763344 
0.999975 0.00156242 0.00695433 0.00813293 -0.00158604 0.999993 0.00339056 0.0192261 -0.00694896 -0.0034015 0.99997 -0.755623 
0.999964 0.00150774 0.00839481 0.00975037 -0.0015754 0.999966 0.0080592 0.0127254 -0.00838229 -0.00807213 0.999932 -0.751343 
0.999956 0.00212224 0.00917178 0.00693512 -0.00214688 0.999994 0.00267711 0.0162368 -0.00916614 -0.00269668 0.999954 -0.752983 
0.999941 -9.68544e-05 0.0109004 0.0113449 0.000137639 0.999993 -0.00374116 0.0244145 -0.0108999 0.00374244 0.999934 -0.7565 
0.99993 0.00203139 0.0116263 0.00930786 -0.00198124 0.999989 -0.00432304 0.0178993 -0.011635 0.0042997 0.999923 -0.755714 
0.999926 -0.000491425 0.0121235 0.0117188 0.000588229 0.999968 -0.00798214 0.0259113 -0.0121192 0.00798868 0.999895 -0.758789 
0.999934 1.31503e-06 0.0115008 0.00507736 5.25515e-05 0.999989 -0.00468368 0.0254016 -0.0115007 0.00468397 0.999923 -0.751884 
0.999922 -0.00443535 0.0116987 0.00697708 0.00438044 0.999979 0.00471412 0.022517 -0.0117194 -0.00466251 0.99992 -0.739738 
0.999924 -0.00132084 0.0122521 0.00816345 0.00119328 0.999945 0.0104126 0.0137167 -0.0122652 -0.0103972 0.999871 -0.732307 
0.999919 0.000569563 0.0127114 0.000144958 -0.000634698 0.999987 0.00512186 0.00353599 -0.0127084 -0.00512951 0.999906 -0.737587 
0.999912 0.00309379 0.0128713 -0.00572968 -0.00304892 0.999989 -0.00350476 0.00608754 -0.0128819 0.00346521 0.999911 -0.751442 
0.999927 0.000370114 0.0120813 0.0028038 -0.000271115 0.999966 -0.00819458 0.0194817 -0.0120839 0.00819071 0.999894 -0.756393 
0.999924 0.000386685 0.0123253 0.00184631 -0.000318462 0.999985 -0.00553722 0.0212889 -0.0123273 0.00553287 0.999909 -0.755905 
0.999906 0.00337583 0.0133137 -0.00216293 -0.00340415 0.999992 0.0021061 0.0164232 -0.0133063 -0.00215121 0.999909 -0.747322 
0.999926 0.000401188 0.0121858 -0.000507355 -0.000465157 0.999986 0.00524663 0.0135055 -0.0121837 -0.00525191 0.999912 -0.745865 
0.999954 0.000988727 0.00957063 0.00177383 -0.0010424 0.999984 0.00560371 0.0138433 -0.00956491 -0.00561343 0.999939 -0.746765 
0.999964 0.00228237 0.00817415 -0.00285721 -0.00234222 0.99997 0.00731848 0.0092169 -0.00815719 -0.00733736 0.99994 -0.746948 
0.999969 -0.000325434 0.00791833 0.00157547 0.000308958 0.999998 0.00208362 0.00894833 -0.00791907 -0.00208112 0.999967 -0.752701 
0.999951 -0.00555007 0.00816786 0.00947952 0.00554823 0.999985 0.000246556 0.014485 -0.00816908 -0.000201225 0.999967 -0.755638 
0.999964 -0.000362674 0.00846922 0.0100136 0.000384884 0.999997 -0.00262149 0.00431287 -0.00846827 0.00262466 0.999961 -0.751991 
0.99996 0.00218191 0.0086754 0.00297546 -0.00213515 0.999983 -0.00539579 -0.000194073 -0.00868705 0.00537705 0.999948 -0.760597 
0.999968 0.00238775 0.00758874 0.00315857 -0.00233182 0.99997 -0.00736929 0.00883055 -0.00760603 0.00735136 0.999944 -0.764435 
0.999948 -0.00786098 0.00647548 0.0184517 0.00791275 0.999937 -0.00800889 0.0206199 -0.00641221 0.00805971 0.999947 -0.765015 
0.999939 -0.00934528 0.00585711 0.0266266 0.00933769 0.999956 0.00132347 0.0111136 -0.00586912 -0.00126871 0.999982 -0.758194 
0.999981 3.05893e-06 0.00611937 0.0128212 -5.86957e-05 0.999959 0.0090889 0.00312233 -0.00611925 -0.00908909 0.99994 -0.752686 
0.999971 0.00531544 0.00553346 0.00138474 -0.00535868 0.999955 0.00783052 -0.00156212 -0.00549155 -0.00785994 0.999954 -0.755318 
0.999991 -0.000787025 0.00425979 0.00671387 0.000779581 0.999998 0.00174823 0.00471115 -0.00426114 -0.0017449 0.999989 -0.763206 
0.999977 -0.00483009 0.0047636 0.0137138 0.00485617 0.999973 -0.00547745 0.0116596 -0.00473705 0.00550045 0.999974 -0.774147 
0.999982 -0.00108766 0.00581479 0.00499725 0.00111378 0.999989 -0.00449114 0.0185869 -0.00580978 0.00449753 0.999973 -0.774155 
0.999977 0.00320169 0.00592148 0.00110626 -0.00320596 0.999995 0.000711484 0.0162206 -0.00591922 -0.000730448 0.999982 -0.77243 
0.999987 -0.000777666 0.00495332 0.00708771 0.000744088 0.999977 0.00677681 0.0118439 -0.00495842 -0.00677304 0.999965 -0.76442 
0.999987 -0.000208337 0.0051302 0.00806046 0.000169459 0.999971 0.00757818 0.00329542 -0.0051316 -0.00757722 0.999958 -0.765434 
0.999985 -0.00143455 0.00530753 0.00976562 0.00142361 0.999997 0.00206825 0.00726974 -0.00531062 -0.00206066 0.999984 -0.768234 
0.999988 -0.00182809 0.00444913 0.0109634 0.00184946 0.999987 -0.00480621 0.0136297 -0.00444019 0.00481439 0.999979 -0.776306 
0.999989 -0.000551086 0.00468054 0.00930023 0.00056039 0.999998 -0.0019862 0.0153105 -0.0046795 0.00198881 0.999987 -0.77211 
0.999987 -0.000737516 0.0051277 0.00393677 0.000741262 0.999999 -0.000728675 0.0140212 -0.00512716 0.000732466 0.999987 -0.768372 
0.999987 0.00126285 0.00502351 0.00564575 -0.00126492 0.999999 0.000407963 0.0136631 -0.00502297 -0.00041431 0.999987 -0.764633 
0.999987 0.00188113 0.00469711 0.00424957 -0.00188651 0.999998 0.00114435 0.0126214 -0.00469503 -0.0011532 0.999988 -0.761826 
0.999989 0.000597497 0.00473195 0.00721359 -0.00059401 1 -0.000738333 0.012598 -0.00473228 0.000735518 0.999989 -0.760315 
0.999989 -0.000979946 0.00465798 0.0117226 0.000980036 1 -1.76113e-05 0.0129888 -0.00465807 2.21739e-05 0.999989 -0.759201 
0.999988 -0.000923728 0.00486439 0.00957108 0.000927157 0.999999 -0.000704116 0.0127888 -0.00486365 0.000708621 0.999988 -0.753937 
0.999987 0.00113742 0.00507161 0.00806046 -0.00115953 0.99999 0.00435987 0.013278 -0.00506666 -0.0043657 0.999978 -0.744064 
0.999988 0.00112043 0.00482333 0.00940514 -0.00114196 0.999989 0.00446362 0.0109997 -0.00481826 -0.00446907 0.999978 -0.74025 
0.99999 0.000368328 0.00439382 0.00834274 -0.000382718 0.999995 0.00327438 0.0067234 -0.00439259 -0.00327603 0.999985 -0.734619 
0.999992 3.04254e-05 0.00404564 0.0114746 -1.73347e-05 0.999995 -0.00323875 0.0065484 -0.00404564 0.00323865 0.999986 -0.742249 
0.999993 9.34359e-05 0.00372195 0.00921059 -6.09714e-05 0.999962 -0.0087187 0.0145028 -0.00372267 0.00871841 0.999955 -0.736664 
0.999991 0.00271286 0.00321624 0.00590324 -0.00268201 0.999951 -0.00955867 0.0204802 -0.00324199 0.00954996 0.999949 -0.729141 
0.999989 0.00329938 0.00325066 0.00278473 -0.00328176 0.99998 -0.00541154 0.0205455 -0.00326839 0.00540082 0.99998 -0.711502 
0.999987 0.00372594 0.003378 0.000919342 -0.00372767 0.999993 0.000505742 0.015162 -0.00337613 -0.000518323 0.999994 -0.695374 
0.999994 2.2806e-05 0.00350395 0.00543976 -3.61714e-05 0.999993 0.00381223 0.0144444 -0.0035038 -0.00381234 0.999987 -0.6754 
0.999995 0.000450495 0.00321984 0.00705147 -0.000459506 0.999996 0.00279837 0.0119267 -0.00321859 -0.00279983 0.999991 -0.66095 
0.999995 0.000959365 0.00301346 0.00756454 -0.000962776 0.999999 0.00113095 0.00965166 -0.00301245 -0.00113385 0.999995 -0.646774 
0.999995 0.00193101 0.00261045 0.00151253 -0.0019332 0.999998 0.000836064 0.0102048 -0.00260875 -0.000841102 0.999996 -0.626923 
0.999997 2.41788e-05 0.00253135 0.00306129 -2.09623e-05 0.999999 -0.00126901 0.0136926 -0.00253141 0.00126895 0.999996 -0.609772 
0.999997 0.000851302 0.00236914 0.00382423 -0.000847185 0.999998 -0.00173788 0.0139029 -0.00237057 0.00173586 0.999996 -0.588974 
0.999995 0.00180393 0.00262403 0.000463486 -0.00180278 0.999998 -0.000444685 0.0107801 -0.00262475 0.000439964 0.999997 -0.562698 
0.999994 0.00239206 0.00262025 -0.000488281 -0.0023919 0.999997 -6.25704e-05 0.0112877 -0.0026204 5.62971e-05 0.999997 -0.539185 
0.999997 0.00069145 0.00217023 0.00266266 -0.000693165 0.999999 0.000787818 0.0105531 -0.00216967 -0.000789325 0.999997 -0.514267 
0.999995 -0.00233758 0.00220549 0.00888252 0.00233077 0.999993 0.00308243 0.0152514 -0.00221282 -0.00307727 0.999993 -0.493454 
0.999996 6.94406e-05 0.00284219 0.00645638 -8.1664e-05 0.999991 0.0043052 0.0126228 -0.00284171 -0.00430542 0.999987 -0.470963 
0.999987 0.00291564 0.00419036 0.00366592 -0.00292499 0.999993 0.00222453 0.00613308 -0.00418401 -0.00223675 0.999989 -0.451599 
0.999976 0.00498124 0.00491077 0.00339508 -0.00497996 0.999988 -0.00027252 0.00350571 -0.00491214 0.000248054 0.999988 -0.4366 
0.999981 0.000101507 0.00611684 0.0104942 -9.42395e-05 0.999999 -0.00118901 0.00616717 -0.00611696 0.00118841 0.999981 -0.415649 
0.999973 -0.0031931 0.00658488 0.0169582 0.0032071 0.999993 -0.00211527 0.00871682 -0.00657797 0.00213632 0.999976 -0.398056 
0.99997 -0.00436299 0.0064047 0.0185261 0.00438786 0.999983 -0.00387378 0.0109279 -0.00638774 0.00390177 0.999972 -0.379517 
0.999975 -0.0022398 0.0067156 0.0157337 0.0022871 0.999972 -0.0070449 0.0104251 -0.00669965 0.00706007 0.999953 -0.362106 
0.999968 0.00039334 0.00805387 0.0103817 -0.000358712 0.999991 -0.00429983 0.0102787 -0.00805548 0.00429681 0.999958 -0.339554 
0.999949 0.00375702 0.00932628 0.00662613 -0.00374612 0.999992 -0.00118651 0.00897264 -0.0093306 0.00115151 0.999956 -0.317017 
0.999927 0.0034752 0.0115652 0.00661469 -0.00346724 0.999994 -0.00070856 0.00974941 -0.0115674 0.000668415 0.999933 -0.301804 
0.999896 0.00249694 0.0142364 0.0106964 -0.00248052 0.999996 -0.00117057 0.00940943 -0.0142394 0.00113512 0.999898 -0.284439 
0.999864 -9.39136e-05 0.0164762 0.0180588 0.000109925 0.999999 -0.000970867 0.0103421 -0.016476 0.000972548 0.999864 -0.269577 
0.999819 -0.00244437 0.018885 0.0243168 0.00244008 0.999997 0.000250679 0.00951195 -0.0188855 -0.000204546 0.999822 -0.252625 
0.999769 -0.000650386 0.021468 0.0211332 0.00060921 0.999998 0.00192418 0.0126705 -0.0214692 -0.00191067 0.999768 -0.241776 
0.999751 -0.00143745 0.022248 0.0229459 0.00131975 0.999985 0.00530394 0.00977945 -0.0222553 -0.00527324 0.999738 -0.226807 
0.999756 -9.33437e-05 0.0220816 0.0220232 -2.47597e-05 0.999986 0.00534802 0.00554538 -0.0220819 -0.00534727 0.999742 -0.213638 
0.999753 -0.00403857 0.0218646 0.0285997 0.00393964 0.999982 0.00456583 0.00221324 -0.0218825 -0.00447856 0.99975 -0.212128 
0.999736 -0.00758466 0.0217017 0.0368834 0.00753362 0.999969 0.0024326 0.000751734 -0.0217194 -0.00226846 0.999762 -0.213913 
0.999723 -0.0039568 0.0232134 0.0307007 0.00394978 0.999992 0.000348078 0.00282574 -0.0232147 -0.000256302 0.99973 -0.211197 
0.999685 0.00295348 0.0249179 0.0230579 -0.00293203 0.999995 -0.000897487 -0.00131941 -0.0249206 0.000824155 0.999689 -0.21846 
