1 1.19762e-11 1.70464e-10 3.2141e-14 1.19762e-11 1 3.5625e-10 -1.9984e-15 1.70464e-10 3.5625e-10 1 -4.04121e-14 
0.999996 0.00287222 0.000683995 0.00387974 -0.00287371 0.999993 0.0021903 -0.184991 -0.0006777 -0.00219226 0.999997 0.808514 
0.999996 0.00271615 0.000875868 0.00328224 -0.00271703 0.999996 0.00100259 -0.185037 -0.000873141 -0.00100496 0.999999 0.821503 
0.999999 0.00133337 0.000793098 0.0131183 -0.00133327 0.999999 -0.000135787 -0.186435 -0.000793278 0.00013473 1 0.758898 
0.999998 0.00197014 0.000440792 0.00856285 -0.00197011 0.999998 -6.85779e-05 -0.184343 -0.000440925 6.77092e-05 1 0.783489 
1 0.00016051 0.000813198 0.00339538 -0.000160565 1 6.56443e-05 -0.186117 -0.000813187 -6.57751e-05 1 0.724129 
1 0.000297246 0.000772619 0.00386168 -0.000298266 0.999999 0.00131973 -0.18628 -0.000772227 -0.00131996 0.999999 0.73163 
0.999999 0.000692533 0.000990659 0.0111291 -0.000695382 0.999996 0.0028772 -0.18561 -0.000988661 -0.00287789 0.999995 0.690076 
0.999999 -0.000145119 0.00163253 -0.000475992 0.000138329 0.999991 0.00415864 -0.19018 -0.00163312 -0.00415841 0.99999 0.646327 
0.999999 -0.000793638 0.00142266 0.00831529 0.000788281 0.999993 0.00376246 -0.192058 -0.00142564 -0.00376133 0.999992 0.613211 
0.999999 -0.000829616 0.00121159 0.0116814 0.000826479 0.999996 0.0025861 -0.192977 -0.00121373 -0.00258509 0.999996 0.592112 
0.999999 0.000387845 0.0015356 0.0100331 -0.000388276 1 0.00027927 -0.193757 -0.00153549 -0.000279862 0.999999 0.580669 
0.999998 0.00114688 0.00152003 -0.017851 -0.00114378 0.999997 -0.00203475 -0.193223 -0.00152236 0.002033 0.999997 0.527609 
0.999999 -7.48152e-05 0.00124836 -0.0295297 7.88196e-05 0.999995 -0.00320659 -0.195813 -0.00124811 0.00320669 0.999994 0.47313 
0.999997 -0.00133136 0.00183746 -0.0117007 0.00133363 0.999998 -0.00123519 -0.190689 -0.00183581 0.00123763 0.999998 0.445589 
0.999991 -0.00369504 0.00202072 -0.0142315 0.00369933 0.999991 -0.00212343 -0.193147 -0.00201286 0.00213089 0.999996 0.42559 
0.999995 -0.00238307 0.0019465 0.00473297 0.00238562 0.999996 -0.00131201 -0.18931 -0.00194336 0.00131665 0.999997 0.398461 
0.999988 0.00426985 0.00236804 -0.0124386 -0.00426622 0.99999 -0.00153971 -0.192093 -0.0023746 0.00152959 0.999996 0.386403 
0.999984 0.00461742 0.00316112 -0.0101117 -0.00461508 0.999989 -0.000750927 -0.192843 -0.00316455 0.000736326 0.999995 0.318984 
0.999994 0.000897062 0.0034746 -0.0111384 -0.000900297 0.999999 0.000932745 -0.191746 -0.00347374 -0.000935866 0.999993 0.291239 
0.999987 -0.00408039 0.0031827 0.0132962 0.0040781 0.999991 0.000725386 -0.185081 -0.00318564 -0.000712398 0.999995 0.274996 
0.999983 -0.00518058 0.00253917 0.0132571 0.00518229 0.999986 -0.000667961 -0.183874 -0.00253567 0.000681108 0.999997 0.247178 
0.999991 -0.00349532 0.00250724 0.0177571 0.0034913 0.999993 0.00160703 -0.183796 -0.00251284 -0.00159826 0.999996 0.22275 
0.999996 -0.000351961 0.0026834 -0.00880966 0.00034834 0.999999 0.00134984 -0.197651 -0.00268388 -0.0013489 0.999995 0.0989189 
0.999998 0.000774906 0.0020478 0.00183177 -0.000772535 0.999999 -0.00115818 -0.190455 -0.00204867 0.00115659 0.999997 0.110344 
0.999997 0.000761812 0.00227451 0.00579107 -0.000758068 0.999998 -0.00164678 -0.187935 -0.00227577 0.00164505 0.999996 0.0951204 
0.999994 0.00214741 0.00260847 0.00218633 -0.00214463 0.999997 -0.00106605 -0.189677 -0.00261075 0.00106045 0.999996 0.0860176 
0.999994 0.00291705 0.00176586 0.00845408 -0.00291644 0.999996 -0.000352536 -0.188451 -0.00176689 0.000347385 0.999998 0.0889072 
0.999998 0.00161778 0.00128858 -0.0181799 -0.00161608 0.999998 -0.00131537 -0.199243 -0.00129071 0.00131328 0.999998 0.0102882 
0.999998 -0.000881851 0.00195879 0.00114635 0.00088553 0.999998 -0.0018776 -0.18996 -0.00195713 0.00187933 0.999996 0.0414896 
0.999998 -0.0013599 0.00147596 -0.00168943 0.00136226 0.999998 -0.00159983 -0.189275 -0.00147377 0.00160184 0.999998 0.0310307 
0.999999 -0.000873863 0.00108556 0.012435 0.000875109 0.999999 -0.00114771 -0.183006 -0.00108457 0.00114866 0.999999 0.0574808 
0.999999 0.000649594 0.00147732 -0.0032773 -0.00064759 0.999999 -0.00135696 -0.190502 -0.0014782 0.001356 0.999998 0.0213842 
0.999999 0.000913518 0.00129909 0.00669444 -0.000910714 0.999997 -0.00215717 -0.187177 -0.00130106 0.00215599 0.999997 0.0362139 
1 1.30953e-05 0.000797149 0.00177431 -1.13097e-05 0.999997 -0.00224066 -0.189648 -0.00079719 0.00224065 0.999997 0.0207539 
0.999999 -0.000899567 0.000717599 0.0140299 0.000901204 0.999997 -0.00228429 -0.184124 -0.000715531 0.00228494 0.999997 0.0465584 
0.999999 -0.00101468 -0.000375859 0.0127056 0.00101393 0.999997 -0.00199036 -0.183914 0.000377871 0.00198997 0.999998 0.0473623 
0.999998 -0.000574745 -0.00206105 0.00170743 0.000572126 0.999999 -0.00127129 -0.184262 0.00206178 0.00127011 0.999997 0.0415878 
0.999995 0.000107261 -0.003011 -0.0105771 -0.000110277 0.999999 -0.00100125 -0.187322 0.00301089 0.00100158 0.999995 0.0285769 
0.999992 0.000572305 -0.00404203 -0.000678807 -0.000577086 0.999999 -0.00118201 -0.183265 0.00404134 0.00118433 0.999991 0.0487537 
0.999984 0.000275194 -0.0056744 0.0019179 -0.000281905 0.999999 -0.00118186 -0.181424 0.00567406 0.00118344 0.999983 0.054759 
0.999978 -0.00011234 -0.00665578 0.00022316 0.000106847 1 -0.000825521 -0.18124 0.00665587 0.000824798 0.999977 0.0543585 
0.999974 8.6933e-05 -0.00722946 -0.0108495 -9.32206e-05 1 -0.00086969 -0.183166 0.00722939 0.000870338 0.999973 0.0326614 
0.999967 0.0001782 -0.00814108 -0.0147443 -0.000187084 0.999999 -0.0010904 -0.183031 0.00814089 0.00109188 0.999966 0.0327539 
0.999949 -0.00111736 -0.00999556 -0.00352372 0.00110389 0.999999 -0.00135303 -0.179626 0.00999704 0.00134193 0.999949 0.0607767 
0.999916 -0.001387 -0.0129166 -0.00993144 0.00136438 0.999997 -0.00176029 -0.180268 0.012919 0.00174251 0.999915 0.0656776 
0.999874 -0.000804694 -0.0158428 -0.00395253 0.000771911 0.999998 -0.00207531 -0.176563 0.0158444 0.00206283 0.999872 0.0956211 
0.999812 0.000526058 -0.0194067 -0.0338477 -0.000547142 0.999999 -0.00108113 -0.183914 0.0194062 0.00109154 0.999811 0.0734406 
0.999762 0.000863912 -0.0218122 -0.0272505 -0.000859202 1 0.000225384 -0.180751 0.0218124 -0.00020659 0.999762 0.110266 
0.999721 0.000651012 -0.0236252 -0.036137 -0.000624242 0.999999 0.00114042 -0.180175 0.0236259 -0.00112536 0.99972 0.117032 
0.99964 0.000915396 -0.0268184 -0.0268946 -0.000877246 0.999999 0.00143433 -0.179253 0.0268197 -0.00141029 0.999639 0.159364 
0.999544 0.00112854 -0.0301828 -0.046482 -0.00107391 0.999998 0.00182614 -0.179973 0.0301847 -0.00179289 0.999543 0.157733 
0.999436 -0.000234204 -0.0335786 -0.0476112 0.000339343 0.999995 0.00312543 -0.179644 0.0335778 -0.00313506 0.999431 0.196383 
0.9993 0.000480212 -0.0374008 -0.0472629 -0.000346132 0.999994 0.00359133 -0.179168 0.0374023 -0.00357588 0.999294 0.216841 
0.999166 0.000456606 -0.0408327 -0.0701799 -0.000246561 0.999987 0.00514881 -0.175965 0.0408345 -0.00513445 0.999153 0.209675 
0.999069 0.00309911 -0.043033 -0.0514402 -0.00291773 0.999987 0.00427685 -0.177714 0.0430457 -0.00414731 0.999065 0.250917 
0.999016 0.00269367 -0.0442653 -0.0697882 -0.00252849 0.99999 0.00378722 -0.180213 0.044275 -0.00367157 0.999013 0.264748 
0.998936 0.00135949 -0.0460917 -0.0809603 -0.00114089 0.999988 0.00476873 -0.177444 0.0460976 -0.00471108 0.998926 0.262128 
0.998863 0.000928517 -0.0476691 -0.0704813 -0.000593369 0.999975 0.00704462 -0.181849 0.0476744 -0.00700832 0.998838 0.298901 
0.998819 0.0023156 -0.0485336 -0.0661011 -0.00202284 0.999979 0.0060802 -0.181234 0.0485467 -0.00597484 0.998803 0.293336 
0.998739 0.0039464 -0.0500415 -0.105064 -0.00376299 0.999986 0.00375861 -0.179254 0.0500556 -0.00356557 0.99874 0.267149 
0.998652 0.00269127 -0.0518462 -0.0782862 -0.00256259 0.999994 0.00254847 -0.180785 0.0518527 -0.00241218 0.998652 0.318852 
0.998592 0.00433837 -0.0528641 -0.124152 -0.00432737 0.99999 0.000322589 -0.179244 0.0528652 -9.33744e-05 0.998602 0.310904 
0.998554 0.00238936 -0.0537155 -0.0816727 -0.0023102 0.999996 0.00153598 -0.1755 0.0537189 -0.00140967 0.998555 0.339723 
0.998466 0.00313254 -0.0552689 -0.0802555 -0.00301607 0.999993 0.00219063 -0.173923 0.0552753 -0.00202058 0.998469 0.353184 
0.998485 0.000694772 -0.0550148 -0.122642 -0.000589332 0.999998 0.00193286 -0.174415 0.0550161 -0.0018975 0.998484 0.35037 
0.998498 -0.000240215 -0.0547909 -0.0759077 0.000259312 1 0.000341259 -0.179317 0.0547908 -0.000354954 0.998498 0.4108 
0.998492 -0.00233515 -0.0548398 -0.0848303 0.00239071 0.999997 0.000947617 -0.179777 0.0548375 -0.0010773 0.998495 0.432101 
0.998476 -0.00207931 -0.0551551 -0.111748 0.00218287 0.999996 0.00181778 -0.176654 0.0551512 -0.00193539 0.998476 0.431186 
0.998476 0.000989558 -0.0551805 -0.0820808 -0.000912756 0.999999 0.0014168 -0.175522 0.0551817 -0.00136429 0.998475 0.462989 
0.998403 0.00181043 -0.0564576 -0.124529 -0.00189445 0.999997 -0.00143476 -0.17411 0.0564549 0.00153944 0.998404 0.451529 
0.99829 -0.00211278 -0.0584095 -0.0836639 0.00211305 0.999998 -5.71688e-05 -0.17547 0.0584095 -6.63484e-05 0.998293 0.51806 
0.998302 -0.00215012 -0.0582127 -0.0737076 0.00219783 0.999997 0.000755341 -0.175166 0.0582108 -0.000882009 0.998304 0.525158 
0.998355 -0.000662759 -0.0573252 -0.121036 0.00056457 0.999998 -0.00172876 -0.172865 0.0573264 0.00169357 0.998354 0.543221 
0.998459 0.00231237 -0.0554554 -0.0779161 -0.00205027 0.999987 0.00478262 -0.17118 0.0554657 -0.00466154 0.99845 0.563403 
0.9986 0.00081509 -0.0528902 -0.0728531 -0.00049926 0.999982 0.00598445 -0.175023 0.0528942 -0.00594967 0.998582 0.585389 
0.998747 -0.00301776 -0.0499605 -0.0944786 0.00311114 0.999994 0.00179134 -0.17811 0.0499547 -0.00194453 0.99875 0.634653 
0.99898 0.000155665 -0.0451484 -0.0625896 -6.73309e-05 0.999998 0.00195808 -0.18288 0.0451486 -0.00195303 0.998978 0.638383 
0.999157 0.00280518 -0.040967 -0.0811806 -0.00285278 0.999995 -0.00110352 -0.180463 0.0409637 0.00121945 0.99916 0.676372 
0.999355 0.00348111 -0.0357354 -0.0596046 -0.00365067 0.999982 -0.0046808 -0.170601 0.0357185 0.00480824 0.99935 0.672189 
0.999565 0.00404064 -0.029213 -0.0621452 -0.00407047 0.999991 -0.000961317 -0.169784 0.0292088 0.00107982 0.999573 0.704477 
0.999767 0.00283409 -0.0213848 -0.0444927 -0.00273691 0.999986 0.00457183 -0.172787 0.0213974 -0.00451225 0.999761 0.736669 
0.999909 -8.88733e-05 -0.0134853 -0.0303192 0.000171277 0.999981 0.00610952 -0.175384 0.0134845 -0.00611127 0.99989 0.794841 
0.999966 0.000387741 -0.00827855 -0.0284443 -0.000360753 0.999995 0.00326154 -0.180003 0.00827977 -0.00325845 0.999961 0.765527 
0.999991 -0.000871832 -0.00416212 -0.018158 0.000861621 0.999997 -0.00245559 -0.183635 0.00416424 0.00245199 0.999988 0.797587 
0.999983 -0.0058118 -8.15839e-07 -0.0114975 0.00581175 0.999975 -0.00396651 -0.176851 2.38679e-05 0.00396643 0.999992 0.797746 
0.999907 -0.0132313 0.00328952 0.00849915 0.0132412 0.999908 -0.00298139 -0.166875 -0.00324977 0.00302467 0.99999 0.862309 
0.999984 -0.00156392 0.00538416 -0.0106297 0.00156276 0.999999 0.000217203 -0.173212 -0.0053845 -0.000208799 0.999986 0.850794 
0.999979 0.0029588 0.00568921 -0.0171947 -0.00295578 0.999995 -0.000539474 -0.181746 -0.00569079 0.000522642 0.999984 0.884776 
0.999983 -0.00516416 0.00279258 -0.0114956 0.00518291 0.999964 -0.00675242 -0.177849 -0.00275761 0.00676679 0.999973 0.878271 
0.999996 0.00175178 0.00202139 -0.0268898 -0.00173041 0.999943 -0.0105189 -0.164482 -0.0020397 0.0105154 0.999943 0.933193 
0.999969 0.00784863 0.00116315 -0.0373669 -0.00783933 0.999939 -0.00779915 -0.168365 -0.00122431 0.00778978 0.999969 0.92305 
0.999984 0.00557755 -0.00121895 -0.0359974 -0.005582 0.999978 -0.00367978 -0.161451 0.0011984 0.00368652 0.999993 0.947121 
0.999956 0.00879656 -0.00313717 -0.0425777 -0.00877531 0.999939 0.00672897 -0.168036 0.00319618 -0.00670114 0.999972 0.967585 
0.999967 0.00705539 -0.004095 -0.0404682 -0.00702235 0.999943 0.00802649 -0.170366 0.0041514 -0.00799747 0.999959 0.989864 
0.999988 0.000965175 -0.00485419 -0.0349255 -0.000919227 0.999955 0.00945914 -0.161951 0.00486311 -0.00945455 0.999943 1.02226 
0.999997 0.00147735 -0.00186369 -0.0308914 -0.00145924 0.999952 0.00968323 -0.167908 0.00187789 -0.00968048 0.999951 1.03421 
0.999999 -0.0011819 -0.00119334 -0.0252075 0.00119253 0.999959 0.0089504 -0.17338 0.00118271 -0.00895183 0.999959 1.03811 
0.999997 -0.00181372 -0.00142283 -0.0225639 0.00181598 0.999997 0.00158425 -0.179258 0.00141995 -0.00158682 0.999998 1.03018 
0.999997 0.00160144 -0.00190201 -0.0288448 -0.00160794 0.999993 -0.00341957 -0.194363 0.00189652 0.00342262 0.999992 1.03055 
0.999997 0.000327965 -0.00245109 -0.01408 -0.00033885 0.99999 -0.00444186 0.109787 0.00244962 0.00444268 0.999987 1.12414 
0.999989 -1.51949e-05 -0.0047745 -0.0139751 -8.52792e-06 0.999988 -0.00496866 0.190861 0.00477451 0.00496864 0.999976 1.13747 
0.999983 0.000315129 -0.00577292 -0.019743 -0.000344344 0.999987 -0.00506036 0.0849972 0.00577123 0.00506226 0.999971 1.09121 
0.999978 0.00105954 -0.00659704 -0.0179729 -0.00107693 0.999996 -0.0026319 0.179689 0.00659424 0.00263894 0.999975 1.11899 
0.999979 6.15462e-05 -0.00647911 -0.0206394 -4.00897e-05 0.999995 0.00331191 0.0924435 0.00647928 -0.00331158 0.999974 1.10578 
0.999977 0.00134101 -0.00666193 -0.0233727 -0.00130532 0.999985 0.00535824 0.16165 0.00666901 -0.00534941 0.999963 1.1402 
0.999977 0.00332297 -0.00585131 -0.0231781 -0.00330298 0.999989 0.00342384 0.0911865 0.00586262 -0.00340444 0.999977 1.12237 
0.999984 0.00297583 -0.00487247 -0.0185661 -0.00296577 0.999993 0.00207064 0.112482 0.0048786 -0.00205615 0.999986 1.14074 
0.999985 0.00479387 -0.00254006 -0.0219078 -0.00478828 0.999986 0.00220092 0.0736713 0.00255055 -0.00218872 0.999994 1.12017 
0.99999 0.00431944 -0.00135045 -0.0211277 -0.00431734 0.99999 0.00155925 0.0929146 0.0013572 -0.00155342 0.999998 1.13655 
0.999998 0.00155047 -0.00160495 -0.0149212 -0.00155047 0.999999 7.12031e-06 0.0625153 0.00160496 -4.62926e-06 0.999999 1.11423 
0.999999 0.000396609 -0.001422 -0.0150318 -0.000397937 1 -0.000935062 0.0568523 0.00142162 0.000935605 0.999999 1.10921 
0.999999 0.00120173 -0.00100907 -0.0172558 -0.00120246 0.999999 -0.000719117 0.0661583 0.00100818 0.00072032 0.999999 1.11117 
0.999997 0.00236077 -0.000829183 -0.0172863 -0.00236102 0.999997 -0.000305881 0.0417023 0.000828467 0.000307837 1 1.11036 
0.999992 0.00403146 -0.000757813 -0.0444393 -0.00403286 0.99999 -0.00185813 0.0601749 0.000750311 0.00186117 0.999998 1.11268 
0.999985 0.00542098 -0.000209041 -0.0401821 -0.00542186 0.999975 -0.00446819 0.0279541 0.000184819 0.00446925 0.99999 1.116 
0.999997 0.00239193 0.000729091 -0.0411892 -0.00239109 0.999997 -0.00115776 0.050148 -0.000731841 0.00115602 0.999999 1.12196 
0.999998 0.000880055 0.00169533 -0.0251732 -0.000886392 0.999992 0.00374578 0.0248203 -0.00169204 -0.00374729 0.999991 1.12426 
0.999998 0.000924628 0.00167341 -0.0589008 -0.000932429 0.999989 0.00466785 0.036253 -0.00166909 -0.00466939 0.999988 1.1106 
0.999995 -0.00302101 0.000992276 -0.0342865 0.00302231 0.999995 -0.00131531 0.0212498 -0.00098829 0.0013183 0.999999 1.12004 
0.999998 -0.000812296 0.00180605 -0.0460033 0.000813611 0.999999 -0.000733266 0.0280209 -0.00180546 0.000734728 0.999998 1.13713 
0.999985 0.00404172 0.00376104 -0.0494881 -0.00404603 0.999991 0.00114093 0.0142822 -0.00375639 -0.00115613 0.999992 1.13213 
0.999974 0.00509606 0.00519457 -0.071209 -0.00510092 0.999987 0.000924743 0.0200443 -0.0051898 -0.000951212 0.999986 1.14172 
0.999978 0.00353576 0.00554176 -0.0695629 -0.00353628 0.999994 8.28835e-05 0.0166626 -0.00554144 -0.000102492 0.999985 1.11737 
0.999986 0.00143094 0.00517493 -0.0926819 -0.00142801 0.999999 -0.000570597 0.0289679 -0.00517574 0.000563209 0.999986 1.13222 
0.999986 -0.000675365 0.00519397 -0.0616684 0.000681832 0.999999 -0.00124358 0.0141754 -0.00519313 0.0012471 0.999986 1.13144 
0.999987 -0.00183127 0.00475945 -0.0508423 0.00183097 0.999998 6.82338e-05 0.0124779 -0.00475956 -5.95257e-05 0.999989 1.13921 
0.999988 -0.0011242 0.00466716 -0.0516338 0.0011231 0.999999 0.000237316 0.013031 -0.00466741 -0.000232084 0.999989 1.14546 
0.999985 -0.00165014 0.00512751 -0.0351753 0.00164215 0.999997 0.00156317 0.00593948 -0.00513008 -0.00155472 0.999986 1.14663 
0.999988 0.00101083 0.00485053 -0.0475063 -0.00101395 0.999999 0.00064038 0.0188751 -0.00484987 -0.000645291 0.999988 1.15722 
0.999987 -0.000427723 0.00505431 -0.0335579 0.000424564 1 0.000623531 0.0103827 -0.00505457 -0.000621376 0.999987 1.14472 
0.999989 -0.000673931 0.00461197 -0.0407963 0.000696205 0.999988 -0.00482847 0.0126152 -0.00460866 0.00483163 0.999978 1.14058 
0.999992 -0.000523787 0.00409781 -0.0259094 0.000545826 0.999986 -0.00537964 0.00466251 -0.00409494 0.00538183 0.999977 1.14534 
0.999995 -0.000261154 0.00318026 -0.0269117 0.000266083 0.999999 -0.001546 0.0129948 -0.00317986 0.00154685 0.999994 1.16283 
0.999996 -0.000278991 0.00285879 -0.041997 0.000270426 0.999995 0.00299661 0.0176926 -0.00285961 -0.00299584 0.999991 1.19418 
0.999999 -0.000357214 0.00163522 -0.0542431 0.000357114 1 5.80742e-05 0.0144281 -0.00163524 -5.74928e-05 0.999999 1.21401 
0.999998 0.00175217 0.000700414 -0.0457373 -0.00175179 0.999998 -0.000550282 0.00470352 -0.00070137 0.000549057 1 1.20122 
0.999999 0.00138187 0.000478219 -0.0486917 -0.00138241 0.999998 0.00112818 0.000588417 -0.000476664 -0.00112884 0.999999 1.19978 
0.999999 0.0006405 0.00087868 -0.0337458 -0.000640512 1 2.3632e-05 0.00650501 -0.000878662 -2.42026e-05 1 1.2021 
0.999999 0.000522356 0.000942068 -0.0122032 -0.000520345 0.999998 -0.00213762 -0.00304508 -0.000943181 0.00213713 0.999997 1.21653 
0.999999 -0.00167494 0.000313178 -0.0130444 0.00167533 0.999998 -0.00125577 -0.00401878 -0.000311077 0.00125629 0.999999 1.24025 
0.999993 -0.00378363 -0.000104729 -0.00450039 0.00378362 0.999993 -1.63519e-05 -0.0101175 0.000104794 1.59547e-05 1 1.19399 
0.999998 -0.00190656 -0.00028134 -0.00662804 0.00190661 0.999998 0.000103853 -0.0125084 0.000281135 -0.00010439 1 1.19566 
1 -0.000714734 -2.2023e-05 -0.00824738 0.00071479 0.999996 0.00267538 -0.00479794 2.01156e-05 -0.00267538 0.999997 1.19589 
0.999996 0.00263569 0.000128821 -0.0151491 -0.00263619 0.999988 0.00400623 -0.00315189 -0.000118256 -0.00400656 0.999992 1.20348 
0.999997 0.00234903 0.000575097 -0.0225859 -0.00234918 0.999997 0.000262781 -0.012948 -0.000574484 -0.000264123 1 1.1865 
1 0.000946533 0.000134732 -0.0299711 -0.000946224 0.999997 -0.00231739 -0.0107794 -0.000136917 0.00231725 0.999997 1.17903 
1 4.80153e-05 -1.68262e-05 -0.0148306 -4.80451e-05 0.999997 -0.0025204 -0.0128803 1.67005e-05 0.00252041 0.999997 1.189 
0.999998 -0.00209063 -0.000417436 -0.00235939 0.0020904 0.999998 -0.000557405 -0.0121841 0.000418597 0.000556531 1 1.22392 
0.999999 -0.00160859 -0.000140342 -0.00162792 0.00160882 0.999997 0.00165504 -0.0124521 0.000137676 -0.00165525 0.999999 1.20754 
1 -0.000724629 0.000146006 -0.00359535 0.000724223 0.999996 0.00271873 -0.0131893 -0.00014798 -0.00271863 0.999996 1.20177 
1 0.000443988 0.000391468 -0.00976944 -0.000444897 0.999997 0.00234462 -0.0136833 -0.000390423 -0.00234479 0.999997 1.20123 
0.999999 0.00160893 9.33604e-05 -0.017869 -0.00160899 0.999998 0.000660557 -0.0110235 -9.2295e-05 -0.0006607 1 1.1983 
1 -0.000499543 7.98497e-05 -0.0120182 0.000499688 0.999998 -0.00207965 -0.00889874 -7.88113e-05 0.00207969 0.999998 1.20792 
0.999999 -0.00166442 -4.50015e-06 -0.013341 0.0016644 0.999997 -0.00168803 -0.0129395 7.31181e-06 0.00168803 0.999999 1.18482 
0.999999 -0.00161223 -0.000163905 -0.0208578 0.00161237 0.999998 0.000823908 -0.0181313 0.000162579 -0.000824182 1 1.17563 
0.999998 -0.00196499 -9.63164e-05 -0.0123796 0.00196528 0.999993 0.00313769 -0.0165443 9.01455e-05 -0.00313786 0.999995 1.17016 
0.999999 -0.00151667 6.26445e-05 -0.0131226 0.00151651 0.999996 0.00256056 -0.0148678 -6.65244e-05 -0.00256046 0.999997 1.1749 
1 0.000629667 0.000296792 -0.0205183 -0.000630073 0.999999 0.00139887 -0.01227 -0.000295912 -0.00139906 0.999999 1.16631 
0.999998 0.00221685 0.000391019 -0.0302277 -0.00221763 0.999996 0.00201378 -0.0106239 -0.000386556 -0.00201463 0.999998 1.15907 
0.999996 0.00266732 0.000195644 -0.0234222 -0.00266719 0.999996 -0.000652419 -0.0141392 -0.000197383 0.000651883 1 1.16299 
0.999997 0.00260549 0.000353254 -0.0261688 -0.00260424 0.999991 -0.00349133 -0.00547791 -0.000362342 0.00349039 0.999994 1.1716 
0.999998 0.001893 0.000279261 -0.0195084 -0.0018926 0.999997 -0.00141493 0.00386047 -0.000281939 0.0014144 0.999999 1.17033 
1 -0.000475291 -0.000147442 -0.0134802 0.000475045 0.999999 -0.00163916 0.0034523 0.00014822 0.00163907 0.999999 1.16846 
0.999999 -0.00139309 -1.29631e-05 -0.0111208 0.00139308 0.999998 -0.00141704 0.00405979 1.49356e-05 0.00141703 0.999999 1.16976 
1 -0.000525735 -0.000157392 -0.0113659 0.000526033 0.999998 0.00191439 0.00320339 0.000156388 -0.00191447 0.999998 1.16778 
0.999999 -0.00115605 9.86112e-05 -0.0116158 0.00115575 0.999995 0.00297204 0.00160408 -0.00010205 -0.00297193 0.999996 1.17335 
0.999993 0.00369206 -0.000438646 -0.0104074 -0.00369249 0.999993 -0.000977586 0.000360489 0.000435042 0.000979192 1 1.17628 
0.999989 0.00472121 -0.000334743 -0.0104465 -0.0047208 0.999988 0.00119503 0.00462723 0.000340378 -0.00119343 0.999999 1.19175 
0.999995 0.00322306 1.03926e-05 -0.0151615 -0.00322305 0.999994 -0.000870196 -0.00586128 -1.31959e-05 0.000870148 1 1.18369 
1 0.000720493 -9.64412e-05 -0.0136003 -0.000720829 0.999994 -0.00340055 -0.00529289 9.39853e-05 0.00340062 0.999994 1.19167 
1 0.000367112 -0.000701286 -0.0107069 -0.000370264 0.99999 -0.0044943 -0.00614929 0.000699624 0.00449455 0.99999 1.1884 
0.999995 -0.00321813 -0.000978443 -0.00554848 0.00321734 0.999995 -0.000802884 -0.00358677 0.000981019 0.00079973 0.999999 1.20152 
0.99999 -0.0043823 -0.00081055 -0.00160694 0.00438204 0.99999 -0.000328721 -0.00621319 0.000811991 0.000325159 1 1.20758 
0.999999 -0.00117044 -0.000665366 -0.00591755 0.00117128 0.999999 0.00125526 -0.00383282 0.000663894 -0.00125603 0.999999 1.21621 
1 -0.000400469 -0.000775374 -0.00679398 0.000403684 0.999991 0.00415212 -0.00661469 0.000773701 -0.00415243 0.999991 1.22137 
0.999999 -0.00153732 -0.000806347 -0.00359631 0.00153764 0.999999 0.000410348 -0.00763321 0.000805711 -0.000411581 1 1.22357 
1 -0.000263818 -0.000489369 -0.00018692 0.000261679 0.99999 -0.00436483 -0.00419903 0.000490524 0.0043647 0.99999 1.22817 
1 0.000218455 -0.000720225 -0.00335121 -0.000221349 0.999992 -0.00401073 -0.00506496 0.000719339 0.00401088 0.999992 1.23049 
0.999999 -0.000574365 -0.00108685 -0.00221634 0.000572745 0.999999 -0.00148177 -0.00522232 0.00108769 0.00148116 0.999998 1.23962 
0.999999 0.00114472 -0.000471838 -0.00415134 -0.00114422 0.999999 0.0010549 -0.00548649 0.00047305 -0.00105435 0.999999 1.2517 
0.999988 0.00487496 -0.000320468 -0.00904083 -0.00487338 0.999977 0.00472504 -0.00479889 0.000343492 -0.00472342 0.999989 1.26086 
0.999982 0.00593956 -6.65337e-06 -0.0138435 -0.00593948 0.999975 0.00395486 -0.0100212 3.01413e-05 -0.00395476 0.999992 1.26149 
0.999975 0.00707321 0.000300955 -0.0154448 -0.00707315 0.999975 -0.000257103 -0.0102472 -0.000302767 0.000254971 1 1.26109 
0.999994 0.00356407 0.000385035 -0.012867 -0.00356326 0.999991 -0.00208184 -0.0130692 -0.000392459 0.00208045 0.999998 1.26044 
0.999998 0.00193965 -0.000409132 -0.0100107 -0.00194015 0.999997 -0.00124351 -0.0123711 0.000406727 0.0012443 0.999999 1.26185 
1 0.00070598 -0.00057498 -0.00587845 -0.000706002 1 -3.34847e-05 -0.0147943 0.000574958 3.39075e-05 1 1.25965 
0.999997 -0.00224043 -0.000707263 0.0057478 0.00223961 0.999997 -0.00113954 -0.0149708 0.000709811 0.00113795 0.999999 1.26117 
1 0.000112146 -0.00050444 -0.0198078 -0.000111975 1 0.000339352 -0.0112848 0.000504473 -0.0003393 1 1.25447 
1 -0.000108488 -0.00074661 -0.0208597 0.000112265 0.999987 0.00506418 -0.000718117 0.000746051 -0.00506427 0.999987 1.27161 
0.999999 -0.000609994 -0.000830421 -0.0304213 0.000614144 0.999987 0.00500138 0.000763893 0.000827352 -0.00500187 0.999987 1.27852 
1 -2.86624e-05 -0.000228137 -0.032135 2.82228e-05 0.999998 -0.00189133 -0.00419807 0.000228191 0.00189132 0.999998 1.26537 
1 -1.79559e-05 0.00050946 -0.0279474 1.87978e-05 0.999999 -0.00165073 0.00143433 -0.000509424 0.00165075 0.999998 1.27742 
0.999999 -0.000708587 0.000987614 -0.0190239 0.000708453 1 0.000122301 -0.00641632 -0.000987699 -0.000121595 1 1.26234 
1 0.000278331 0.000788078 -0.0206594 -0.00027772 1 -0.000764837 -0.00611115 -0.000788298 0.00076462 0.999999 1.26588 
1 -0.000351518 0.000642348 -0.0156345 0.000350647 0.999999 0.00134553 -0.0093956 -0.000642814 -0.00134532 0.999999 1.25861 
0.999999 0.00128789 0.000828542 -0.00662422 -0.00129142 0.99999 0.00428103 0.000389099 -0.000823015 -0.00428209 0.999991 1.26566 
0.999998 0.00138833 0.00140524 -0.00966549 -0.00139034 0.999998 0.00142423 -0.00675011 -0.00140326 -0.0014262 0.999998 1.25432 
0.999997 0.00229118 0.0010166 -0.0124855 -0.00228856 0.999994 -0.00257952 -0.00802994 -0.00102251 0.00257718 0.999996 1.25186 
0.999999 -0.00108525 6.54142e-05 -0.00960636 0.00108545 0.999994 -0.00345132 -0.0101948 -6.16647e-05 0.00345139 0.999994 1.24286 
0.999996 -0.00283249 -0.000242773 -0.00523567 0.00283208 0.999995 -0.00172078 -0.00906944 0.000247639 0.00172008 0.999998 1.24609 
0.999999 -0.00122713 -0.000309657 0.00538158 0.00122698 0.999999 -0.000508622 -0.00224018 0.000310287 0.000508252 1 1.25259 
0.999996 -0.00276241 -0.000358736 0.00186539 0.00276242 0.999996 5.61388e-05 -0.0049324 0.000358574 -5.71284e-05 1 1.24385 
0.999998 -0.00218529 -0.00033474 0.00215626 0.00218504 0.999997 -0.000727591 -0.00732231 0.000336332 0.000726878 1 1.24391 
1 -0.000442851 0.000180073 -0.0037365 0.000442844 1 7.12161e-05 -0.00716591 -0.000180103 -7.11475e-05 1 1.23859 
0.999996 -0.00270609 -0.000397038 0.000162125 0.00270687 0.999994 0.00195473 -0.0042963 0.000391744 -0.00195581 0.999998 1.24352 
0.999997 -0.00237849 -0.000448313 -0.00301647 0.00237922 0.999996 0.00164841 -0.00727272 0.000444397 -0.00164949 0.999999 1.23863 
0.999997 -0.00246848 -0.000238942 0.00112915 0.00246812 0.999996 -0.00151055 -0.00637436 0.000242669 0.00150995 0.999999 1.23801 
0.999999 0.00115059 -0.000556082 -0.00536823 -0.00115049 0.999999 0.000166462 -0.007967 0.000556273 -0.000165802 1 1.23206 
1 0.000593226 7.39302e-05 -0.00543785 -0.000593569 0.999988 0.00481185 -0.00549698 -7.10767e-05 -0.0048119 0.999988 1.23886 
0.999984 0.00557847 0.000576472 -0.0128593 -0.00558215 0.999963 0.00656241 -0.00998688 -0.000539841 -0.00656553 0.999978 1.23466 
0.999989 0.00445978 0.00170271 -0.0128241 -0.00446082 0.99999 0.000600101 -0.0119476 -0.00170003 -0.000607696 0.999998 1.23346 
0.999992 0.00376172 0.00154993 -0.0135546 -0.00375556 0.999985 -0.00394129 -0.0130348 -0.00156473 0.00393543 0.999991 1.22223 
0.999997 0.00169765 0.00172644 -0.0163794 -0.00168877 0.999985 -0.00513944 -0.00951004 -0.00173515 0.00513654 0.999985 1.21635 
0.999997 0.00245947 0.000899163 -0.0325708 -0.00245733 0.999994 -0.00236902 0.00106049 -0.000904986 0.00236679 0.999997 1.22194 
0.999991 -0.00430262 0.000680379 -0.0214911 0.00430385 0.999989 -0.00181152 -0.00387383 -0.000672566 0.00181443 0.999998 1.22124 
0.999991 -0.00423192 -8.22712e-05 -0.0213547 0.0042314 0.999976 -0.00548939 -0.00136662 0.000105493 0.005489 0.999985 1.21774 
0.999986 -0.00535548 -0.000438968 -0.00139713 0.00535471 0.999984 -0.00173871 -0.00788116 0.00044827 0.00173632 0.999998 1.20619 
0.999993 -0.00343476 -0.00113898 0.00667286 0.00343536 0.999994 0.0005295 -0.00873756 0.00113716 -0.000533415 0.999999 1.19698 
1 0.000523437 0.000493332 -0.00352001 -0.000527326 0.999968 0.00791386 -0.00825977 -0.000489169 -0.0079141 0.999969 1.20937 
0.999997 0.0020265 0.00166699 -0.00209618 -0.00203145 0.999994 0.00297575 -0.0127029 -0.00166095 -0.00297912 0.999994 1.20393 
0.999998 0.000512652 0.00191221 -0.00428677 -0.000506334 0.999994 -0.00330396 -0.0129433 -0.0019139 0.00330298 0.999993 1.20134 
0.999998 0.00192267 0.000951055 -0.00506401 -0.00192168 0.999998 -0.0010363 -0.00945091 -0.000953048 0.00103447 0.999999 1.20499 
0.999999 -0.00110305 0.000807416 -0.003232 0.00110126 0.999997 0.00222142 -0.0124054 -0.000809867 -0.00222054 0.999997 1.20451 
1 -0.000801258 0.000623282 -0.00428867 0.000802223 0.999998 -0.00154791 -0.0137024 -0.000622033 0.00154842 0.999999 1.19266 
0.999999 1.13212e-05 0.00162028 -0.00333309 -8.66503e-06 0.999999 -0.0016379 -0.0113335 -0.0016203 0.00163787 0.999997 1.17442 
0.999997 0.00167358 0.00168974 -0.00771809 -0.0016762 0.999998 0.00154742 -0.0136509 -0.00168715 -0.00155023 0.999997 1.14944 
0.999999 4.95277e-05 0.00145308 -0.00501537 -5.24446e-05 0.999998 0.00200922 -0.0175724 -0.00145298 -0.0020093 0.999997 1.11914 
1 0.000679526 0.000450424 -0.00554943 -0.000680238 0.999999 0.00157409 -0.017561 -0.000449354 -0.0015744 0.999999 1.08908 
1 0.000556871 0.000276027 -0.00460529 -0.000557266 0.999999 0.0014725 -0.0164852 -0.000275208 -0.00147266 0.999999 1.06551 
1 -0.000991378 -0.000127358 -0.00445652 0.000991549 0.999999 0.00123075 -0.0147038 0.000126137 -0.00123088 0.999999 1.04152 
1 0.000282884 0.000268189 -0.00353813 -0.000282679 1 -0.000775435 -0.0135479 -0.000268408 0.000775355 1 1.00969 
0.999999 0.000682972 0.00142127 -0.00645733 -0.000682924 1 -4.48578e-05 -0.0119343 -0.0014213 4.38998e-05 0.999999 0.975296 
0.999999 0.000672013 0.00162422 -0.00467777 -0.000672251 1 0.000152514 -0.0123558 -0.00162412 -0.000153624 0.999999 0.949478 
0.999999 -0.000880118 -0.000669974 9.05991e-05 0.000879154 0.999999 -0.00142876 -0.0148754 0.00067123 0.00142818 0.999999 0.93573 
0.999992 -0.002452 -0.00310494 0.00402832 0.00244353 0.999993 -0.00273275 -0.014185 0.00311162 0.00272512 0.999991 0.935379 
0.999988 -0.000263613 -0.00496631 -0.00638008 0.000246786 0.999994 -0.00338797 -0.0104389 0.00496717 0.00338671 0.999982 0.922852 
0.999987 0.00190877 -0.00483228 -0.0108757 -0.00192389 0.999993 -0.00312656 -0.00649452 0.00482628 0.00313582 0.999983 0.920578 
0.99999 0.00209992 -0.00401132 -0.0103807 -0.00210498 0.999997 -0.00126108 -0.00443077 0.00400866 0.00126949 0.999991 0.925232 
0.999994 0.00205483 -0.00277366 -0.00996304 -0.0020524 0.999997 0.000877905 -0.00220871 0.00277545 -0.000872192 0.999996 0.913574 
0.999998 -0.000614688 -0.0019391 -0.00362396 0.000617374 0.999999 0.00138375 -0.00115204 0.00193825 -0.00138494 0.999997 0.920944 
0.999994 -0.00306146 -0.00187172 -0.00221539 0.00306498 0.999994 0.0018855 -0.00244904 0.00186595 -0.00189126 0.999997 0.911865 
0.999998 -0.00139563 -0.00141704 -0.0026989 0.0013964 0.999999 0.000541338 -0.00475883 0.0014163 -0.000543307 0.999999 0.90863 
0.999999 0.00010968 -0.0010143 -0.00802803 -0.000110399 1 -0.000707603 -0.00561142 0.00101421 0.000707714 0.999999 0.904709 
0.999999 0.00152448 -0.000699118 -0.00357437 -0.00152536 0.999998 -0.00124702 -0.000678062 0.000697207 0.00124808 0.999999 0.904678 
0.999992 0.00402013 0.000253662 -0.00941277 -0.00401998 0.999992 -0.000543349 -0.0025835 -0.000255836 0.000542325 1 0.903488 
0.999996 0.00251842 0.000919417 -0.0051384 -0.00251671 0.999995 -0.00187274 -0.00290203 -0.000924131 0.00187042 0.999998 0.908722 
1 0.000567555 0.000951251 -0.00708961 -0.000565283 0.999997 -0.00237891 -0.00226402 -0.000952594 0.00237837 0.999997 0.908173 
1 -0.00033059 0.000521835 -0.00489426 0.000332117 0.999996 -0.00294076 -0.000926018 -0.000520865 0.00294093 0.999996 0.914932 
0.999999 -4.60818e-05 0.000810826 -0.00303268 4.6365e-05 1 -0.000349432 0.00304127 -0.000810806 0.00034947 1 0.919266 
0.999998 -0.00182382 0.000436429 -0.00191879 0.00182285 0.999996 0.0022663 0.00312614 -0.000440564 -0.00226551 0.999997 0.928802 
1 -0.00060809 -6.05062e-05 -0.00227547 0.000608224 0.999997 0.00245294 -8.4877e-05 5.90235e-05 -0.00245298 0.999997 0.936493 
0.99999 -0.00449042 0.000695853 -0.000915527 0.00449256 0.999985 -0.00307398 -0.00391197 -0.000682043 0.00307707 0.999995 0.934235 
0.999996 -0.0028578 -0.000315573 0.0108013 0.00285616 0.999983 -0.00507438 0.00119781 0.000330061 0.00507345 0.999987 0.940674 
0.999992 0.00386258 0.000749992 0.0023632 -0.00386341 0.999992 0.00109801 0.0105639 -0.000745738 -0.00110089 0.999999 0.95253 
0.999996 0.00233348 0.00156334 0.00816345 -0.00233888 0.999991 0.00345228 0.00034523 -0.00155528 -0.00345592 0.999993 0.967422 
0.999996 -0.00211053 0.00183265 0.00402546 0.00210954 0.999998 0.000551019 0.00121498 -0.00183381 -0.00054716 0.999998 0.964417 
0.999996 -0.00216012 0.00212367 0.048089 0.00215947 0.999998 0.000309301 0.0197535 -0.00212435 -0.000304711 0.999998 0.999054 
0.999997 0.001318 0.00183356 0.0208826 -0.00132683 0.999987 0.00482902 0.00895119 -0.00182716 -0.00483143 0.999987 0.996735 
0.999993 -0.0032431 0.00161487 0.0330496 0.00323599 0.999985 0.00438552 0.0157232 -0.00162907 -0.00438026 0.999989 1.01289 
0.999999 -0.00107547 0.0012111 0.0205946 0.0010744 0.999999 0.000878215 0.0078907 -0.00121205 -0.000876924 0.999999 1.00777 
0.999994 0.00269736 0.00230125 0.0282841 -0.00269823 0.999996 0.00037253 -0.00823975 -0.00230024 -0.00037874 0.999997 1.03331 
0.999991 0.00277649 0.00317999 0.0256863 -0.00278181 0.999995 0.00166954 -0.0209465 -0.00317534 -0.00167837 0.999994 1.04529 
0.999993 0.000987124 0.00368011 0.0278482 -0.000989903 0.999999 0.000753175 -0.0203629 -0.00367936 -0.000756816 0.999993 1.05374 
0.999991 0.0027372 0.00333019 0.00272465 -0.00272933 0.999994 -0.00236198 -0.00966835 -0.00333663 0.00235284 0.999992 1.02969 
0.999996 -0.000271495 0.00286372 -0.0223446 0.000280399 0.999995 -0.00310862 0.00226021 -0.00286287 0.0031094 0.999991 1.00214 
0.999998 -0.00103448 0.00162199 -0.0159264 0.0010368 0.999999 -0.0014377 -0.00588131 -0.0016205 0.00143939 0.999998 1.02759 
0.999999 0.00030699 0.00164332 -0.00715446 -0.000310626 0.999997 0.00222317 -0.0120792 -0.00164264 -0.00222366 0.999996 1.05836 
0.999997 0.00211596 0.00133371 -0.0221539 -0.00212038 0.999992 0.00329731 -0.0118999 -0.00132672 -0.00330012 0.999994 1.04683 
0.999999 0.000272363 0.00142091 -0.0314779 -0.000272736 1 0.000261539 -0.0270367 -0.00142084 -0.000261934 0.999999 1.04655 
0.999999 -0.00130492 0.000705713 -0.0312357 0.00130716 0.999994 -0.00320505 -0.0296898 -0.000701527 0.00320596 0.999995 1.05086 
0.999996 -0.00272834 4.76371e-05 -0.019825 0.00272847 0.999992 -0.00266026 -0.0166473 -4.03859e-05 0.00266038 0.999996 1.06165 
0.999998 -0.00210796 -0.000337757 -0.033946 0.00210748 0.999997 -0.00143375 -0.0494423 0.000340783 0.00143304 0.999999 1.06697 
1 0.000651881 0.000213266 -0.0253677 -0.000651725 1 -0.000749017 -0.026886 -0.000213758 0.000748877 1 1.08177 
1 -0.000637218 0.000270953 -0.0295458 0.00063733 1 -0.000372629 -0.0367556 -0.000270713 0.00037281 1 1.10599 
0.999997 0.00268609 -6.30468e-05 -0.0272427 -0.00268598 0.999995 0.00170432 -0.026123 6.76215e-05 -0.00170415 0.999999 1.11325 
1 0.000911847 -0.000295377 -0.00186729 -0.000911329 0.999998 0.00173822 -0.0575647 0.000296965 -0.00173796 0.999999 1.121 
1 0.000453047 -0.000646753 -0.00490284 -0.000451993 0.999999 0.00164306 -0.0423126 0.000647495 -0.00164277 0.999999 1.12495 
1 0.000700559 -0.000566673 -0.00658894 -0.000699721 0.999999 0.00148011 -0.0370483 0.000567707 -0.00147971 0.999999 1.13484 
0.999997 0.00233 -0.00061453 -0.00876045 -0.00232884 0.999996 0.00186313 -0.0392647 0.000618869 -0.0018617 0.999998 1.14458 
0.999996 0.00259561 -0.00104328 -0.0117683 -0.00259691 0.999996 -0.00123578 -0.0331211 0.00104007 0.00123849 0.999999 1.14665 
0.999999 -0.00134633 -0.00107973 -0.00694752 0.00134168 0.99999 -0.00429465 -0.0339222 0.00108551 0.00429319 0.99999 1.15007 
0.999995 -0.00292419 -0.00156472 -0.00706959 0.00291378 0.999974 -0.00661562 -0.0262489 0.00158403 0.00661103 0.999977 1.15649 
0.999987 -0.00468425 -0.0021253 0.000915527 0.00467442 0.999979 -0.00460673 -0.0221395 0.00214684 0.00459673 0.999987 1.17088 
0.999979 -0.00602355 -0.0024307 -0.000915527 0.00602274 0.999982 -0.00034224 -0.0140829 0.00243272 0.000327601 0.999997 1.17963 
0.999986 -0.00466423 -0.00248125 -0.000436783 0.00467482 0.99998 0.00428076 -0.0161438 0.00246123 -0.0042923 0.999988 1.19162 
0.999995 -0.00211185 -0.00215812 -0.00714111 0.00211733 0.999995 0.00254115 -0.0147305 0.00215274 -0.0025457 0.999994 1.19258 
0.999996 -0.00195078 -0.0022275 -0.00298119 0.00194913 0.999998 -0.000739792 -0.0146322 0.00222893 0.000735438 0.999997 1.20029 
0.999997 0.000261143 -0.00229566 -0.00419903 -0.000260644 1 0.000212961 -0.0138569 0.00229571 -0.000212356 0.999997 1.20905 
0.999998 -0.000710644 -0.00210244 -0.00154209 0.000714187 0.999998 0.00168826 -0.0183687 0.00210123 -0.00168977 0.999996 1.20996 
0.999997 -0.000867553 -0.00230648 -0.00102615 0.000867859 1 0.000122314 -0.0204477 0.00230637 -0.000124318 0.999997 1.21483 
0.999997 8.89264e-05 -0.00224687 -0.00586319 -9.23313e-05 0.999999 -0.00151079 -0.0175505 0.00224674 0.001511 0.999996 1.22325 
0.999998 -0.000211548 -0.00212207 -0.00572968 0.000210378 1 -0.000555289 -0.0141211 0.00212218 0.000554832 0.999998 1.22614 
0.999997 0.000691257 -0.00240559 -0.0104055 -0.000688698 0.999999 0.00106856 -0.0113802 0.00240632 -0.0010669 0.999997 1.24043 
0.999997 0.00052632 -0.00217625 -0.00763607 -0.000524905 1 0.000649343 -0.0134211 0.00217659 -0.000648199 0.999997 1.24413 
0.999996 0.00138518 -0.0023839 -0.0122776 -0.00138339 0.999999 0.000748565 -0.0131226 0.00238494 -0.00074526 0.999997 1.2486 
0.999996 0.00181963 -0.00227857 -0.0242462 -0.00181537 0.999997 0.00187501 -0.0179634 0.00228198 -0.00187087 0.999996 1.24077 
0.999997 0.00169993 -0.00149259 -0.0245285 -0.00169892 0.999998 0.000663834 -0.0123787 0.00149371 -0.000661311 0.999999 1.23885 
0.999996 0.00272777 -0.000869304 -0.0212555 -0.00272703 0.999996 0.000850096 -0.0159893 0.000871625 -0.000847709 0.999999 1.25722 
0.999999 0.00103857 0.000123883 -0.0111656 -0.00103862 0.999999 0.000518202 -0.0221863 -0.000123356 -0.000518339 1 1.26001 
0.999999 -0.00114767 -8.08071e-05 -0.0160809 0.00114757 0.999999 -0.00130346 -0.0184574 8.22935e-05 0.00130338 0.999999 1.25143 
0.999995 -0.00305 -9.61069e-05 -0.0118008 0.00304982 0.999994 -0.00187505 -0.0129642 0.000101836 0.00187474 0.999998 1.24802 
1 -0.000532582 -0.000107599 -0.00262642 0.000532605 1 0.000246417 -0.0133057 0.000107469 -0.000246468 1 1.25952 
1 -0.000242062 -0.000110142 0.00139809 0.000242166 1 0.000839468 -0.0212364 0.000109941 -0.000839505 1 1.26431 
1 -0.000808433 0.00025548 -0.00518227 0.000808459 1 -0.000129945 -0.0352688 -0.000255378 0.000130154 1 1.25757 
1 -0.000376858 0.000475094 -0.0050354 0.000376619 1 0.000480911 -0.0349598 -0.000475273 -0.000480746 1 1.255 
0.999997 -0.00230226 4.80749e-05 -0.00574684 0.00230218 0.999996 0.00155135 -0.0293865 -5.16474e-05 -0.00155123 0.999999 1.24939 
0.999989 -0.00469701 -0.000481786 0.000303268 0.00469789 0.999987 0.00179654 -0.0295048 0.00047333 -0.00179879 0.999998 1.26178 
0.999995 -0.00308573 -0.000108231 -0.00391006 0.00308608 0.999989 0.00343634 -0.0247555 9.76361e-05 -0.00343665 0.999994 1.25623 
0.999998 -0.00210012 8.21054e-06 -0.00433159 0.0021001 0.999995 0.00232049 -0.027607 -1.30944e-05 -0.00232047 0.999997 1.25482 
1 0.000218563 2.23834e-05 -0.0100975 -0.000218544 1 -0.00104563 -0.0251999 -2.26069e-05 0.00104563 1 1.2413 
0.999998 0.0019135 0.000143401 -0.011858 -0.00191319 0.999996 -0.00211791 -0.0236492 -0.00014746 0.00211761 0.999998 1.24072 
0.999984 0.00554726 -0.000117784 -0.0276432 -0.00554692 0.999981 0.00273702 -0.0222187 0.000132971 -0.00273631 0.999996 1.2482 
0.999982 0.00597371 0.000182886 -0.0346851 -0.00597482 0.999959 0.00686807 -0.0269413 -0.000141852 -0.00686906 0.999976 1.25217 
0.99999 0.00434864 0.00028613 -0.0300446 -0.00434874 0.99999 0.00036682 -0.0281601 -0.000284534 -0.000368059 1 1.24048 
1 -0.000196315 0.000203583 -0.0240307 0.00019775 0.999975 -0.00707632 -0.0279903 -0.000202183 0.00707635 0.999975 1.23056 
0.999995 -0.00291665 -0.000748063 -0.0208492 0.00291212 0.999978 -0.00596904 -0.00896072 0.000765447 0.00596684 0.999982 1.2244 
