1 -1.19762e-11 -1.70464e-10 -3.2141e-14 -1.19762e-11 1 -3.5625e-10 1.9984e-15 -1.70464e-10 -3.5625e-10 1 4.04121e-14 
0.999996 -0.00287371 -0.0006777 -0.0038634 0.00287222 0.999994 -0.00219226 0.186751 0.000683995 0.0021903 0.999997 -0.808109 
0.999996 -0.00271703 -0.000873141 -0.00306769 0.00271615 0.999996 -0.00100496 0.185853 0.000875868 0.00100259 0.999999 -0.82132 
0.999999 -0.00133327 -0.000793278 -0.0127649 0.00133337 0.999999 0.00013473 0.186315 0.000793098 -0.000135788 1 -0.758933 
0.999998 -0.00197011 -0.000440926 -0.00858055 0.00197014 0.999998 6.77092e-05 0.184273 0.000440791 -6.85784e-05 1 -0.783505 
1 -0.000160563 -0.000813187 -0.00283641 0.00016051 1 -6.57749e-05 0.186164 0.000813198 6.56447e-05 1 -0.724119 
1 -0.000298265 -0.000772226 -0.00335226 0.000297245 0.999999 -0.00131996 0.187244 0.00077262 0.00131973 0.999999 -0.731387 
0.999999 -0.000695382 -0.000988662 -0.0105759 0.000692533 0.999996 -0.00287789 0.187588 0.000990659 0.0028772 0.999995 -0.68955 
0.999999 0.000138329 -0.00163312 0.00155782 -0.00014512 0.999991 -0.00415841 0.192866 0.00163253 0.00415864 0.99999 -0.645529 
0.999999 0.000788279 -0.00142564 -0.00728966 -0.000793638 0.999993 -0.00376133 0.194369 0.00142266 0.00376246 0.999992 -0.612495 
0.999999 0.000826479 -0.00121373 -0.0108032 -0.000829614 0.999996 -0.00258509 0.194517 0.00121159 0.0025861 0.999996 -0.591625 
0.999999 -0.000388275 -0.00153549 -0.00921669 0.000387847 1 -0.000279866 0.193916 0.0015356 0.00027927 0.999999 -0.58063 
0.999998 -0.00114378 -0.00152235 0.0184331 0.00114688 0.999997 0.002033 0.19217 0.00152003 -0.00203474 0.999997 -0.527974 
0.999999 7.88177e-05 -0.00124811 0.0301356 -7.48149e-05 0.999995 0.00320668 0.194294 0.00124836 -0.00320659 0.999994 -0.47372 
0.999997 0.00133363 -0.00183581 0.012773 -0.00133136 0.999998 0.00123764 0.190122 0.00183746 -0.00123518 0.999998 -0.445802 
0.999991 0.00369933 -0.00201286 0.0158025 -0.00369504 0.999991 0.00213089 0.192186 0.00202073 -0.00212343 0.999996 -0.425969 
0.999995 0.00238562 -0.00194336 -0.00350697 -0.00238307 0.999996 0.00131665 0.188796 0.00194649 -0.00131201 0.999997 -0.398718 
0.999988 -0.00426622 -0.00237459 0.0125365 0.00426986 0.99999 0.00152959 0.191553 0.00236805 -0.00153971 0.999996 -0.386666 
0.999984 -0.00461507 -0.00316455 0.0102311 0.00461743 0.999989 0.000736326 0.192653 0.00316112 -0.000750926 0.999995 -0.319096 
0.999994 -0.000900309 -0.00347376 0.0119774 0.00089705 0.999999 -0.000935868 0.192028 0.00347459 0.000932744 0.999994 -0.291019 
0.999987 0.00407811 -0.00318563 -0.0116652 -0.00408039 0.999991 -0.000712396 0.18533 0.00318271 0.000725387 0.999995 -0.274903 
0.999983 0.00518229 -0.00253567 -0.0116772 -0.00518058 0.999986 0.000681108 0.183772 0.00253916 -0.00066796 0.999997 -0.247334 
0.999991 0.00349129 -0.00251284 -0.0165556 -0.00349532 0.999993 -0.00159826 0.184214 0.00250724 0.00160703 0.999996 -0.222498 
0.999996 0.00034834 -0.00268387 0.00914392 -0.000351961 0.999999 -0.0013489 0.197783 0.0026834 0.00134984 0.999996 -0.098629 
0.999998 -0.000772535 -0.00204869 -0.00175279 0.000774906 0.999999 0.0011566 0.190326 0.00204778 -0.00115818 0.999997 -0.110569 
0.999997 -0.000758068 -0.00227576 -0.00571692 0.000761813 0.999999 0.00164505 0.187773 0.00227452 -0.00164678 0.999996 -0.0954447 
0.999994 -0.00214463 -0.00261075 -0.00236842 0.00214741 0.999997 0.00106045 0.18958 0.00260847 -0.00106605 0.999996 -0.0862255 
0.999994 -0.00291644 -0.00176688 -0.00884652 0.00291706 0.999996 0.000347383 0.188395 0.00176586 -0.000352537 0.999999 -0.0889893 
0.999998 -0.00161608 -0.00129071 0.0178711 0.00161778 0.999998 0.00131328 0.199258 0.00128859 -0.00131537 0.999998 -0.0105276 
0.999998 0.00088553 -0.00195713 -0.000896931 -0.000881852 0.999998 0.00187933 0.189883 0.0019588 -0.0018776 0.999996 -0.0418491 
0.999998 0.00136226 -0.00147379 0.001993 -0.0013599 0.999998 0.00160184 0.189224 0.00147596 -0.00159983 0.999998 -0.0313311 
0.999999 0.000875109 -0.00108457 -0.0122124 -0.000873863 0.999999 0.00114866 0.182951 0.00108557 -0.00114771 0.999999 -0.057704 
0.999999 -0.00064759 -0.0014782 0.00318557 0.000649594 0.999999 0.001356 0.190474 0.00147732 -0.00135695 0.999998 -0.0216379 
0.999999 -0.000910714 -0.00130107 -0.00681788 0.000913517 0.999997 0.00215599 0.187092 0.00129909 -0.00215717 0.999997 -0.0366268 
1 -1.13092e-05 -0.000797179 -0.00175995 1.30962e-05 0.999998 0.00224065 0.189601 0.00079716 -0.00224066 0.999997 -0.0211802 
0.999999 0.000901204 -0.000715546 -0.0138307 -0.000899567 0.999997 0.00228494 0.184029 0.000717588 -0.00228429 0.999997 -0.0469885 
0.999999 0.00101393 0.000377879 -0.0125371 -0.00101468 0.999997 0.00198998 0.183833 -0.000375863 -0.00199036 0.999998 -0.0477228 
0.999998 0.000572125 0.00206178 -0.00168788 -0.000574745 0.999999 0.00127011 0.18421 -0.00206105 -0.00127129 0.999997 -0.0418196 
0.999995 -0.000110276 0.00301088 0.0104703 0.000107262 1 0.00100158 0.187295 -0.00301099 -0.00100125 0.999995 -0.0287971 
0.999992 -0.000577087 0.00404134 0.000375956 0.000572304 0.999999 0.00118434 0.183208 -0.00404202 -0.00118201 0.999991 -0.0489712 
0.999984 -0.000281905 0.00567406 -0.00227976 0.000275196 0.999999 0.00118344 0.181357 -0.00567439 -0.00118186 0.999983 -0.0549603 
0.999978 0.000106848 0.00665587 -0.000565708 -0.000112338 1 0.000824793 0.181195 -0.00665578 -0.000825526 0.999978 -0.0545063 
0.999974 -9.32218e-05 0.00722938 0.010596 8.69309e-05 1 0.000870343 0.183138 -0.00722947 -0.000869688 0.999974 -0.0328979 
0.999967 -0.000187082 0.00814088 0.014443 0.000178201 0.999999 0.00109188 0.182997 -0.00814109 -0.00109039 0.999966 -0.0330706 
0.99995 0.00110389 0.00999705 0.00311423 -0.00111736 0.999999 0.00134192 0.17954 -0.00999555 -0.00135303 0.999949 -0.0610514 
0.999916 0.00136438 0.012919 0.00932805 -0.001387 0.999998 0.00174251 0.180138 -0.0129166 -0.00176028 0.999915 -0.0661182 
0.999874 0.00077191 0.0158444 0.00257325 -0.000804694 0.999997 0.00206282 0.176362 -0.0158428 -0.00207532 0.999872 -0.0960388 
0.999812 -0.000547142 0.0194062 0.0323155 0.000526058 0.999999 0.00109155 0.183853 -0.0194067 -0.00108112 0.999811 -0.0742826 
0.999762 -0.000859201 0.0218124 0.0246836 0.000863914 1 -0.000206588 0.180798 -0.0218122 0.000225384 0.999762 -0.110794 
0.999721 -0.000624243 0.0236259 0.0332494 0.000651012 0.999999 -0.00112536 0.180328 -0.0236252 0.00114042 0.99972 -0.117647 
0.99964 -0.000877245 0.0268197 0.0224534 0.000915398 0.999999 -0.00141029 0.179502 -0.0268184 0.00143433 0.999639 -0.15977 
0.999544 -0.00107391 0.0301848 0.0415064 0.00112854 0.999998 -0.00179289 0.180308 -0.0301827 0.00182614 0.999543 -0.158735 
0.999436 0.000339342 0.0335777 0.0410514 -0.000234204 0.999995 -0.00313506 0.180247 -0.0335787 0.00312543 0.999431 -0.197308 
0.9993 -0.000346132 0.0374023 0.0390573 0.000480213 0.999993 -0.00357588 0.179965 -0.0374008 0.00359133 0.999294 -0.217813 
0.999166 -0.000246565 0.0408346 0.0615156 0.000456601 0.999987 -0.00513445 0.177073 -0.0408327 0.00514881 0.999153 -0.211456 
0.999069 -0.00291774 0.0430457 0.0400732 0.0030991 0.999987 -0.00414731 0.17891 -0.043033 0.00427685 0.999065 -0.252137 
0.999016 -0.00252849 0.044275 0.0575418 0.00269367 0.99999 -0.00367157 0.18137 -0.0442652 0.00378722 0.999013 -0.266892 
0.998936 -0.00114089 0.0460976 0.0685873 0.00135949 0.999988 -0.00471108 0.178787 -0.0460917 0.00476873 0.998926 -0.264732 
0.998863 -0.000593356 0.0476745 0.0560441 0.00092853 0.999975 -0.00700833 0.184007 -0.0476691 0.00704462 0.998838 -0.300632 
0.998819 -0.00202285 0.0485466 0.0514164 0.00231559 0.999979 -0.00597484 0.183137 -0.0485337 0.0060802 0.998803 -0.295092 
0.998739 -0.003763 0.0500556 0.0908847 0.00394639 0.999986 -0.00356557 0.180616 -0.0500414 0.00375861 0.99874 -0.271395 
0.998651 -0.00256258 0.0518528 0.0611849 0.00269128 0.999993 -0.00241217 0.181764 -0.0518462 0.00254847 0.998652 -0.322021 
0.998592 -0.00432737 0.0528651 0.106767 0.00433837 0.999991 -9.33725e-05 0.179811 -0.0528643 0.000322589 0.998602 -0.316976 
0.998553 -0.00231019 0.0537189 0.0628986 0.00238937 0.999996 -0.00140967 0.176171 -0.0537154 0.00153598 0.998555 -0.343349 
0.998467 -0.00301608 0.0552755 0.0600843 0.00313254 0.999993 -0.00202057 0.174885 -0.0552688 0.00219063 0.998469 -0.356698 
0.998485 -0.000589327 0.055016 0.103077 0.000694782 0.999998 -0.00189751 0.175166 -0.0550149 0.00193285 0.998484 -0.35625 
0.998498 0.000259304 0.0547909 0.0533314 -0.000240223 1 -0.000354956 0.179448 -0.054791 0.000341256 0.998498 -0.414281 
0.998492 0.00239071 0.0548375 0.0614357 -0.00233515 0.999997 -0.00107729 0.180045 -0.0548398 0.000947629 0.998495 -0.435933 
0.998476 0.00218288 0.0551511 0.0881815 -0.00207929 0.999996 -0.0019354 0.177255 -0.0551552 0.00181776 0.998476 -0.436372 
0.998476 -0.000912764 0.0551818 0.0562468 0.000989544 0.999999 -0.00136427 0.176234 -0.0551804 0.00141682 0.998475 -0.466563 
0.998403 -0.00189445 0.0564548 0.0985069 0.00181043 0.999997 0.00153943 0.173639 -0.0564577 -0.00143478 0.998404 -0.458088 
0.998291 0.00211305 0.0584095 0.0536327 -0.00211278 0.999998 -6.63511e-05 0.175327 -0.0584095 -5.71725e-05 0.998293 -0.522072 
0.998302 0.00219782 0.0582109 0.0433979 -0.00215013 0.999997 -0.000882001 0.175471 -0.0582125 0.000755352 0.998304 -0.528423 
0.998355 0.000564585 0.0573263 0.0897923 -0.000662742 0.999998 0.00169355 0.171865 -0.0573253 -0.00172877 0.998354 -0.549562 
0.998459 -0.00205027 0.0554657 0.0461979 0.00231236 0.999986 -0.00466155 0.173985 -0.0554554 0.00478261 0.99845 -0.566031 
0.9986 -0.000499258 0.0528942 0.0417004 0.000815092 0.999982 -0.00594967 0.178562 -0.0528903 0.00598446 0.998582 -0.587366 
0.998747 0.00311113 0.0499548 0.0632114 -0.00301776 0.999994 -0.00194453 0.17906 -0.0499604 0.00179135 0.99875 -0.638261 
0.99898 -6.73309e-05 0.0451486 0.0336914 0.000155669 0.999998 -0.00195304 0.184137 -0.0451483 0.00195807 0.998978 -0.640198 
0.999157 -0.00285278 0.0409637 0.0528927 0.00280518 0.999995 0.00121945 0.179867 -0.040967 -0.00110351 0.99916 -0.679328 
0.999355 -0.00365067 0.0357185 0.0349331 0.00348111 0.999982 0.00480823 0.167576 -0.0357354 -0.00468079 0.99935 -0.674681 
0.999565 -0.00407046 0.0292088 0.0408497 0.00404064 0.999991 0.00107981 0.169273 -0.029213 -0.000961321 0.999573 -0.706155 
0.999767 -0.00273691 0.0213974 0.0282478 0.00283408 0.999986 -0.00451224 0.176235 -0.0213848 0.00457183 0.999761 -0.736654 
0.999909 0.000171276 0.0134845 0.0196285 -8.88733e-05 0.999981 -0.00611128 0.180236 -0.0134853 0.00610951 0.999891 -0.79409 
0.999966 -0.000360752 0.00827976 0.0220432 0.000387744 0.999995 -0.00325844 0.182507 -0.00827855 0.00326155 0.99996 -0.765143 
0.999991 0.000861618 0.00416424 0.0149956 -0.000871836 0.999997 0.00245198 0.181663 -0.00416211 -0.0024556 0.999988 -0.798104 
0.999983 0.00581175 2.38679e-05 0.0125084 -0.0058118 0.999975 0.00396644 0.173616 -8.15839e-07 -0.0039665 0.999992 -0.79844 
0.999907 0.0132412 -0.00324978 -0.00348663 -0.0132314 0.999908 0.00302466 0.164368 0.00328952 -0.0029814 0.99999 -0.862826 
0.999984 0.00156277 -0.0053845 0.0154819 -0.00156391 0.999999 -0.000208788 0.173374 0.00538416 0.000217218 0.999985 -0.850688 
0.999979 -0.00295578 -0.00569078 0.0216904 0.0029588 0.999995 0.00052265 0.181334 0.00568922 -0.000539474 0.999984 -0.884765 
0.999983 0.00518291 -0.00275761 0.0148373 -0.00516415 0.999964 0.00676678 0.171843 0.00279258 -0.00675243 0.999973 -0.879414 
0.999997 -0.00173042 -0.00203971 0.0285072 0.00175177 0.999943 0.0105153 0.154709 0.00202139 -0.0105189 0.999943 -0.934816 
0.999969 -0.00783933 -0.00122429 0.037178 0.00784864 0.999939 0.00778979 0.161459 0.00116317 -0.00779914 0.999969 -0.92429 
0.999984 -0.005582 0.0011984 0.0339603 0.00557755 0.999978 0.00368653 0.158157 -0.00121895 -0.00367977 0.999992 -0.947752 
0.999956 -0.0087753 0.00319617 0.0380058 0.00879657 0.999939 -0.00670115 0.174883 -0.00313718 0.00672896 0.999972 -0.96656 
0.999967 -0.00702235 0.0041514 0.035162 0.00705538 0.999943 -0.00799747 0.178555 -0.004095 0.00802649 0.999959 -0.988617 
0.999988 -0.000919227 0.0048631 0.029808 0.000965176 0.999955 -0.00945456 0.171638 -0.0048542 0.00945913 0.999943 -1.02084 
0.999997 -0.00145924 0.0018779 0.0287094 0.00147735 0.999952 -0.00968049 0.177958 -0.00186368 0.00968323 0.999951 -1.03259 
0.999999 0.00119253 0.00118271 0.024189 -0.0011819 0.999959 -0.00895183 0.18264 -0.00119334 0.00895041 0.999959 -1.03655 
0.999997 0.00181598 0.00141995 0.0214291 -0.00181372 0.999997 -0.00158682 0.180853 -0.00142283 0.00158423 0.999998 -1.02993 
0.999997 -0.00160794 0.00189653 0.0265732 0.00160144 0.999993 0.00342262 0.190878 -0.00190201 -0.00341956 0.999992 -1.03126 
0.999997 -0.00033885 0.00244961 0.0113621 0.000327965 0.99999 0.00444268 -0.11478 -0.0024511 -0.00444186 0.999987 -1.12367 
0.999989 -8.5276e-06 0.00477451 0.00854874 -1.51951e-05 0.999988 0.00496865 -0.19651 -0.0047745 -0.00496866 0.999976 -1.13656 
0.999983 -0.000344344 0.00577125 0.0134735 0.000315129 0.999987 0.00506226 -0.0905132 -0.00577291 -0.00506035 0.999971 -1.09086 
0.999978 -0.00107693 0.00659423 0.0107841 0.00105954 0.999996 0.00263894 -0.182623 -0.00659705 -0.0026319 0.999975 -1.1186 
0.999979 -4.00885e-05 0.00647928 0.0134773 6.15477e-05 0.999994 -0.00331157 -0.0887794 -0.00647911 0.00331191 0.999973 -1.10619 
0.999977 -0.00130532 0.00666902 0.0159817 0.00134101 0.999985 -0.00534942 -0.155519 -0.00666193 0.00535823 0.999963 -1.14118 
0.999977 -0.00330298 0.00586262 0.0168972 0.00332298 0.999989 -0.00340444 -0.0872879 -0.00585131 0.00342384 0.999977 -1.12278 
0.999984 -0.00296577 0.0048786 0.0133324 0.00297583 0.999993 -0.00205616 -0.110079 -0.00487247 0.00207064 0.999986 -1.14105 
0.999985 -0.00478828 0.00255056 0.0194054 0.00479386 0.999986 -0.00218873 -0.0711136 -0.00254004 0.00220092 0.999994 -1.12038 
0.99999 -0.00431733 0.00135718 0.019989 0.00431944 0.99999 -0.0015534 -0.0910568 -0.00135046 0.00155926 0.999998 -1.13672 
0.999998 -0.00155046 0.00160494 0.0132313 0.00155047 0.999999 -4.63694e-06 -0.0624847 -0.00160494 7.11274e-06 0.999999 -1.11425 
0.999999 -0.000397937 0.00142161 0.0134773 0.000396607 0.999999 0.00093562 -0.0578823 -0.001422 -0.000935055 0.999998 -1.10917 
0.999999 -0.00120246 0.0010082 0.0162182 0.00120173 0.999999 0.000720328 -0.0669346 -0.00100905 -0.000719102 0.999999 -1.11115 
0.999997 -0.00236103 0.000828452 0.016468 0.00236077 0.999997 0.000307837 -0.0420017 -0.00082919 -0.000305881 1 -1.11036 
0.999991 -0.00403286 0.000750318 0.043848 0.00403146 0.99999 0.00186117 -0.0620689 -0.000757821 -0.00185813 0.999998 -1.1126 
0.999985 -0.00542186 0.000184827 0.0401287 0.00542099 0.999975 0.00446926 -0.0327244 -0.000209048 -0.00446819 0.99999 -1.11587 
0.999997 -0.00239108 -0.000731848 0.0421276 0.00239193 0.999996 0.00115601 -0.0513458 0.000729077 -0.00115777 0.999999 -1.12187 
0.999998 -0.000886399 -0.00169203 0.0270939 0.000880051 0.999993 -0.00374727 -0.020586 0.00169536 0.0037458 0.999992 -1.1243 
0.999998 -0.000932429 -0.00166909 0.0607872 0.000924632 0.999989 -0.0046694 -0.0310116 0.00167342 0.00466783 0.999988 -1.11066 
0.999995 0.00302231 -0.000988297 0.0353279 -0.00302101 0.999995 0.0013183 -0.0228291 0.000992268 -0.00131531 0.999999 -1.11998 
0.999998 0.000813618 -0.00180546 0.0480309 -0.000812292 0.999999 0.000734734 -0.0288944 0.00180606 -0.000733258 0.999998 -1.13703 
0.999985 -0.00404603 -0.00375639 0.0537968 0.00404171 0.999991 -0.00115613 -0.0127735 0.00376103 0.00114093 0.999992 -1.13195 
0.999973 -0.00510092 -0.00518979 0.0772324 0.00509606 0.999987 -0.000951212 -0.0185938 0.00519457 0.000924735 0.999986 -1.14134 
0.999978 -0.00353627 -0.00554144 0.0758114 0.00353577 0.999994 -0.000102478 -0.0163031 0.00554176 8.28977e-05 0.999985 -1.11696 
0.999986 -0.00142801 -0.00517573 0.0985794 0.00143094 0.999999 0.000563195 -0.0294743 0.00517492 -0.000570611 0.999986 -1.1317 
0.999986 0.000681829 -0.00519313 0.0675297 -0.000675358 0.999999 0.00124711 -0.0156269 0.00519397 -0.00124358 0.999986 -1.13108 
0.999987 0.00183096 -0.00475956 0.0562344 -0.00183127 0.999998 -5.95185e-05 -0.0125046 0.00475945 6.82268e-05 0.999989 -1.13895 
0.999988 0.0011231 -0.00466741 0.0569649 -0.0011242 0.999999 -0.00023207 -0.0128222 0.00466715 0.000237316 0.999989 -1.14521 
0.999986 0.00164215 -0.00513007 0.04105 -0.00165015 0.999997 -0.00155473 -0.00421715 0.00512752 0.00156316 0.999986 -1.14644 
0.999988 -0.00101395 -0.00484988 0.0531387 0.00101083 0.999999 -0.000645292 -0.0180826 0.00485053 0.000640379 0.999988 -1.15699 
0.999987 0.000424575 -0.00505457 0.0393391 -0.000427715 1 -0.000621376 -0.00968361 0.00505431 0.000623531 0.999987 -1.14455 
0.999989 0.000696205 -0.00460866 0.0460434 -0.000673939 0.999988 0.00483164 -0.0181541 0.00461197 -0.00482847 0.999978 -1.1403 
0.999991 0.000545833 -0.00409493 0.0305958 -0.000523787 0.999985 0.00538183 -0.0108404 0.00409782 -0.00537964 0.999977 -1.14518 
0.999995 0.000266068 -0.00317985 0.0306053 -0.000261161 0.999999 0.00154684 -0.014801 0.00318026 -0.00154601 0.999994 -1.1627 
0.999996 0.000270423 -0.00285962 0.0454073 -0.000278991 0.999995 -0.00299583 -0.0141268 0.00285879 0.00299662 0.999991 -1.1941 
0.999999 0.000357121 -0.00163524 0.056222 -0.000357207 1 -5.74891e-05 -0.0143785 0.00163522 5.8078e-05 0.999999 -1.21391 
0.999998 -0.00175178 -0.000701375 0.0465879 0.00175218 0.999998 0.000549053 -0.00528049 0.000700404 -0.000550286 1 -1.20117 
0.999999 -0.00138241 -0.000476659 0.049264 0.00138187 0.999998 -0.00112884 0.000834465 0.000478226 0.00112818 0.999999 -1.19975 
0.999999 -0.000640515 -0.000878663 0.0348053 0.000640493 1 -2.41989e-05 -0.00645256 0.000878678 2.36395e-05 1 -1.20207 
1 -0.000520337 -0.000943182 0.0133486 0.000522356 0.999998 0.00213712 0.000451088 0.000942068 -0.00213762 0.999997 -1.21653 
0.999999 0.00167533 -0.000311073 0.0134363 -0.00167494 0.999998 0.00125629 0.0024395 0.00031318 -0.00125577 0.999999 -1.24024 
0.999993 0.00378363 0.000104791 0.0044136 -0.00378362 0.999993 1.59545e-05 0.0100832 -0.000104735 -1.63483e-05 1 -1.19398 
0.999998 0.00190659 0.00028114 0.00631523 -0.00190658 0.999998 -0.00010439 0.01262 -0.000281334 0.000103857 1 -1.19564 
1 0.00071479 2.011e-05 0.00822544 -0.000714734 0.999996 -0.00267539 0.00799179 -2.20276e-05 0.00267537 0.999996 -1.19586 
0.999997 -0.00263618 -0.00011826 0.0152826 0.0026357 0.999988 -0.00400657 0.00801182 0.000128818 0.00400625 0.999992 -1.20346 
0.999997 -0.00234918 -0.000574477 0.0232382 0.00234903 0.999997 -0.000264138 0.0133104 0.000575103 0.000262788 1 -1.18649 
1 -0.000946216 -0.000136927 0.0301228 0.00094654 0.999997 0.00231726 0.00807285 0.000134724 -0.00231737 0.999997 -1.17904 
1 -4.80562e-05 1.67042e-05 0.0148087 4.80041e-05 0.999997 0.00252041 0.00988483 -1.68225e-05 -0.00252041 0.999997 -1.18902 
0.999998 0.00209039 0.000418601 0.00187016 -0.00209063 0.999998 0.000556539 0.0115004 -0.000417433 -0.000557405 1 -1.22392 
0.999999 0.00160882 0.00013768 0.00148106 -0.00160859 0.999997 -0.00165526 0.0144491 -0.000140338 0.00165503 0.999999 -1.20753 
1 0.000724226 -0.000147975 0.00378513 -0.000724617 0.999996 -0.00271863 0.0164557 0.000146009 0.00271874 0.999996 -1.20174 
1 -0.000444908 -0.000390427 0.0102339 0.000443984 0.999997 -0.0023448 0.0165043 0.000391467 0.00234462 0.999997 -1.20121 
0.999999 -0.001609 -9.22969e-05 0.0179625 0.00160893 0.999999 -0.000660708 0.0118437 9.33576e-05 0.00066055 1 -1.1983 
1 0.000499707 -7.88094e-05 0.0121164 -0.000499532 0.999998 0.00207969 0.00638008 7.98497e-05 -0.00207965 0.999998 -1.20793 
0.999999 0.0016644 7.31181e-06 0.0133524 -0.00166442 0.999997 0.00168803 0.0109186 -4.50294e-06 -0.00168804 0.999999 -1.18482 
0.999999 0.00161236 0.000162578 0.0206947 -0.00161224 0.999998 -0.000824167 0.0190678 -0.000163908 0.000823923 1 -1.17561 
0.999998 0.00196529 9.0152e-05 0.0123053 -0.00196499 0.999993 -0.00313787 0.0201931 -9.63118e-05 0.00313768 0.999995 -1.17011 
0.999999 0.00151651 -6.65272e-05 0.0132227 -0.00151667 0.999996 -0.00256046 0.0178547 6.26426e-05 0.00256056 0.999997 -1.17485 
1 -0.000630077 -0.000295912 0.0208569 0.000629652 0.999999 -0.00139905 0.0139141 0.000296792 0.00139887 0.999999 -1.16628 
0.999998 -0.00221762 -0.000386553 0.030653 0.00221685 0.999996 -0.00201465 0.0130234 0.000391021 0.00201376 0.999998 -1.15903 
0.999996 -0.00266719 -0.000197384 0.023613 0.00266732 0.999996 0.00065189 0.0134411 0.000195643 -0.000652412 1 -1.16299 
0.999997 -0.00260424 -0.000362348 0.026576 0.00260548 0.999991 0.00349039 0.00145721 0.000353249 -0.00349132 0.999994 -1.1716 
0.999998 -0.0018926 -0.000281936 0.0198421 0.001893 0.999997 0.0014144 -0.00547981 0.000279263 -0.00141493 0.999999 -1.17032 
1 0.000475049 0.000148221 0.0133047 -0.000475284 0.999999 0.00163909 -0.005373 -0.000147441 -0.00163914 0.999999 -1.16846 
0.999999 0.00139308 1.49366e-05 0.0110989 -0.0013931 0.999998 0.00141703 -0.00573349 -1.29612e-05 -0.00141706 0.999999 -1.16975 
1 0.000526041 0.000156384 0.0111818 -0.000525739 0.999998 -0.00191446 -0.000972748 -0.000157394 0.00191438 0.999998 -1.16779 
0.999999 0.00115575 -0.000102048 0.011734 -0.00115605 0.999995 -0.00297193 0.0018692 9.86131e-05 0.00297204 0.999996 -1.17336 
0.999993 -0.00369249 0.000435034 0.00989819 0.00369206 0.999993 0.000979192 -0.00147629 -0.000438655 -0.000977571 0.999999 -1.17629 
0.999989 -0.00472081 0.000340382 0.0100632 0.0047212 0.999988 -0.00119344 -0.00315666 -0.00033474 0.00119502 0.999999 -1.19176 
0.999995 -0.00322305 -1.31968e-05 0.0151567 0.00322306 0.999995 0.000870156 0.00488091 1.03926e-05 -0.000870182 1 -1.1837 
1 -0.000720829 9.39909e-05 0.0134821 0.000720508 0.999994 0.00340061 0.00125122 -9.64375e-05 -0.00340055 0.999994 -1.1917 
1 -0.000370264 0.000699627 0.00987244 0.000367116 0.99999 0.00449456 0.000814438 -0.000701282 -0.00449429 0.99999 -1.18844 
0.999994 0.00321734 0.000981023 0.00438023 -0.00321812 0.999995 0.000799723 0.00261021 -0.000978439 -0.000802883 0.999999 -1.20154 
0.99999 0.00438204 0.000811983 0.000654221 -0.0043823 0.99999 0.000325163 0.00581551 -0.000810559 -0.000328713 1 -1.20758 
0.999999 0.00117128 0.000663891 0.00511551 -0.00117044 0.999999 -0.00125604 0.00535393 -0.000665363 0.00125526 0.999999 -1.2162 
1 0.000403687 0.000773703 0.00585079 -0.000400469 0.999991 -0.00415243 0.0116825 -0.000775373 0.00415213 0.999991 -1.22134 
0.999998 0.00153765 0.000805713 0.00262356 -0.00153732 0.999999 -0.000411589 0.00812817 -0.000806345 0.00041034 1 -1.22357 
1 0.000261672 0.000490515 -0.000413895 -0.000263818 0.99999 0.0043647 -0.00116253 -0.000489378 -0.00436482 0.99999 -1.22818 
1 -0.000221342 0.000719342 0.00246525 0.000218458 0.999992 0.00401089 0.0001297 -0.00072022 -0.00401073 0.999992 -1.23051 
0.999999 0.000572752 0.0010877 0.000870705 -0.000574358 0.999999 0.00148116 0.00338364 -0.00108684 -0.00148178 0.999998 -1.23963 
0.999999 -0.00114422 0.000473043 0.00355339 0.00114472 0.999999 -0.00105435 0.00681019 -0.000471842 0.0010549 0.999999 -1.2517 
0.999988 -0.00487339 0.000343492 0.00858498 0.00487496 0.999977 -0.00472343 0.0107975 -0.000320464 0.00472504 0.999989 -1.26083 
0.999982 -0.00593948 3.01432e-05 0.0137444 0.00593956 0.999974 -0.00395475 0.0150919 -6.65337e-06 0.00395487 0.999992 -1.26145 
0.999975 -0.00707314 -0.000302766 0.0157518 0.00707322 0.999975 0.000254963 0.0100336 0.000300955 -0.000257095 1 -1.26109 
0.999994 -0.00356327 -0.000392456 0.0133142 0.00356407 0.999992 0.00208045 0.0104952 0.000385042 -0.00208184 0.999998 -1.26045 
0.999998 -0.00194016 0.00040672 0.0094738 0.00193965 0.999997 0.00124431 0.0108242 -0.000409139 -0.0012435 0.999999 -1.26187 
1 -0.000705995 0.000574954 0.00514317 0.000705987 1 3.38928e-05 0.0147562 -0.000574984 -3.35001e-05 1 -1.25964 
0.999997 0.00223961 0.000709813 -0.00660896 -0.00224041 0.999997 0.00113795 0.0135508 -0.000707263 -0.00113954 0.999999 -1.26117 
1 -0.00011199 0.000504481 0.0191755 0.000112146 1 -0.000339292 0.0117121 -0.000504436 0.000339359 1 -1.25447 
1 0.000112265 0.000746049 0.0199108 -0.000108488 0.999987 -0.00506426 0.00715446 -0.000746612 0.0050642 0.999987 -1.27161 
1 0.000614144 0.000827363 0.0293636 -0.000610001 0.999987 -0.00500187 0.00561142 -0.000830416 0.00500136 0.999987 -1.27853 
1 2.82228e-05 0.000228191 0.0318489 -2.86549e-05 0.999998 0.00189133 0.00180435 -0.000228137 -0.00189133 0.999998 -1.26538 
1 1.87978e-05 -0.000509428 0.0285988 -1.79633e-05 0.999999 0.00165075 -0.00354576 0.000509456 -0.00165075 0.999999 -1.27742 
0.999999 0.000708468 -0.000987697 0.0202751 -0.000708587 1 -0.000121602 0.00655556 0.000987612 0.000122293 1 -1.26234 
1 -0.000277713 -0.000788288 0.0216551 0.000278324 1 0.000764605 0.00514793 0.000788087 -0.000764844 0.999999 -1.26585 
1 0.000350647 -0.000642817 0.0164461 -0.000351511 0.999999 -0.00134531 0.0110817 0.000642342 0.00134555 0.999999 -1.25858 
0.999999 -0.00129142 -0.000823021 0.00766468 0.00128789 0.99999 -0.00428209 0.00503922 0.000828538 0.00428102 0.999991 -1.26562 
0.999998 -0.00139034 -0.00140326 0.0114164 0.00138833 0.999998 -0.00142618 0.00855255 0.00140525 0.00142423 0.999998 -1.25427 
0.999997 -0.00228856 -0.00102251 0.0137453 0.00229118 0.999994 0.00257719 0.00483322 0.00101661 -0.00257952 0.999996 -1.25186 
1 0.00108547 -6.1674e-05 0.00969315 -0.00108524 0.999993 0.00345139 0.00589561 6.54086e-05 -0.00345132 0.999994 -1.24289 
0.999996 0.00283206 0.000247646 0.00495148 -0.0028325 0.999995 0.00172008 0.00691128 -0.000242766 -0.00172077 0.999999 -1.24609 
0.999999 0.00122698 0.000310281 -0.00576973 -0.00122713 0.999999 0.000508244 0.00161076 -0.000309661 -0.000508622 1 -1.25261 
0.999996 0.00276243 0.000358576 -0.0022974 -0.0027624 0.999996 -5.71207e-05 0.00500965 -0.000358729 5.61466e-05 1 -1.24385 
0.999998 0.00218504 0.000336329 -0.00255775 -0.00218529 0.999997 0.000726862 0.00642204 -0.000334742 -0.000727605 1 -1.24391 
1 0.000442836 -0.000180103 0.00396061 -0.000442859 1 -7.114e-05 0.00725079 0.000180073 7.1216e-05 1 -1.2386 
0.999996 0.00270686 0.000391746 -0.000638962 -0.00270609 0.999995 -0.0019558 0.00672913 -0.000397032 0.00195473 0.999998 -1.24348 
0.999997 0.00237922 0.000444392 0.00248432 -0.00237848 0.999996 -0.00164948 0.00930977 -0.00044832 0.00164842 0.999999 -1.2386 
0.999997 0.00246812 0.000242671 -0.00141239 -0.00246848 0.999996 0.00150995 0.00450897 -0.00023894 -0.00151055 0.999999 -1.23805 
0.999999 -0.00115049 0.000556273 0.00467491 0.00115058 0.999999 -0.000165817 0.0081768 -0.00055608 0.000166447 1 -1.23203 
1 -0.000593577 -7.10767e-05 0.00552368 0.000593215 0.999988 -0.00481189 0.0114613 7.39321e-05 0.00481184 0.999989 -1.23882 
0.999984 -0.00558214 -0.000539845 0.0134706 0.00557848 0.999963 -0.00656553 0.0181675 0.000576468 0.00656241 0.999978 -1.23457 
0.999989 -0.0044608 -0.00170002 0.0148687 0.00445979 0.99999 -0.000607681 0.0127544 0.00170272 0.000600101 0.999998 -1.23343 
0.999992 -0.00375557 -0.00156473 0.0154181 0.00376169 0.999985 0.00393544 0.00827408 0.00154993 -0.00394128 0.999991 -1.22223 
0.999997 -0.00168876 -0.00173514 0.0184736 0.00169767 0.999985 0.00513652 0.00328827 0.00172645 -0.00513947 0.999985 -1.21635 
0.999997 -0.00245734 -0.000904984 0.033679 0.00245947 0.999994 0.00236679 -0.00387383 0.000899162 -0.002369 0.999997 -1.22191 
0.999991 0.00430385 -0.000672576 0.0223284 -0.00430263 0.999989 0.00181443 0.00156498 0.000680367 -0.00181152 0.999998 -1.22125 
0.999991 0.00423141 0.000105498 0.0212317 -0.00423192 0.999976 0.005489 -0.00540543 -8.22656e-05 -0.0054894 0.999985 -1.21771 
0.999985 0.00535471 0.000448272 0.000899315 -0.00535548 0.999984 0.00173633 0.00578117 -0.000438965 -0.0017387 0.999998 -1.20619 
0.999994 0.00343536 0.00113715 -0.00800228 -0.00343476 0.999994 -0.000533408 0.00940037 -0.00113898 0.0005295 0.999999 -1.19698 
1 -0.000527322 -0.000489175 0.00410843 0.000523441 0.999969 -0.00791411 0.0178318 0.000493327 0.00791385 0.999969 -1.20926 
0.999997 -0.00203145 -0.00166095 0.00406933 0.00202649 0.999993 -0.00297913 0.0162945 0.00166699 0.00297574 0.999994 -1.20387 
0.999998 -0.00050633 -0.0019139 0.00657845 0.000512656 0.999994 0.00330299 0.0089817 0.00191221 -0.00330396 0.999993 -1.20139 
0.999998 -0.00192169 -0.000953043 0.00619411 0.00192267 0.999998 0.00103447 0.00821686 0.000951058 -0.00103631 0.999999 -1.20502 
0.999999 0.00110126 -0.000809862 0.00422382 -0.00110305 0.999997 -0.00222053 0.0150757 0.000807418 0.00222144 0.999997 -1.20445 
1 0.000802226 -0.000622042 0.00504208 -0.000801258 0.999999 0.00154841 0.0118523 0.000623274 -0.00154792 0.999999 -1.19266 
0.999999 -8.66875e-06 -0.00162029 0.00523567 1.13174e-05 0.999999 0.00163788 0.00941086 0.00162028 -0.00163789 0.999997 -1.17442 
0.999997 -0.00167619 -0.00168715 0.00963497 0.00167358 0.999997 -0.00155024 0.0154457 0.00168974 0.0015474 0.999997 -1.14941 
0.999999 -5.24446e-05 -0.00145298 0.00664234 4.95277e-05 0.999998 -0.0020093 0.0198174 0.00145308 0.00200923 0.999997 -1.11909 
1 -0.000680227 -0.000449354 0.00602913 0.000679534 0.999999 -0.00157441 0.0192776 0.000450424 0.0015741 0.999999 -1.08904 
1 -0.000557266 -0.000275207 0.0048914 0.000556864 0.999999 -0.00147266 0.018055 0.000276028 0.00147251 0.999999 -1.06544 
0.999999 0.000991538 0.000126137 0.00434208 -0.000991397 0.999999 -0.00123088 0.0159779 -0.000127358 0.00123074 0.999999 -1.04152 
1 -0.000282671 -0.000268408 0.00380611 0.000282887 1 0.000775362 0.0127678 0.000268188 -0.000775428 1 -1.00969 
0.999999 -0.000682913 -0.0014213 0.00783634 0.000682991 1 4.38775e-05 0.011898 0.00142127 -4.48803e-05 0.999999 -0.975266 
0.999998 -0.000672262 -0.00162412 0.00621223 0.000672009 1 -0.000153609 0.0125084 0.00162422 0.000152536 0.999999 -0.949448 
0.999999 0.000879161 0.00067123 -0.000706673 -0.000880111 0.999999 0.00142817 0.0135422 -0.000669974 -0.00142876 0.999999 -0.93576 
0.999992 0.00244352 0.00311162 -0.00690556 -0.00245201 0.999993 0.00272514 0.0116463 -0.00310494 -0.00273273 0.999991 -0.93541 
0.999988 0.000246789 0.00496717 0.00179672 -0.000263609 0.999994 0.00338671 0.00731182 -0.00496631 -0.00338798 0.999982 -0.922897 
0.999986 -0.00192389 0.00482628 0.00642014 0.00190876 0.999993 0.00313582 0.00362873 -0.00483228 -0.00312657 0.999983 -0.920624 
0.99999 -0.00210499 0.00400866 0.00666237 0.00209991 0.999997 0.0012695 0.00327778 -0.00401132 -0.00126106 0.999991 -0.925293 
0.999994 -0.00205239 0.00277545 0.0074234 0.00205484 0.999997 -0.0008722 0.00302601 -0.00277365 0.000877894 0.999996 -0.913605 
0.999998 0.00061737 0.00193824 0.00184059 -0.000614688 0.999999 -0.00138494 0.00242615 -0.0019391 0.00138374 0.999997 -0.920929 
0.999994 0.00306498 0.00186594 0.000522614 -0.00306145 0.999994 -0.00189123 0.00416851 -0.00187173 0.00188552 0.999997 -0.91185 
0.999998 0.00139639 0.00141629 0.00141716 -0.00139563 0.999999 -0.000543315 0.00524902 -0.00141705 0.000541323 0.999999 -0.90863 
1 -0.000110399 0.00101423 0.0071106 0.000109687 1 0.000707714 0.0049696 -0.00101429 -0.000707611 0.999999 -0.904739 
0.999999 -0.00152535 0.000697214 0.00294495 0.00152449 0.999998 0.00124809 -0.000447273 -0.000699112 -0.00124702 0.999999 -0.904694 
0.999992 -0.00401999 -0.000255847 0.00963402 0.00402012 0.999992 0.000542321 0.0021286 0.000253651 -0.000543349 1 -0.903488 
0.999997 -0.0025167 -0.000924129 0.00597191 0.00251844 0.999995 0.00187041 0.00121403 0.000919417 -0.00187274 0.999998 -0.908722 
0.999999 -0.000565298 -0.000952594 0.00795364 0.000567548 0.999997 0.00237837 0.000106812 0.000951245 -0.0023789 0.999997 -0.908203 
1 0.000332117 -0.000520861 0.00537109 -0.00033059 0.999995 0.00294094 -0.00176811 0.000521839 -0.00294076 0.999995 -0.914948 
1 4.63799e-05 -0.000810808 0.00377846 -4.60744e-05 1 0.000349469 -0.00336361 0.000810822 -0.00034944 1 -0.919281 
0.999998 0.00182283 -0.000440555 0.00232506 -0.00182384 0.999996 -0.0022655 -0.00102425 0.000436429 0.00226631 0.999997 -0.928833 
1 0.000608243 5.90179e-05 0.00222111 -0.000608072 0.999997 -0.00245298 0.00238132 -6.05173e-05 0.00245295 0.999997 -0.936462 
0.99999 0.00449255 -0.000682039 0.00157166 -0.00449043 0.999985 0.00307707 0.00103378 0.000695853 -0.00307398 0.999995 -0.934235 
0.999996 0.00285616 0.000330068 -0.0111141 -0.0028578 0.999983 0.00507345 -0.00593948 -0.000315566 -0.00507437 0.999987 -0.940643 
0.999992 -0.00386341 -0.000745745 -0.00161171 0.00386257 0.999992 -0.0011009 -0.0095253 0.000749983 0.001098 0.999999 -0.952545 
0.999996 -0.00233887 -0.00155528 -0.00665855 0.00233348 0.999992 -0.00345592 0.00298023 0.00156334 0.00345228 0.999993 -0.967438 
0.999996 0.00210953 -0.00183381 -0.00225925 -0.00211054 0.999998 -0.000547152 -0.000680923 0.00183265 0.00055103 0.999998 -0.964417 
0.999995 0.00215947 -0.00212434 -0.04601 -0.00216012 0.999998 -0.000304708 -0.0193453 0.00212369 0.000309301 0.999998 -0.999146 
0.999997 -0.00132684 -0.00182717 -0.0190506 0.00131799 0.999987 -0.00483144 -0.00416183 0.00183355 0.00482901 0.999987 -0.996811 
0.999994 0.00323599 -0.00162907 -0.0314512 -0.0032431 0.999985 -0.00438026 -0.011179 0.00161487 0.00438551 0.999989 -1.01302 
0.999999 0.00107441 -0.00121205 -0.0193825 -0.00107547 0.999999 -0.000876924 -0.00698662 0.0012111 0.000878222 0.999999 -1.00781 
0.999994 -0.00269822 -0.00230024 -0.0259285 0.00269736 0.999996 -0.000378739 0.00855255 0.00230125 0.00037253 0.999997 -1.03337 
0.999991 -0.0027818 -0.00317534 -0.0224237 0.00277649 0.999995 -0.00167837 0.0226307 0.00317999 0.00166954 0.999994 -1.04535 
0.999993 -0.000989899 -0.00367936 -0.0239897 0.00098712 0.999999 -0.000756816 0.0211334 0.00368011 0.000753174 0.999993 -1.05383 
0.999991 -0.00272933 -0.00333663 0.000687599 0.00273719 0.999994 0.00235286 0.00723839 0.00333019 -0.00236196 0.999992 -1.02972 
0.999996 0.000280403 -0.00286287 0.0252142 -0.000271499 0.999995 0.0031094 -0.00538254 0.00286372 -0.00310861 0.999991 -1.00206 
0.999998 0.00103682 -0.0016205 0.017601 -0.00103447 0.999998 0.00143939 0.0043869 0.00162199 -0.0014377 0.999998 -1.02759 
0.999999 -0.000310645 -0.00164264 0.00889111 0.000306971 0.999997 -0.00222367 0.0144348 0.00164332 0.00222316 0.999996 -1.05832 
0.999997 -0.00212036 -0.00132672 0.0235167 0.00211598 0.999992 -0.00330013 0.0154018 0.00133371 0.00329731 0.999994 -1.04675 
0.999999 -0.000272743 -0.00142084 0.032958 0.000272349 1 -0.000261933 0.027317 0.00142091 0.000261546 0.999999 -1.04649 
0.999999 0.00130717 -0.000701527 0.032011 -0.0013049 0.999994 0.00320596 0.0262775 0.000705712 -0.00320504 0.999995 -1.0509 
0.999996 0.00272846 -4.03784e-05 0.0199127 -0.00272835 0.999993 0.00266038 0.0137672 4.76446e-05 -0.00266026 0.999997 -1.06169 
0.999998 0.00210747 0.000340778 0.0336876 -0.00210796 0.999997 0.00143304 0.0478411 -0.000337762 -0.00143375 0.999999 -1.06711 
1 -0.000651713 -0.000213753 0.0255823 0.000651889 1 0.000748881 0.0260897 0.000213269 -0.000749014 1 -1.08182 
1 0.000637323 -0.000270717 0.02987 -0.000637226 1 0.000372799 0.0363245 0.00027095 -0.000372629 1 -1.106 
0.999996 -0.00268598 6.76233e-05 0.0270977 0.00268609 0.999995 -0.00170415 0.0280962 -6.3045e-05 0.00170433 0.999999 -1.11322 
1 -0.000911336 0.000296962 0.00148296 0.000911843 0.999998 -0.00173794 0.0595169 -0.000295382 0.00173821 0.999999 -1.1209 
1 -0.000451993 0.000647496 0.00415516 0.000453055 0.999999 -0.00164277 0.0441647 -0.000646752 0.00164306 0.999999 -1.12489 
1 -0.000699718 0.000567708 0.00591946 0.000700571 0.999999 -0.00147972 0.0387306 -0.000566672 0.00148011 0.999999 -1.1348 
0.999997 -0.00232886 0.000618869 0.00795937 0.00232999 0.999995 -0.0018617 0.0414124 -0.00061453 0.00186314 0.999998 -1.14449 
0.999996 -0.0025969 0.00104007 0.0104895 0.00259562 0.999996 0.00123849 0.0317307 -0.00104328 -0.00123579 0.999999 -1.14671 
0.999999 0.00134169 0.0010855 0.00574398 -0.00134633 0.99999 0.0042932 0.0289726 -0.00107973 -0.00429464 0.99999 -1.15021 
0.999994 0.00291377 0.00158403 0.00531387 -0.0029242 0.999974 0.00661103 0.0185804 -0.00156472 -0.00661563 0.999977 -1.15666 
0.999987 0.00467442 0.00214684 -0.00332546 -0.00468425 0.999978 0.00459674 0.0167627 -0.0021253 -0.00460673 0.999987 -1.17099 
0.999979 0.00602273 0.00243272 -0.00187016 -0.00602355 0.999982 0.000327598 0.0136909 -0.0024307 -0.000342247 0.999997 -1.17963 
0.999986 0.00467482 0.00246123 -0.00242043 -0.00466422 0.99998 -0.0042923 0.0212564 -0.00248125 0.00428077 0.999988 -1.19153 
0.999995 0.00211733 0.00215274 0.00460243 -0.00211185 0.999995 -0.00254571 0.0177507 -0.00215812 0.00254114 0.999995 -1.19255 
0.999996 0.00194914 0.00222893 0.000330925 -0.00195077 0.999998 0.000735442 0.0137434 -0.0022275 -0.000739784 0.999997 -1.20032 
0.999997 -0.000260647 0.00229572 0.00141907 0.000261135 1 -0.00021236 0.0141134 -0.00229566 0.000212957 0.999997 -1.20906 
0.999998 0.000714194 0.00210123 -0.000987053 -0.00071064 0.999998 -0.00168976 0.0204124 -0.00210244 0.00168827 0.999996 -1.2099 
0.999997 0.000867844 0.00230637 -0.00175667 -0.000867572 1 -0.000124318 0.0205975 -0.00230648 0.000122318 0.999997 -1.21483 
0.999997 -9.23201e-05 0.00224673 0.00311375 8.89339e-05 0.999999 0.00151099 0.0157013 -0.00224687 -0.0015108 0.999996 -1.22328 
0.999998 0.000210363 0.00212219 0.00313091 -0.000211556 1 0.000554836 0.0134382 -0.00212207 -0.000555278 0.999998 -1.22614 
0.999997 -0.000688691 0.00240633 0.00741196 0.000691272 0.999999 -0.00106691 0.0127115 -0.00240559 0.00106856 0.999996 -1.24046 
0.999998 -0.000524908 0.00217659 0.00492096 0.00052632 1 -0.000648196 0.0142326 -0.00217625 0.000649347 0.999998 -1.24411 
0.999996 -0.0013834 0.00238493 0.00928116 0.00138518 0.999999 -0.000745264 0.0140715 -0.0023839 0.000748565 0.999997 -1.2486 
0.999996 -0.00181536 0.00228197 0.0213814 0.00181965 0.999997 -0.00187087 0.0203304 -0.00227857 0.001875 0.999996 -1.2408 
0.999997 -0.00169894 0.00149371 0.0226555 0.00169991 0.999998 -0.0006613 0.0132389 -0.00149259 0.000663842 0.999999 -1.23891 
0.999996 -0.00272703 0.000871615 0.0201168 0.00272777 0.999996 -0.000847724 0.0171108 -0.000869308 0.000850088 0.999999 -1.2572 
0.999999 -0.00103862 -0.00012335 0.0112953 0.00103857 0.999999 -0.000518339 0.0228539 0.000123892 0.000518214 1 -1.26001 
0.999999 0.00114757 8.2301e-05 0.0159969 -0.00114767 0.999999 0.00130337 0.0168076 -8.0796e-05 -0.00130347 0.999999 -1.25145 
0.999995 0.00304982 0.000101825 0.0117168 -0.00305001 0.999994 0.00187474 0.0105877 -9.61181e-05 -0.00187504 0.999998 -1.24805 
1 0.000532616 0.000107467 0.00249863 -0.000532575 1 -0.000246472 0.0136127 -0.000107601 0.00024641 1 -1.25958 
1 0.000242155 0.000109937 -0.00153351 -0.000242081 1 -0.000839497 0.0222988 -0.000110142 0.000839476 1 -1.26431 
1 0.000808466 -0.000255378 0.0055294 -0.000808433 1 0.00013015 0.0351009 0.000255484 -0.000129952 1 -1.25757 
1 0.000376631 -0.000475276 0.00564575 -0.000376854 1 -0.000480728 0.0355625 0.000475092 0.000480918 1 -1.255 
0.999997 0.00230219 -5.16474e-05 0.00587845 -0.00230226 0.999996 -0.00155124 0.0313129 4.80749e-05 0.00155134 0.999999 -1.24933 
0.999989 0.00469787 0.000473345 -0.000761032 -0.00469702 0.999987 -0.00179878 0.0317783 -0.000481773 0.00179654 0.999998 -1.26172 
0.999995 0.00308608 9.76287e-05 0.00386238 -0.00308574 0.999989 -0.00343665 0.0290604 -0.00010824 0.00343633 0.999994 -1.25613 
0.999998 0.0021001 -1.30851e-05 0.00440979 -0.00210012 0.999995 -0.00232047 0.030508 8.21799e-06 0.0023205 0.999997 -1.25473 
1 -0.00021854 -2.26144e-05 0.0101185 0.00021857 0.999999 0.00104561 0.0239048 2.2376e-05 -0.00104563 0.999999 -1.24127 
0.999998 -0.00191319 -0.000147453 0.0119915 0.0019135 0.999996 0.00211763 0.0210476 0.000143411 -0.00211791 0.999998 -1.24075 
0.999985 -0.00554692 0.000132965 0.0273533 0.00554727 0.999981 -0.00273632 0.0257854 -0.000117788 0.00273699 0.999996 -1.2482 
0.999982 -0.00597482 -0.000141852 0.0347004 0.00597371 0.999959 -0.00686906 0.0357475 0.000182888 0.00686808 0.999976 -1.25192 
0.999991 -0.00434875 -0.00028453 0.0302753 0.00434864 0.999991 -0.000368067 0.0287437 0.00028613 0.00036682 1 -1.24039 
1 0.00019775 -0.000202186 0.0242825 -0.000196308 0.999975 0.00707636 0.0192757 0.000203572 -0.00707631 0.999975 -1.23071 
0.999996 0.00291213 0.000765456 0.0199375 -0.00291664 0.999978 0.00596683 0.00159454 -0.000748057 -0.00596905 0.999982 -1.22443 
0.999986 0.00532327 0.000500578 0.00972176 -0.00532383 0.999985 0.00110898 -0.00251007 -0.000494676 -0.00111162 0.999999 -1.22983 
