1 -1.19762e-11 -1.70464e-10 -5.55112e-17 -1.19762e-11 1 -3.5625e-10 7.97683e-26 -1.70464e-10 -3.5625e-10 1 -2.22045e-16 
0.999927 0.00307922 -0.0116977 -0.0179913 -0.00309241 0.999995 -0.00110993 0.00884227 0.0116942 0.00114603 0.999931 -0.288292 
0.999974 0.00207 -0.00687409 -0.0119283 -0.00207205 0.999998 -0.000291674 0.00717433 0.00687348 0.000305909 0.999976 -0.292925 
0.999994 0.00287022 -0.00209521 -0.0091764 -0.00286747 0.999995 0.00131545 0.0050691 0.00209896 -0.00130943 0.999997 -0.298755 
0.999997 0.00148781 0.00169531 -0.00511695 -0.0014909 0.999997 0.00182098 0.00420012 -0.0016926 -0.0018235 0.999997 -0.306136 
0.999976 0.00241012 0.00646873 -0.00138502 -0.00241751 0.999996 0.00113582 0.00319906 -0.00646596 -0.00115143 0.999978 -0.3157 
0.999925 0.00219341 0.0120655 0.000982091 -0.0022183 0.999996 0.00204979 0.0039092 -0.0120609 -0.0020764 0.999925 -0.323493 
0.999871 -0.000624107 0.0160641 0.00674909 0.000624513 1 -2.00341e-05 0.0070528 -0.0160641 3.00622e-05 0.999871 -0.337844 
0.999807 -0.00456304 0.0190974 0.0106891 0.00457174 0.999989 -0.00041183 0.00882319 -0.0190953 0.000499061 0.999818 -0.355417 
0.999803 -0.00371319 0.0195155 0.0120849 0.00369244 0.999993 0.00109916 0.00670486 -0.0195195 -0.00102689 0.999809 -0.359973 
0.999799 -0.000727322 0.0200512 0.00664575 0.000717322 1 0.000505922 0.00522956 -0.0200516 -0.000491437 0.999799 -0.373202 
0.999779 0.00151036 0.0209482 0.00382799 -0.00149641 0.999999 -0.000681442 0.00414092 -0.0209492 0.000649945 0.99978 -0.385701 
0.999797 0.00149984 0.0200769 0.00653234 -0.00148027 0.999998 -0.000990049 0.00557179 -0.0200784 0.000960129 0.999798 -0.394586 
0.999834 -0.000995161 0.0182151 0.0166513 0.00100632 0.999999 -0.000603712 0.00755679 -0.0182145 0.000621941 0.999834 -0.402292 
0.999873 -0.00136749 0.0158899 0.0164507 0.00138616 0.999998 -0.00116429 0.00789316 -0.0158883 0.00118617 0.999873 -0.417077 
0.999902 -0.00100369 0.0139496 0.0146834 0.00100203 0.999999 0.000126103 0.0076474 -0.0139498 -0.000112112 0.999903 -0.42853 
0.999922 0.00103894 0.012436 0.00823259 -0.00104612 0.999999 0.000571284 0.00722956 -0.0124353 -0.000584249 0.999923 -0.442661 
0.999943 0.00319387 0.0102247 0.0029512 -0.00321632 0.999993 0.00217937 0.00543508 -0.0102178 -0.00221213 0.999945 -0.453128 
0.999967 -0.000665373 0.00806844 0.00444514 0.000648747 0.999998 0.00206336 0.00403553 -0.00806969 -0.00205806 0.999965 -0.468822 
0.999971 -0.00128575 0.00750062 0.00834131 0.00127373 0.999998 0.00160738 0.00449453 -0.00750278 -0.00159778 0.999971 -0.482083 
0.999965 8.09446e-05 0.00835809 0.00319189 -0.000103039 0.999996 0.00264289 0.00417085 -0.00835779 -0.00264365 0.999962 -0.502636 
0.999962 0.00338689 0.00798024 -0.0019235 -0.00339877 0.999993 0.00147509 0.00507473 -0.00797515 -0.00150216 0.999967 -0.504842 
0.999948 0.00623826 0.00804888 -0.006791 -0.00625119 0.999979 0.00158232 0.00547522 -0.00803897 -0.00163256 0.999966 -0.525349 
0.99996 0.000662571 0.00895031 0.000649452 -0.000671638 0.999999 0.00100967 0.00506125 -0.00894956 -0.00101563 0.99996 -0.536015 
0.999947 -0.00533516 0.00884356 0.00756598 0.00529342 0.999975 0.00473594 0.00537946 -0.00886858 -0.00468887 0.99995 -0.549928 
0.999951 -0.00401521 0.00902215 0.00375366 0.00398367 0.999986 0.00351136 0.00936548 -0.00903617 -0.00347525 0.999953 -0.560508 
0.999961 0.00175206 0.00864856 -0.00746393 -0.00176459 0.999997 0.00144194 0.0145909 -0.008646 -0.00145714 0.999962 -0.568666 
0.999956 0.00267522 0.00894509 -0.00998557 -0.00269566 0.999994 0.00227373 0.0107658 -0.00893904 -0.00229774 0.999957 -0.58071 
0.999965 -0.00112438 0.00825158 -0.00514233 0.00110435 0.999997 0.00243094 0.00714172 -0.00825426 -0.00242176 0.999963 -0.589561 
0.999964 -0.00212101 0.0082559 -0.00108731 0.00209394 0.999993 0.00328684 0.00706197 -0.00826281 -0.00326943 0.999961 -0.606857 
0.999967 -0.000530009 0.00816917 -0.00485146 0.000489365 0.999988 0.00497598 0.00451694 -0.00817174 -0.00497181 0.999954 -0.616023 
0.999981 -0.000667462 0.00616226 -0.00316954 0.000622214 0.999973 0.00734274 -0.00170293 -0.00616699 -0.00733877 0.999954 -0.630276 
0.999988 -0.00203293 0.00443631 -0.00322068 0.00199651 0.999965 0.0081981 -0.00910273 -0.00445285 -0.00818915 0.999957 -0.642639 
0.999988 -0.00260039 0.00424945 -0.00131512 0.00256427 0.999961 0.00848349 -0.00643969 -0.00427139 -0.00847247 0.999955 -0.656354 
0.999984 -0.00354887 0.00443366 -0.00100863 0.00350875 0.999953 0.00902455 -0.00851297 -0.00446537 -0.00900887 0.999949 -0.66909 
0.999986 -0.00268194 0.00445217 -0.000904322 0.0026502 0.999971 0.0071184 -0.00414598 -0.00447106 -0.00710651 0.999965 -0.683381 
0.999975 -0.00453417 0.00544429 0.00854897 0.00449929 0.999969 0.0064024 -0.00132179 -0.00547326 -0.00637774 0.999965 -0.712618 
0.999982 -0.00305054 0.00517085 0.0103014 0.00301927 0.999977 0.00604258 0.00197738 -0.00518921 -0.00602686 0.999968 -0.690107 
0.999977 -0.00417721 0.00532287 0.012605 0.00414887 0.999977 0.00532712 0.00167322 -0.00534505 -0.00530491 0.999972 -0.719982 
0.999978 -0.00397579 0.00535578 0.0111442 0.00395739 0.999986 0.00344094 0.000832796 -0.00536937 -0.00341962 0.99998 -0.736746 
0.999984 -0.00210131 0.00534114 0.00886059 0.00209424 0.999997 0.00132796 0.00248277 -0.00534388 -0.00131679 0.999985 -0.747673 
0.999979 6.48983e-05 0.00652722 0.00258756 -6.12475e-05 1 -0.000556298 0.00629151 -0.00652719 0.000555888 0.999978 -0.762186 
0.999978 8.25673e-05 0.00670364 0.00231457 -7.29226e-05 0.999999 -0.00144211 0.00645924 -0.0067037 0.00144156 0.999977 -0.770967 
0.999973 0.000697155 0.00729385 0.00223851 -0.000683982 0.999998 -0.00180505 0.00641406 -0.00729513 0.00180008 0.999972 -0.788195 
0.999961 0.000339698 0.00883532 0.000712156 -0.000317983 0.999997 -0.00246119 0.00926411 -0.00883606 0.00245823 0.999958 -0.794292 
0.999958 0.000207536 0.00910398 0.0145967 -0.000157166 0.999985 -0.00553285 0.0197531 -0.00910512 0.00553122 0.999943 -0.821814 
0.999957 -0.00165958 0.0091666 0.0118725 0.00170797 0.999985 -0.00527409 0.0182029 -0.00915766 0.00528952 0.999944 -0.807808 
0.999952 -0.0025249 0.00948772 0.0160928 0.00255994 0.99999 -0.00368268 0.021712 -0.00947833 0.00370678 0.999948 -0.828074 
0.999953 -0.000704397 0.00967759 0.00891209 0.000718754 0.999999 -0.00147902 0.015586 -0.00967643 0.00148591 0.999952 -0.832027 
0.99995 0.000461496 0.00998142 0.00874329 -0.000457305 1 -0.000421964 0.0137519 -0.00998172 0.000417389 0.99995 -0.843334 
0.999955 0.000267684 0.00946757 0.00578451 -0.000261415 1 -0.000664145 0.0111915 -0.00946769 0.000661649 0.999955 -0.850866 
0.999955 -0.000744537 0.0094403 0.00883293 0.000759285 0.999998 -0.00155733 0.0137389 -0.00943908 0.00156443 0.999954 -0.864119 
0.999959 0.00205465 0.00877249 0.00255966 -0.0020383 0.999996 -0.00187366 0.0128735 -0.00877631 0.00185569 0.99996 -0.871241 
0.999959 0.0012748 0.00896725 0.0027914 -0.00124252 0.999993 -0.00360246 0.0137103 -0.00897178 0.00359118 0.999953 -0.888237 
0.999964 0.000141248 0.00841784 0.00400352 -9.60939e-05 0.999986 -0.00536495 0.0136323 -0.00841847 0.00536393 0.99995 -0.898825 
0.999963 0.00184641 0.00847054 0.00156355 -0.00181146 0.99999 -0.00413353 0.0167926 -0.00847808 0.00411803 0.999956 -0.908356 
0.999965 0.00166789 0.00827146 0.000278473 -0.00165351 0.999997 -0.00174349 0.0146571 -0.00827438 0.00172975 0.999964 -0.918339 
0.999974 0.00155492 0.007007 0.000510216 -0.0015506 0.999999 -0.000622354 0.0102493 -0.00700793 0.000611465 0.999975 -0.928688 
0.999977 0.000135632 0.00677791 0.00251389 -0.000124915 0.999999 -0.00158264 0.010696 -0.00677806 0.00158177 0.999976 -0.941994 
0.999979 0.00190789 0.00618425 -0.000936985 -0.00189863 0.999997 -0.0015035 0.0119015 -0.00618711 0.00149171 0.99998 -0.954823 
0.999984 0.00148021 0.00552329 -0.000669003 -0.00148014 0.999999 -1.71699e-05 0.0125282 -0.00552329 9.0003e-06 0.999985 -0.969212 
0.99999 0.000726705 0.00438073 -0.000499249 -0.000729879 1 0.000721224 0.0103855 -0.0043802 -0.000724416 0.99999 -0.974525 
0.999996 -0.00053972 0.00286344 -0.00697279 0.000537882 1 0.000645611 0.0119847 -0.00286382 -0.000644065 0.999996 -1.00729 
0.999999 0.000404598 0.000900954 -0.0113115 -0.000403577 0.999999 -0.0011302 0.0137863 -0.000901371 0.00112985 0.999999 -1.02444 
1 0.000361836 0.000232339 -0.0142584 -0.000361478 0.999999 -0.00154898 0.017037 -0.000232905 0.0015489 0.999999 -1.03024 
0.999999 0.00160113 0.00045377 -0.0119696 -0.00160086 0.999999 -0.000589184 0.0156604 -0.000454724 0.000588462 1 -1.04314 
0.999997 0.00186124 0.00130057 -0.00436687 -0.00186187 0.999998 0.00047655 0.0136792 -0.00129965 -0.000478983 0.999999 -1.05455 
0.999994 0.00257021 0.00217187 -0.00252771 -0.00257182 0.999996 0.000737891 0.0133014 -0.00216988 -0.000743464 0.999997 -1.064 
0.999994 0.00158629 0.00316724 -0.00213242 -0.00158121 0.999997 -0.00160785 0.0149002 -0.00316992 0.00160282 0.999994 -1.06962 
0.99999 0.0012586 0.00414124 -0.00142097 -0.00124127 0.99999 -0.00418597 0.0190066 -0.00414649 0.00418078 0.999983 -1.07132 
0.999981 0.00277215 0.00554579 -0.00398827 -0.00275019 0.999988 -0.00396506 0.0216702 -0.00555679 0.00394973 0.999977 -1.06885 
0.999971 0.00113962 0.00760821 -0.00261021 -0.00112229 0.999997 -0.0022811 0.0232372 -0.00761071 0.0022725 0.999969 -1.06755 
0.999946 0.00252272 0.0100694 -0.0034399 -0.00254822 0.999994 0.00252064 0.0192418 -0.0100631 -0.00254617 0.999946 -1.06479 
0.999931 0.00245983 0.0115186 -0.00113106 -0.0025015 0.999991 0.00360265 0.0154848 -0.0115096 -0.00363122 0.999927 -1.07618 
0.999934 0.000659239 0.0114683 0.0106716 -0.000658346 1 -8.16137e-05 0.0110105 -0.0114683 7.40699e-05 0.999934 -1.07607 
0.999942 -0.000791226 0.0107101 0.0182314 0.000844881 0.999987 -0.00500691 0.0123909 -0.0107061 0.00501566 0.99993 -1.07904 
0.999951 -0.00286827 0.00945449 0.0115433 0.00291751 0.999982 -0.00519926 0.0195692 -0.00943938 0.00522658 0.999942 -1.0747 
0.999971 -0.00108192 0.00753152 0.0243464 0.00107249 0.999999 0.00125743 0.0158337 -0.00753298 -0.00124932 0.999971 -1.06569 
0.99998 -0.000178494 0.00631765 0.0145845 0.000144936 0.999986 0.00531065 0.0160096 -0.00631848 -0.00530963 0.999966 -1.0615 
0.999984 -0.00254105 0.00510585 0.0179081 0.00250382 0.99997 0.00728667 0.0113954 -0.00512421 -0.00727376 0.99996 -1.05862 
0.999983 0.000322741 0.00585511 0.00935555 -0.00032533 1 0.000442673 0.0117263 -0.00585485 -0.000444569 0.999983 -1.06748 
0.999982 0.00084107 0.00595269 0.0105791 -0.000826381 0.999997 -0.00246929 0.0177545 -0.00595459 0.00246433 0.999979 -1.07092 
0.999985 0.000214063 0.00552452 0.00849342 -0.000180807 0.999982 -0.00602004 0.0200862 -0.00552574 0.00601894 0.999967 -1.07642 
0.999986 3.50047e-05 0.00523922 0.00730801 -1.95149e-05 0.999996 -0.00295748 0.0156237 -0.00523934 0.00295734 0.999982 -1.0757 
0.999986 -0.000837194 0.00524464 0.00749779 0.000834415 0.999999 0.000532195 0.00774968 -0.00524509 -0.000527818 0.999986 -1.07571 
0.999983 9.17409e-05 0.00590673 0.00445652 -0.000102682 0.999998 0.0018526 0.0101405 -0.00590664 -0.00185317 0.999981 -1.07878 
0.999977 0.00125195 0.00668907 0.0103083 -0.00126941 0.999996 0.00260636 0.00543678 -0.00668573 -0.00261478 0.999974 -1.07348 
0.999973 0.00116239 0.00720486 0.00978661 -0.00116795 0.999999 0.000767402 0.00790095 -0.00720397 -0.000775799 0.999974 -1.08526 
0.999973 0.000552902 0.00731766 0.0159779 -0.000545571 0.999999 -0.00100481 0.0139458 -0.00731829 0.00100078 0.999973 -1.0733 
0.999968 -6.45202e-05 0.00798598 0.0109625 6.98492e-05 1 -0.000666343 0.0201553 -0.00798586 0.000666883 0.999968 -1.08195 
0.999963 0.000588125 0.00857383 0.0136728 -0.000599524 0.999999 0.00132522 0.0186561 -0.00857294 -0.00133032 0.999962 -1.08463 
0.999962 0.00101944 0.00869718 0.00922012 -0.00103025 0.999999 0.00123857 0.0163394 -0.00869605 -0.00124747 0.999961 -1.09065 
0.999961 0.000620216 0.00882876 0.0100517 -0.00062765 1 0.000838879 0.0162092 -0.00882828 -0.000844393 0.999961 -1.0923 
0.999961 0.000843598 0.00882462 0.00810432 -0.000853613 0.999999 0.0011314 0.0168247 -0.0088236 -0.00113888 0.99996 -1.09522 
0.999955 0.0012207 0.00945047 0.00752068 -0.00123648 0.999998 0.00166305 0.015609 -0.00944835 -0.00167466 0.999954 -1.11235 
0.999955 0.00119774 0.00941414 0.00604057 -0.00119477 0.999999 -0.000321507 0.0154473 -0.00941455 0.000310238 0.999956 -1.10867 
0.999955 0.00137492 0.00938213 0.00549698 -0.00136515 0.999998 -0.00104758 0.0180455 -0.00938353 0.00103473 0.999955 -1.09556 
0.999954 0.000789369 0.00957286 0.0189953 -0.000780651 0.999999 -0.000914373 0.0242774 -0.00957376 0.000906855 0.999954 -1.11338 
0.999954 0.00178378 0.00941747 0.0168018 -0.00179251 0.999998 0.000918211 0.0228684 -0.00941563 -0.000935057 0.999955 -1.11584 
0.999955 0.00050929 0.00951919 0.0236225 -0.000526823 0.999998 0.0018384 0.0275944 -0.00951841 -0.00184332 0.999953 -1.12551 
0.999961 -0.0010668 0.00878039 0.0181007 0.00106525 0.999999 0.000182625 0.0230508 -0.00878048 -0.000173271 0.999961 -1.12973 
0.999969 -0.000187699 0.00783572 0.0223103 0.000195689 1 -0.00101967 0.0279256 -0.00783557 0.00102116 0.999969 -1.1403 
0.999974 -0.000861568 0.00712189 0.0107632 0.000861024 1 8.09189e-05 0.0291666 -0.00712186 -7.47796e-05 0.999975 -1.13928 
0.999976 0.000376187 0.00691971 0.0120525 -0.000383899 0.999999 0.00111274 0.030924 -0.00691938 -0.00111536 0.999975 -1.14299 
0.999973 -0.00036639 0.0073145 0.00978088 0.000346515 0.999996 0.00271916 0.0251889 -0.00731531 -0.00271655 0.99997 -1.14608 
0.999975 0.000661887 0.00705516 0.00871086 -0.000681791 0.999996 0.0028185 0.023194 -0.00705332 -0.00282324 0.999971 -1.15137 
0.999975 -7.65584e-05 0.00702533 0.0122051 6.80089e-05 0.999999 0.00121714 0.020651 -0.00702551 -0.00121663 0.999975 -1.15841 
0.999977 0.000449389 0.00680792 0.0173817 -0.000438675 0.999999 -0.0015756 0.0198089 -0.00680864 0.00157257 0.999976 -1.16413 
0.999975 0.000767607 0.00699565 0.00712013 -0.000760384 0.999999 -0.0010345 0.0293548 -0.0069963 0.00102916 0.999975 -1.16901 
0.999976 0.0013746 0.00686601 0.00540543 -0.00137714 0.999999 0.000365011 0.0211749 -0.00686574 -0.000374459 0.999976 -1.1701 
0.999978 0.00110761 0.00653827 0.00598717 -0.00110924 0.999999 0.000245448 0.0205718 -0.00653791 -0.000252688 0.999979 -1.17022 
0.999981 0.00140017 0.0059734 0.00413704 -0.00140136 0.999999 0.000194676 0.019637 -0.00597319 -0.000203056 0.999982 -1.18434 
0.999986 0.00114406 0.00512311 0.0031414 -0.00114294 0.999999 -0.000218805 0.0180638 -0.00512341 0.000212943 0.999987 -1.19018 
0.999983 0.00279272 0.00516367 0.000768661 -0.00279466 0.999996 0.000367198 0.0181788 -0.00516266 -0.000381611 0.999987 -1.19124 
0.999978 0.00364451 0.00552627 0.00432014 -0.00366172 0.999988 0.00310638 0.0209808 -0.00551489 -0.00312656 0.99998 -1.19382 
0.999969 0.00463383 0.00640666 0.00130844 -0.00464919 0.999986 0.00238435 0.0233554 -0.00639561 -0.00241407 0.999977 -1.20412 
0.999951 0.00565181 0.00816038 -0.00214767 -0.00565463 0.999984 0.0003218 0.0263107 -0.00815848 -0.000367921 0.999967 -1.20156 
0.99993 0.00513765 0.0106351 -0.00219536 -0.00513866 0.999987 6.6651e-05 0.0238667 -0.0106347 -0.000121284 0.999944 -1.20863 
0.999925 0.00398291 0.0115409 -0.00150681 -0.0039701 0.999992 -0.00113166 0.0239809 -0.0115452 0.00108574 0.999933 -1.21698 
0.999936 0.000959607 0.0112816 0.00368881 -0.000925966 0.999995 -0.00298703 0.0260694 -0.0112844 0.0029764 0.999932 -1.2223 
0.999934 0.000185978 0.0114682 0.00549698 -0.000177937 1 -0.000702729 0.0254536 -0.0114683 0.000700643 0.999934 -1.22459 
0.999928 -0.000255281 0.0120001 0.0064888 0.000223933 0.999997 0.00261468 0.0200752 -0.0120007 -0.00261181 0.999925 -1.22635 
0.999923 0.00132405 0.0123663 0.00357056 -0.00133927 0.999998 0.00122211 0.0192101 -0.0123646 -0.00123857 0.999923 -1.23012 
0.999926 0.000871137 0.0121498 0.00243759 -0.000888491 0.999999 0.00142291 0.0212888 -0.0121485 -0.00143361 0.999925 -1.23487 
0.999919 0.00322434 0.0122994 -0.00345612 -0.00320957 0.999994 -0.00122022 0.025178 -0.0123033 0.00118065 0.999924 -1.23733 
0.999919 0.00213194 0.0125833 -0.00318909 -0.00211363 0.999997 -0.00146818 0.0279214 -0.0125864 0.00144146 0.99992 -1.24346 
0.999922 0.000897821 0.0124645 0.0001297 -0.000893426 1 -0.000358313 0.0237715 -0.0124649 0.000347155 0.999922 -1.24533 
0.999924 0.000208349 0.0123089 -9.53674e-05 -0.000224384 0.999999 0.00130218 0.0230334 -0.0123085 -0.00130485 0.999923 -1.24786 
0.999927 -0.000702236 0.0120412 0.00291443 0.000685651 0.999999 0.00138048 0.0226614 -0.0120421 -0.00137212 0.999927 -1.25542 
0.999931 -0.00070419 0.0117274 0.00193405 0.000690328 0.999999 0.00118681 0.0226455 -0.0117283 -0.00117864 0.999931 -1.25023 
0.999935 -0.000246016 0.0113764 0.00236511 0.000245046 1 8.64994e-05 0.0213614 -0.0113764 -8.37035e-05 0.999935 -1.26581 
0.999947 -0.000397524 0.0102631 0.00195312 0.000418177 0.999998 -0.00201068 0.0236728 -0.0102624 0.00201488 0.999945 -1.26813 
0.999957 0.000817467 0.00927955 0.000663757 -0.000791019 0.999996 -0.00285335 0.025691 -0.00928181 0.00284589 0.999953 -1.27168 
0.999962 0.000715196 0.00870004 0.00106049 -0.000714991 1 -2.59271e-05 0.0244818 -0.00869989 1.96984e-05 0.999962 -1.27272 
0.99996 0.0023306 0.0085994 -0.00127792 -0.00235144 0.999994 0.00241342 0.0207553 -0.00859383 -0.00243356 0.99996 -1.27097 
0.999964 0.00309548 0.00787914 -0.00263214 -0.0031122 0.999993 0.00210983 0.0187719 -0.00787264 -0.00213428 0.999967 -1.27486 
0.999975 0.00141321 0.00692335 -0.000873566 -0.00143006 0.999996 0.00243072 0.0209758 -0.00691986 -0.00244054 0.999973 -1.274 
0.999979 0.00215081 0.00609615 -0.00193024 -0.00216817 0.999994 0.00284192 0.0207376 -0.00608993 -0.00285509 0.999977 -1.27732 
0.999982 0.00298108 0.00522998 -0.00235367 -0.00297917 0.999996 -0.000373212 0.0221906 -0.00523111 0.000357619 0.999986 -1.26643 
0.999988 0.00160652 0.00466284 -0.00146103 -0.00158939 0.999992 -0.00367596 0.0276375 -0.00466874 0.0036685 0.999982 -1.27232 
0.999985 0.00355695 0.00415128 -0.00347137 -0.00354034 0.999986 -0.00400204 0.0296419 -0.00416541 0.00398727 0.999983 -1.31175 
0.999992 0.00188117 0.00362095 -0.00170517 -0.00187527 0.999997 -0.00163346 0.0266495 -0.00362411 0.00162665 0.999992 -1.21797 
0.999994 0.00180677 0.00313726 -0.00069809 -0.00180534 0.999998 -0.000454806 0.0267625 -0.00313798 0.00044914 0.999995 -1.25452 
0.999994 0.00198138 0.00278333 -0.00120163 -0.00197569 0.999996 -0.00204719 0.0271707 -0.00278735 0.00204168 0.999994 -1.24976 
0.999995 0.00156788 0.00251573 -4.19617e-05 -0.00156317 0.999997 -0.00187094 0.0286427 -0.00251856 0.00186701 0.999995 -1.24719 
0.999994 0.00275771 0.00232193 -0.00527954 -0.00275746 0.999996 -0.000114804 0.0217519 -0.00232226 0.000108402 0.999997 -1.2361 
0.999994 0.00221716 0.00277054 0.000583649 -0.00221516 0.999997 -0.000726283 0.0305214 -0.00277203 0.00072014 0.999996 -1.21345 
0.999991 0.00337454 0.0026798 -0.000930786 -0.00336809 0.999992 -0.00239977 0.0339026 -0.0026879 0.00239072 0.999994 -1.20248 
0.999996 0.00190404 0.00227633 0.00469208 -0.00190038 0.999997 -0.00161822 0.0309944 -0.00227934 0.00161389 0.999996 -1.19887 
0.999995 0.00237082 0.00197706 0.0103035 -0.00237028 0.999997 -0.000273695 0.0256729 -0.00197771 0.000269001 0.999998 -1.18817 
0.999998 0.00135367 0.00143605 0.00663757 -0.00135505 0.999999 0.00095821 0.025773 -0.0014348 -0.000960159 0.999998 -1.17667 
1 0.000160307 0.000698954 0.0093689 -0.000161154 0.999999 0.00123607 0.0260444 -0.000698775 -0.00123618 0.999999 -1.163 
1 -0.00104852 -0.000284255 0.022171 0.00104881 0.999999 0.00105874 0.0250249 0.000283271 -0.00105903 1 -1.15203 
0.999995 -0.00228147 -0.00212026 0.0247993 0.00228321 0.999997 0.000817628 0.0241046 0.00211841 -0.000822474 0.999997 -1.13941 
0.999987 -0.00256729 -0.00452262 0.0200348 0.00257258 0.999996 0.00116361 0.0248289 0.00451958 -0.00117522 0.999989 -1.13332 
0.999983 -0.00193967 -0.00554571 0.018322 0.00194636 0.999997 0.00120562 0.0228338 0.00554341 -0.00121638 0.999984 -1.127 
0.999979 -0.000986707 -0.00634861 0.00938034 0.000990715 0.999999 0.000626026 0.0138121 0.00634804 -0.000632308 0.99998 -1.12579 
0.99997 -0.0014073 -0.00762105 0.00862122 0.00140294 0.999999 -0.000577664 0.017086 0.00762188 0.000566956 0.999971 -1.121 
0.999958 -0.00203028 -0.00896981 0.0102997 0.00202307 0.999997 -0.000810902 0.0163083 0.00897136 0.000792718 0.999959 -1.11595 
0.999951 -0.000847601 -0.00985667 0.00839615 0.000848282 1 6.45272e-05 0.0178189 0.00985673 -7.28886e-05 0.999952 -1.11287 
0.999943 -0.00116895 -0.0106178 0.00886536 0.00116966 0.999999 5.98789e-05 0.0162926 0.0106177 -7.22962e-05 0.999944 -1.10887 
0.999938 -0.00158759 -0.011007 0.0097847 0.00160201 0.999998 0.00130155 0.019031 0.011005 -0.0013191 0.999939 -1.10098 
0.999928 -0.00229594 -0.011818 0.00566101 0.00233305 0.999992 0.0031273 0.0136018 0.0118107 -0.00315465 0.999925 -1.09683 
0.999914 -0.00245773 -0.0129013 -0.00310898 0.00248537 0.999995 0.00212676 0.0102153 0.0128959 -0.00215865 0.999915 -1.09335 
0.999899 -0.0027713 -0.0139495 -0.00282669 0.00276973 0.999996 -0.000132231 0.0057044 0.0139499 9.35753e-05 0.999903 -1.09698 
0.999887 -0.00240561 -0.014829 -0.00217819 0.00237769 0.999995 -0.00190047 0.00706196 0.0148335 0.00186501 0.999888 -1.09654 
0.999891 -0.00160891 -0.0146545 -0.00297546 0.00158299 0.999997 -0.00178057 0.00825357 0.0146574 0.00175717 0.999891 -1.09262 
0.999901 -0.000283707 -0.0140949 0.0023613 0.000279323 1 -0.000312969 -0.00148964 0.014095 0.000309003 0.999901 -1.08675 
0.999905 -0.000421433 -0.0137877 0.00314331 0.000434262 0.999999 0.000927395 0.000647545 0.0137873 -0.000933294 0.999905 -1.08276 
0.999909 -0.000252552 -0.0134757 0.00341415 0.000267957 0.999999 0.00114216 -0.0012629 0.0134754 -0.00114565 0.999909 -1.06493 
0.999907 0.00112682 -0.0135705 0.00274086 -0.00111459 0.999999 0.000908743 0.00503635 0.0135714 -0.000893533 0.999907 -1.05678 
0.999912 0.000376358 -0.0132861 0.00217438 -0.000371086 1 0.000399277 0.00378227 0.0132862 -0.000394312 0.999912 -1.05037 
0.999909 -0.00178261 -0.0133758 0.0071125 0.00175924 0.999997 -0.00175865 0.0120153 0.0133789 0.00173495 0.999909 -1.04242 
0.99992 -0.000334563 -0.0126108 0.00469589 0.000293702 0.999995 -0.0032418 0.0110068 0.0126117 0.00323785 0.999915 -1.03542 
0.999918 -0.00190588 -0.0126368 0.00765038 0.00189624 0.999998 -0.00077496 0.0158978 0.0126382 0.000750927 0.99992 -1.0209 
0.999913 -0.002483 -0.012964 0.00919914 0.00249789 0.999996 0.00113284 0.0114369 0.0129613 -0.00116511 0.999915 -1.01385 
0.999922 -0.0022021 -0.0123417 0.00932693 0.00222159 0.999996 0.00156598 0.0131531 0.0123382 -0.00159328 0.999923 -1.00345 
0.999926 -0.000760064 -0.0121538 0.00759888 0.000763058 1 0.000241352 0.0127268 0.0121537 -0.000250619 0.999926 -0.994553 
0.999925 -0.000686376 -0.0122054 0.017334 0.000661129 0.999998 -0.00207211 0.0144625 0.0122068 0.0020639 0.999923 -0.988205 
0.999931 -0.000733191 -0.0117478 0.0176001 0.000709519 0.999998 -0.00201915 0.0168815 0.0117493 0.00201067 0.999929 -0.97966 
0.999937 0.000156763 -0.0112244 0.0177402 -0.000167499 1 -0.000956265 0.0159769 0.0112242 0.000958091 0.999937 -0.970474 
0.999943 -0.00147923 -0.0106078 0.0168829 0.00148577 0.999999 0.000608185 0.0157323 0.0106069 -0.000623913 0.999944 -0.961334 
0.999945 -0.00111572 -0.0103886 0.0184345 0.00111125 0.999999 -0.000436756 0.0142775 0.0103891 0.000425175 0.999946 -0.95285 
0.999947 -0.00101762 -0.0102174 0.0160913 0.000996686 0.999997 -0.00205313 0.0137677 0.0102195 0.00204285 0.999946 -0.943604 
0.999939 -0.00141544 -0.0109852 0.0190513 0.00138419 0.999995 -0.00285124 0.00790262 0.0109891 0.00283585 0.999936 -0.919312 
0.999942 -0.00184991 -0.0105971 0.017849 0.00183674 0.999998 -0.00125315 0.0131216 0.0105994 0.00123362 0.999943 -0.913345 
0.999936 -0.000559798 -0.0113246 0.0198935 0.000563314 1 0.00030655 0.01229 0.0113243 -0.000312923 0.999936 -0.889999 
0.999926 -0.00300905 -0.0117587 0.019483 0.00299779 0.999995 -0.000974665 0.0140204 0.0117615 0.000939354 0.99993 -0.88588 
0.99991 -0.00152677 -0.0133078 0.0141754 0.00148674 0.999994 -0.0030164 0.0135474 0.0133124 0.00299635 0.999907 -0.875549 
0.999899 -0.00213169 -0.0140597 0.00837183 0.00208746 0.999993 -0.00316004 0.0151167 0.0140662 0.00313036 0.999896 -0.875885 
0.999875 -0.00198709 -0.0156951 0.0103292 0.00198113 0.999998 -0.000394789 0.0143003 0.0156958 0.000363653 0.999877 -0.868988 
0.999882 -0.00182689 -0.0152492 0.00981808 0.00184103 0.999998 0.000912443 0.0122142 0.0152477 -0.000940409 0.999883 -0.842484 
0.99988 -0.000464395 -0.0155035 0.00803661 0.000487331 0.999999 0.00147577 0.00978756 0.0155029 -0.00148315 0.999879 -0.846619 
0.999872 -5.49527e-05 -0.0159804 0.00694466 7.07945e-05 1 0.000990879 0.00970125 0.0159803 -0.000991882 0.999872 -0.84201 
0.999861 -0.00137058 -0.0166438 0.0093708 0.00133429 0.999997 -0.00219103 0.0114336 0.0166468 0.00216852 0.999859 -0.844879 
0.999854 -0.00076215 -0.0170676 0.0092907 0.000716434 0.999996 -0.00268465 0.0129251 0.0170697 0.00267203 0.999851 -0.838562 
0.999861 4.04613e-05 -0.0166645 0.00846481 -7.66534e-05 0.999998 -0.00217137 0.0135098 0.0166643 0.00217235 0.999859 -0.840607 
0.999871 0.000473961 -0.0160776 0.00400543 -0.000516473 0.999996 -0.0026398 0.0182152 0.0160762 0.00264777 0.999867 -0.840759 
0.99989 0.000167036 -0.0148339 0.00568771 -0.000193354 0.999998 -0.00177296 0.0197344 0.0148336 0.00177562 0.999888 -0.837845 
0.99991 0.00132576 -0.0133547 0.000434875 -0.00134553 0.999998 -0.00147127 0.0305576 0.0133526 0.00148911 0.99991 -0.835175 
0.99992 0.000438136 -0.0126253 -0.000686646 -0.000441179 1 -0.000238475 0.019062 0.0126252 0.000244018 0.99992 -0.83815 
0.999914 -0.00106527 -0.0131084 0.00102615 0.00106468 1 -5.23268e-05 0.0184155 0.0131086 3.83668e-05 0.999914 -0.852829 
0.999916 -0.00145649 -0.0128433 0.00466537 0.00144808 0.999999 -0.000663726 0.0163822 0.0128444 0.000645073 0.999917 -0.825928 
0.99992 -0.00122432 -0.0125995 0.00369644 0.00121796 0.999999 -0.00051247 0.0182686 0.0126001 0.000497088 0.999921 -0.844788 
0.999927 0.000599854 -0.0120977 0.00153732 -0.000596729 1 0.000261772 0.0141506 0.0120979 -0.000254536 0.999927 -0.847687 
0.999942 0.00111229 -0.0107697 -0.00239944 -0.00110192 0.999999 0.000968765 0.00891304 0.0107709 -0.000956839 0.999942 -0.8564 
0.999956 0.000521937 -0.00937381 0.00183105 -0.000514534 1 0.000792332 0.000127792 0.00937408 -0.000787476 0.999956 -0.856567 
0.999972 -0.00060954 -0.00745931 0.00655746 0.000606043 1 -0.000470334 0.00291824 0.00745964 0.000465798 0.999972 -0.871811 
0.999976 -0.000137394 -0.00699955 0.00468826 0.000114636 0.999995 -0.00325228 0.00239754 0.00699997 0.00325139 0.99997 -0.883118 
0.999973 -0.00225719 -0.00698024 0.0115166 0.00222599 0.999988 -0.0044748 0.00841522 0.00699025 0.00445914 0.999966 -0.897522 
0.999971 -0.00200923 -0.00740272 0.010231 0.0019875 0.999994 -0.00294056 0.0073328 0.00740859 0.00292576 0.999968 -0.898682 
0.999972 -0.00166157 -0.00736731 0.0114899 0.00164868 0.999997 -0.00175485 0.00743866 0.00737014 0.00174265 0.999971 -0.911087 
0.999971 -0.00124578 -0.0075739 0.00821686 0.00122831 0.999997 -0.00231048 0.00602055 0.00757673 0.00230111 0.999969 -0.926376 
0.99997 -0.000244345 -0.00773555 0.00946045 0.000223043 0.999996 -0.00275453 0.00849152 0.00773624 0.00275272 0.999966 -0.938644 
0.999966 0.00102249 -0.00812179 0.00750732 -0.00104053 0.999997 -0.00221725 0.00840473 0.00811952 0.00222563 0.999964 -0.950058 
0.999963 0.000707371 -0.00861362 0.00899887 -0.000714942 0.999999 -0.000875784 0.00876141 0.00861308 0.00088191 0.999963 -0.961655 
0.999959 0.000578756 -0.00907511 0.00780106 -0.000577847 1 0.000102879 0.0085783 0.00907525 -9.76319e-05 0.999959 -0.972244 
0.999949 0.00268524 -0.00972474 0.00441742 -0.00267964 0.999996 0.000588717 0.0069561 0.0097262 -0.000562626 0.999953 -0.983704 
0.999944 0.00117687 -0.0104806 0.00745392 -0.00116458 0.999999 0.00117846 0.00724125 0.010482 -0.00116619 0.999944 -0.995102 
0.999927 0.0004554 -0.0120446 0.00834656 -0.000429169 0.999998 0.00218012 0.00759888 0.0120455 -0.00217479 0.999925 -1.02507 
0.999902 -0.00167791 -0.0138858 0.0100708 0.00169736 0.999998 0.00138918 0.00989246 0.0138834 -0.00141262 0.999903 -1.00002 
0.999841 -0.00353294 -0.0174672 0.000679016 0.00351004 0.999993 -0.00134134 0.0170126 0.0174718 0.00127982 0.999847 -1.03351 
0.999799 -0.00326264 -0.019769 0.00344849 0.00319793 0.999989 -0.00330406 0.017272 0.0197795 0.00324018 0.999799 -1.04518 
0.99977 -0.00264505 -0.0212924 -0.00118256 0.00261184 0.999995 -0.00158748 0.0180883 0.0212965 0.00153151 0.999772 -1.06003 
0.99975 -0.00150945 -0.0223113 0.00506592 0.00148168 0.999998 -0.00126127 0.0146303 0.0223131 0.00122789 0.99975 -1.06157 
0.999745 -0.000898744 -0.0225557 -0.00478363 0.000866357 0.999998 -0.00144559 0.0215282 0.022557 0.00142568 0.999744 -1.07822 
0.999744 0.000140826 -0.0226427 -0.00239563 -0.000195637 0.999997 -0.00241856 0.021245 0.0226423 0.00242237 0.999741 -1.09276 
0.999737 -0.00142173 -0.0228887 -0.00241852 0.00133253 0.999991 -0.00391195 0.0237274 0.0228941 0.00388042 0.99973 -1.09859 
0.999736 -0.000907742 -0.0229539 0.00313568 0.000810125 0.999991 -0.00426178 0.0216274 0.0229576 0.00424206 0.999727 -1.11736 
0.999729 -0.00134711 -0.0232526 -0.00179291 0.00125523 0.999991 -0.00396539 0.0244083 0.0232577 0.00393513 0.999722 -1.13004 
0.999739 -0.00167398 -0.0227779 0.00341034 0.00166475 0.999998 -0.000424499 0.0206318 0.0227785 0.000386456 0.99974 -1.138 
0.999746 0.000637093 -0.0225173 0.00218964 -0.000592831 0.999998 0.00197226 0.0165043 0.0225186 -0.00195841 0.999745 -1.15263 
0.999771 9.21842e-05 -0.021403 -0.000648499 -7.16485e-05 1 0.000960022 0.00881195 0.0214031 -0.000958268 0.999771 -1.16351 
0.999784 0.0015604 -0.0207355 0.00304413 -0.00160384 0.999997 -0.0020785 0.012434 0.0207322 0.00211131 0.999783 -1.1805 
0.999792 -0.000414963 -0.0203791 0.00087738 0.000364703 0.999997 -0.0024696 0.0139828 0.02038 0.00246166 0.999789 -1.19882 
0.99979 -0.000261795 -0.0204752 0.00161743 0.00023465 0.999999 -0.00132901 0.0114307 0.0204756 0.00132392 0.999789 -1.20392 
0.999783 -0.00108962 -0.0207945 0.00332642 0.001068 0.999999 -0.00105066 0.0141163 0.0207956 0.00102822 0.999783 -1.22893 
0.999782 -0.000439366 -0.0208821 0.00794983 0.000412669 0.999999 -0.00128304 0.0186787 0.0208826 0.00127415 0.999781 -1.22337 
0.999783 -0.00207119 -0.0207352 0.00897217 0.00208416 0.999998 0.000603659 0.0194302 0.0207339 -0.000646735 0.999785 -1.24028 
0.999791 -0.00128197 -0.0204013 0.0114441 0.00129227 0.999999 0.000491356 0.0195808 0.0204006 -0.00051762 0.999792 -1.24631 
0.999802 0.000187336 -0.0198844 0.00682068 -0.0001454 0.999998 0.00211109 0.0189972 0.0198847 -0.00210778 0.9998 -1.25407 
0.999809 -0.00200287 -0.0194212 0.00994873 0.00203996 0.999996 0.00188915 0.0156517 0.0194173 -0.00192841 0.99981 -1.27367 
0.999808 6.48797e-05 -0.0195715 0.00976562 -4.06093e-05 0.999999 0.00124128 0.0186825 0.0195716 -0.00124025 0.999808 -1.28386 
0.999812 8.77166e-05 -0.0194163 0.00512695 -3.72165e-05 0.999997 0.00260076 0.0253582 0.0194164 -0.00259955 0.999808 -1.28757 
0.999816 -0.000487646 -0.0191533 0.0100555 0.000579249 0.999988 0.00477748 0.0200272 0.0191507 -0.0047877 0.999805 -1.29851 
0.999827 -0.000523119 -0.0185764 0.00639343 0.00063167 0.999983 0.00583732 0.0191612 0.0185731 -0.00584804 0.99981 -1.31282 
0.999834 -0.00124742 -0.0181817 0.0119629 0.00133852 0.999987 0.00499954 0.0161476 0.0181752 -0.00502305 0.999822 -1.32347 
0.999834 -0.00157581 -0.0181691 0.0112915 0.00163489 0.999993 0.00323752 0.019907 0.0181639 -0.00326668 0.99983 -1.33864 
0.99983 -0.00184709 -0.0183317 0.0140991 0.00189753 0.999994 0.0027339 0.0189571 0.0183265 -0.00276822 0.999828 -1.34398 
0.999837 0.00018771 -0.0180416 0.0119324 -0.000202725 1 -0.000829626 0.027832 0.0180416 0.000833149 0.999837 -1.3671 
0.99984 0.000690673 -0.0178812 0.0114899 -0.000700875 1 -0.000564392 0.028471 0.0178807 0.000576831 0.99984 -1.37762 
0.999843 0.00178545 -0.0176069 0.0085144 -0.00170373 0.999988 0.00465518 0.025672 0.0176149 -0.00462445 0.999834 -1.37796 
0.999852 0.000497949 -0.017173 0.0133362 -0.000422603 0.99999 0.00439083 0.0203857 0.017175 -0.00438292 0.999843 -1.38719 
0.999846 -0.00259264 -0.0173753 0.0189972 0.0025851 0.999997 -0.000456392 0.0253448 0.0173765 0.0004114 0.999849 -1.39978 
0.999833 -0.00237038 -0.0181423 0.0241852 0.00236469 0.999997 -0.000334866 0.0217915 0.018143 0.000291908 0.999835 -1.40784 
0.999821 -0.00305151 -0.0186473 0.0257111 0.00310177 0.999992 0.00266645 0.0163727 0.0186392 -0.00272381 0.999823 -1.42155 
0.999831 0.000109562 -0.0183693 0.0194397 -5.61127e-05 0.999996 0.0029099 0.0148726 0.0183695 -0.00290839 0.999827 -1.42497 
0.999834 -0.000344714 -0.0181898 0.0206757 0.000382792 0.999998 0.00209039 0.0164013 0.018189 -0.002097 0.999832 -1.43881 
0.999824 0.000869567 -0.0187138 0.0220947 -0.000804957 0.999994 0.00345976 0.0180607 0.0187167 -0.00344409 0.999819 -1.44881 
0.999797 -0.000219896 -0.0201397 0.0198212 0.000338001 0.999983 0.0058607 0.0165911 0.0201381 -0.00586631 0.99978 -1.44597 
0.999732 -0.00221553 -0.0230528 0.0301514 0.00228673 0.999993 0.00306297 0.01859 0.0230457 -0.00311485 0.99973 -1.47063 
0.999665 -0.00336492 -0.0256492 0.0263977 0.00336858 0.999994 9.94988e-05 0.0235987 0.0256487 -0.000185864 0.999671 -1.46763 
0.999603 -0.00467349 -0.0277915 0.0392914 0.00471806 0.999988 0.0015381 0.0235682 0.027784 -0.00166862 0.999612 -1.48689 
0.999597 -0.00335757 -0.0281767 0.037384 0.00341167 0.999992 0.00187252 0.0236759 0.0281702 -0.0019679 0.999601 -1.48627 
0.999603 -0.00303125 -0.0280171 0.0332642 0.00309719 0.999993 0.00231003 0.0255756 0.0280099 -0.0023959 0.999605 -1.48917 
0.999615 -0.00105004 -0.0277443 0.0345459 0.00107592 0.999999 0.000917567 0.0216751 0.0277434 -0.000947056 0.999615 -1.5033 
0.999619 -0.0012041 -0.0275645 0.0292969 0.00122281 0.999999 0.000662085 0.0261059 0.0275636 -0.000695547 0.99962 -1.50083 
0.99962 0.00033519 -0.0275588 0.0305786 -0.00023241 0.999993 0.00373256 0.0250416 0.0275598 -0.00372474 0.999613 -1.50655 
0.999641 0.000428963 -0.0267767 0.0299988 -0.000312615 0.999991 0.00434918 0.0218525 0.0267783 -0.00433924 0.999632 -1.5079 
0.999668 -0.000242164 -0.0257587 0.0235748 0.000311721 0.999996 0.00269659 0.0246506 0.025758 -0.00270375 0.999665 -1.51441 
0.999686 -0.000374436 -0.0250374 0.0287933 0.000422489 0.999998 0.00191395 0.0262289 0.0250366 -0.00192392 0.999685 -1.51903 
0.999717 0.000369083 -0.0237968 0.029007 -0.000347389 1 0.000915999 0.0276403 0.0237972 -0.00090749 0.999716 -1.5278 
0.999745 -1.35228e-06 -0.0225891 0.0210571 2.2212e-05 1 0.000922581 0.0265741 0.0225891 -0.000922844 0.999744 -1.52688 
0.999768 0.000908803 -0.021532 0.024231 -0.000864675 0.999997 0.00205877 0.0246277 0.0215337 -0.00203967 0.999766 -1.52685 
0.99978 0.000752639 -0.020958 0.0186005 -0.000695996 0.999996 0.00271026 0.0223198 0.0209599 -0.00269508 0.999777 -1.53007 
0.99979 0.00109263 -0.0204709 0.0233612 -0.00101801 0.999993 0.00365452 0.0217485 0.0204747 -0.00363291 0.999784 -1.53863 
0.99979 -0.000488445 -0.0204891 0.0223541 0.000540446 0.999997 0.00253302 0.0231543 0.0204876 -0.00254356 0.999787 -1.53715 
0.999791 -0.000683986 -0.020435 0.0207214 0.000691488 1 0.000360727 0.0296488 0.0204349 -0.000374775 0.999791 -1.54467 
0.999773 -0.00227875 -0.0211836 0.0257416 0.00226818 0.999997 -0.000523191 0.0286484 0.0211847 0.00047504 0.999776 -1.54037 
0.999753 -0.00408622 -0.021854 0.0313873 0.00404094 0.99999 -0.00211628 0.0303879 0.0218624 0.00202744 0.999759 -1.53957 
0.999746 -0.00462552 -0.0220726 0.0290833 0.00457569 0.999987 -0.00230784 0.0342693 0.022083 0.00220625 0.999754 -1.52645 
0.999754 -0.00474765 -0.0216483 0.0334015 0.00470831 0.999987 -0.00186786 0.0351467 0.021657 0.00176547 0.999764 -1.51387 
0.999768 -0.00235185 -0.0214081 0.0266266 0.00239207 0.999995 0.00185297 0.0320625 0.0214036 -0.00190374 0.999769 -1.49831 
0.999763 -0.00385563 -0.0214305 0.0291901 0.00389484 0.999991 0.00178828 0.0295658 0.0214235 -0.00187131 0.999769 -1.48111 
0.999745 -0.00269334 -0.0224097 0.0292664 0.00265934 0.999995 -0.00154635 0.0325642 0.0224137 0.00148636 0.999748 -1.48328 
0.999712 -0.00261858 -0.02385 0.0233917 0.00255305 0.999993 -0.00277723 0.0346642 0.0238569 0.00271554 0.999712 -1.46688 
0.999701 -0.00258897 -0.0243227 0.0296173 0.0025018 0.99999 -0.00361365 0.0358715 0.024332 0.00355171 0.999698 -1.45509 
0.999708 -0.00222491 -0.0240718 0.0275421 0.00216251 0.999994 -0.00261868 0.0371037 0.0240776 0.00256587 0.999707 -1.43963 
0.999711 -0.00130588 -0.0240019 0.0219269 0.00125413 0.999997 -0.00217068 0.0357761 0.0240047 0.00213995 0.99971 -1.42447 
0.999723 -0.00104092 -0.0235203 0.0237732 0.00102004 0.999999 -0.000900288 0.0340176 0.0235212 0.000876064 0.999723 -1.4156 
0.999738 0.000567353 -0.0228987 0.021698 -0.000583301 1 -0.000690011 0.033041 0.0228984 0.000703191 0.999738 -1.39558 
0.999739 0.000584388 -0.0228434 0.0145111 -0.00056689 1 0.000772534 0.0321808 0.0228439 -0.000759375 0.999739 -1.38831 
0.999745 0.00203025 -0.0224821 0.0165863 -0.00202463 0.999998 0.000272251 0.0309849 0.0224827 -0.000226648 0.999747 -1.37171 
0.999751 0.000441886 -0.0223175 0.0132599 -0.000485561 0.999998 -0.00195084 0.0302544 0.0223165 0.00196119 0.999749 -1.35834 
0.99976 -0.00106217 -0.0218978 0.0195312 0.00103474 0.999999 -0.00126396 0.0332584 0.0218991 0.001241 0.999759 -1.34828 
0.99978 -0.00143198 -0.0209319 0.0195312 0.00152356 0.999989 0.00435947 0.0291805 0.0209255 -0.00439041 0.999771 -1.33154 
0.999795 -0.00262006 -0.0200855 0.0149231 0.00279964 0.999956 0.00891737 0.0259647 0.0200612 -0.00897178 0.999758 -1.3058 
0.999799 -0.00363966 -0.0197114 0.0193329 0.00379092 0.999964 0.00764156 0.0206451 0.0196829 -0.0077148 0.999777 -1.29626 
0.999787 -0.00475444 -0.0201017 0.0205536 0.00480184 0.999986 0.00231003 0.0247841 0.0200904 -0.00240602 0.999795 -1.28918 
0.999782 -0.00483617 -0.0202973 0.0189667 0.00483598 0.999988 -5.85289e-05 0.029108 0.0202973 -3.96534e-05 0.999794 -1.27892 
0.999784 -0.00564321 -0.0199892 0.0211639 0.00562591 0.999984 -0.000921729 0.0281448 0.0199943 0.000809105 0.9998 -1.26431 
0.999801 -0.00400479 -0.0195393 0.0175171 0.00398895 0.999992 -0.000849666 0.0290565 0.0195424 0.000771522 0.999809 -1.25493 
0.999812 -0.00185609 -0.0192734 0.0160828 0.00183191 0.999997 -0.00127267 0.0291443 0.0192756 0.00123714 0.999813 -1.24663 
0.999819 -0.00184629 -0.0189591 0.0168915 0.00183055 0.999998 -0.000847272 0.0276432 0.0189608 0.000812396 0.99982 -1.23811 
0.999826 -0.000532089 -0.0186093 0.00964355 0.000543892 1 0.000629692 0.026701 0.0186089 -0.000639678 0.999827 -1.22583 
0.999805 -0.00525707 -0.0190574 0.019165 0.00530175 0.999983 0.00229441 0.0253296 0.0190451 -0.00239503 0.999816 -1.21338 
0.999813 -0.00264838 -0.0191608 0.0180206 0.00267683 0.999995 0.0014592 0.0208969 0.0191568 -0.00151017 0.999815 -1.20293 
0.999851 -0.00211205 -0.0171482 0.0140228 0.00206473 0.999994 -0.00277682 0.0260353 0.017154 0.00274097 0.999849 -1.19413 
0.999879 0.000755113 -0.0155217 0.0102234 -0.000822635 0.99999 -0.00434484 0.0319328 0.0155183 0.0043571 0.99987 -1.1884 
0.999897 -0.00070912 -0.0143546 0.00987244 0.000651356 0.999992 -0.00402885 0.0311966 0.0143573 0.00401905 0.999889 -1.19274 
0.99992 0.000733146 -0.0126298 0.00874329 -0.000775406 0.999994 -0.00334096 0.0315475 0.0126273 0.00335059 0.999915 -1.13911 
0.999943 -0.000273257 -0.0106868 0.00927734 0.000270518 1 -0.000257215 0.0286102 0.0106869 0.000254273 0.999943 -1.14032 
0.999962 -0.000794142 -0.00863745 0.0096283 0.000819452 0.999995 0.00292657 0.0255508 0.00863508 -0.00293353 0.999959 -1.12489 
0.999976 -0.00179447 -0.00663959 0.0108795 0.00180409 0.999997 0.00144431 0.0221786 0.00663698 -0.00145626 0.999977 -1.11632 
0.999982 -0.00131611 -0.00590742 0.0107117 0.00133579 0.999994 0.00332828 0.0247536 0.00590301 -0.00333612 0.999977 -1.10029 
0.999986 0.000137473 -0.00534376 0.00840759 -9.14596e-05 0.999963 0.00861136 0.0217705 0.00534475 -0.00861077 0.999949 -1.08253 
0.999988 -0.0015963 -0.0046212 0.00979614 0.00161701 0.999989 0.00448172 0.0127373 0.004614 -0.00448908 0.999979 -1.07941 
0.999993 -0.000388291 -0.00371996 0.00726318 0.000356743 0.999964 -0.00847895 0.022789 0.00372312 0.00847756 0.999957 -1.08048 
