1 1.19762e-11 1.70464e-10 5.55112e-17 1.19762e-11 1 3.5625e-10 0 1.70464e-10 3.5625e-10 1 2.22045e-16 
0.999927 -0.00309241 0.0116942 0.0213887 0.00307922 0.999995 0.00114603 -0.00845643 -0.0116977 -0.00110993 0.999931 0.288071 
0.999974 -0.00207205 0.00687348 0.0139562 0.00207 0.999998 0.00030591 -0.00706001 -0.0068741 -0.000291673 0.999976 0.292838 
0.999994 -0.00286747 0.00209897 0.00981795 0.00287022 0.999995 -0.00130943 -0.00543393 -0.0020952 0.00131545 0.999997 0.298728 
0.999998 -0.0014909 -0.00169259 0.00460504 0.00148781 0.999997 -0.0018235 -0.00475074 0.00169531 0.00182098 0.999997 0.306136 
0.999976 -0.00241751 -0.00646597 -0.000648573 0.00241012 0.999996 -0.00115143 -0.00355922 0.00646872 0.00113582 0.999978 0.315699 
0.999925 -0.0022183 -0.0120609 -0.00487497 0.00219341 0.999995 -0.0020764 -0.00458303 0.0120655 0.00204979 0.999925 0.323449 
0.999871 0.000624511 -0.0160641 -0.0121798 -0.000624111 1 3.00645e-05 -0.00703843 0.0160641 -2.00323e-05 0.999871 0.337692 
0.999807 0.00457174 -0.0190953 -0.0175142 -0.00456304 0.99999 0.000499059 -0.00859695 0.0190974 -0.000411831 0.999818 0.355151 
0.999803 0.00369244 -0.0195195 -0.0191338 -0.00371319 0.999993 -0.00102689 -0.00702959 0.0195155 0.00109917 0.999809 0.359661 
0.999799 0.000717321 -0.0200516 -0.0141315 -0.000727321 1 -0.000491437 -0.00540813 0.0200512 0.000505922 0.999799 0.372991 
0.99978 -0.00149641 -0.0209493 -0.0119012 0.00151036 0.999999 0.000649946 -0.003896 0.0209482 -0.000681443 0.99978 0.385539 
0.999797 -0.00148027 -0.0200784 -0.0144455 0.00149985 0.999998 0.00096013 -0.00520272 0.0200769 -0.000990049 0.999798 0.394381 
0.999834 0.00100632 -0.0182145 -0.0239837 -0.000995161 0.999999 0.000621941 -0.00729 0.0182151 -0.000603712 0.999834 0.401927 
0.999873 0.00138616 -0.0158883 -0.0230862 -0.00136749 0.999998 0.00118617 -0.00737593 0.0158899 -0.00116429 0.999873 0.416772 
0.999902 0.00100203 -0.0139497 -0.0206675 -0.00100369 1 -0.000112113 -0.00768072 0.0139497 0.000126103 0.999903 0.428282 
0.999922 -0.00104612 -0.0124354 -0.013729 0.00103894 0.999999 -0.00058425 -0.00749674 0.0124359 0.000571285 0.999922 0.442519 
0.999943 -0.00321632 -0.0102177 -0.00756347 0.00319387 0.999993 -0.00221213 -0.00644685 0.0102248 0.00217937 0.999945 0.453061 
0.999967 0.000648745 -0.0080698 -0.00823087 -0.000665375 0.999998 -0.00205806 -0.00499743 0.00806838 0.00206337 0.999965 0.468761 
0.999971 0.00127373 -0.00750266 -0.0119637 -0.00128575 0.999998 -0.00159778 -0.00525408 0.00750072 0.00160738 0.999971 0.481999 
0.999965 -0.000103038 -0.00835785 -0.00739235 8.09459e-05 0.999996 -0.00264365 -0.00549988 0.00835803 0.00264288 0.999962 0.502579 
0.999963 -0.00339877 -0.00797518 -0.00208557 0.00338689 0.999993 -0.00150216 -0.00582651 0.0079802 0.00147509 0.999967 0.504833 
0.999948 -0.00625119 -0.0080388 0.00260192 0.00623826 0.999979 -0.00163255 -0.00629039 0.00804898 0.00158232 0.999966 0.525377 
0.99996 -0.000671631 -0.00894961 -0.00544292 0.000662575 0.999999 -0.00101564 -0.00560606 0.00895019 0.00100966 0.999959 0.535982 
0.999947 0.00529343 -0.00886859 -0.0124712 -0.00533516 0.999975 -0.00468888 -0.0079175 0.00884354 0.00473594 0.99995 0.549807 
0.999951 0.00398367 -0.00903612 -0.00885618 -0.00401521 0.999986 -0.00347524 -0.0112982 0.00902219 0.00351136 0.999953 0.560415 
0.999961 -0.00176459 -0.00864604 0.00257242 0.00175205 0.999997 -0.00145714 -0.0154064 0.00864854 0.00144193 0.999962 0.568688 
0.999957 -0.00269566 -0.00893895 0.00482297 0.00267522 0.999994 -0.00229774 -0.0120734 0.0089452 0.00227373 0.999958 0.580751 
0.999965 0.00110435 -0.00825429 0.000267506 -0.00112438 0.999997 -0.00242175 -0.00857526 0.00825152 0.00243095 0.999963 0.589564 
0.999964 0.00209394 -0.00826284 -0.00394225 -0.00212101 0.999992 -0.00326943 -0.00904834 0.0082559 0.00328684 0.999961 0.606818 
0.999967 0.000489368 -0.00817177 -0.000185013 -0.000530006 0.999988 -0.00497182 -0.00758227 0.0081692 0.00497598 0.999954 0.616012 
0.999981 0.000622209 -0.00616696 -0.000716567 -0.000667471 0.999973 -0.00733878 -0.00292467 0.00616226 0.00734274 0.999954 0.630279 
0.999988 0.00199652 -0.00445282 0.000377655 -0.00203293 0.999964 -0.00818915 0.00383317 0.00443631 0.0081981 0.999957 0.642699 
0.999988 0.00256427 -0.00427136 -0.0014714 -0.00260039 0.999961 -0.00847249 0.000874996 0.00424948 0.00848347 0.999955 0.656385 
0.999984 0.00350874 -0.00446549 -0.0019486 -0.00354887 0.999953 -0.00900885 0.00248128 0.00443357 0.00902457 0.99995 0.669139 
0.999987 0.00265021 -0.00447112 -0.00213969 -0.00268194 0.999971 -0.00710651 -0.00071305 0.00445211 0.0071184 0.999965 0.683391 
0.999975 0.00449928 -0.00547314 -0.0124431 -0.00453417 0.999969 -0.00637776 -0.00318444 0.00544441 0.00640239 0.999965 0.712557 
0.999982 0.00301928 -0.00518924 -0.0138891 -0.00305053 0.999977 -0.00602688 -0.00610518 0.00517088 0.00604258 0.999968 0.69002 
0.999977 0.00414885 -0.00534502 -0.0164602 -0.00417722 0.999977 -0.00530493 -0.00543994 0.00532293 0.00532711 0.999972 0.719885 
0.999978 0.00395739 -0.0053694 -0.0151033 -0.00397579 0.999986 -0.00341965 -0.00330782 0.00535575 0.00344089 0.99998 0.736668 
0.999983 0.00209424 -0.00534388 -0.012861 -0.0021013 0.999997 -0.00131676 -0.00344825 0.00534111 0.00132801 0.999985 0.74761 
0.999979 -6.12624e-05 -0.00652722 -0.00756121 6.48759e-05 1 0.00055588 -0.00586808 0.00652716 -0.00055629 0.999979 0.762154 
0.999977 -7.29002e-05 -0.00670379 -0.00748229 8.25897e-05 0.999999 0.00144158 -0.00534797 0.00670359 -0.00144208 0.999976 0.770941 
0.999973 -0.000684004 -0.00729507 -0.00798368 0.000697132 0.999998 0.00180002 -0.00499666 0.00729391 -0.00180513 0.999972 0.788168 
0.999961 -0.000317965 -0.00883612 -0.00772786 0.00033972 0.999997 0.0024583 -0.00731146 0.00883532 -0.00246113 0.999958 0.794277 
0.999959 -0.00015717 -0.00910503 -0.0220759 0.000207532 0.999985 0.00553119 -0.0152104 0.00910407 -0.00553288 0.999943 0.821743 
0.999956 0.00170797 -0.00915769 -0.0193002 -0.00165958 0.999985 0.00528952 -0.0139101 0.00916657 -0.00527409 0.999944 0.807747 
0.999952 0.00255994 -0.0094783 -0.0239971 -0.0025249 0.99999 0.00370679 -0.0186014 0.00948772 -0.00368267 0.999948 0.827957 
0.999953 0.000718743 -0.00967655 -0.0169744 -0.000704404 0.999999 0.00148591 -0.0143434 0.00967753 -0.00147903 0.999952 0.831924 
0.99995 -0.000457309 -0.00998166 -0.0171561 0.000461496 1 0.000417382 -0.0134041 0.00998154 -0.000421971 0.99995 0.843212 
0.999955 -0.000261404 -0.00946775 -0.0138354 0.000267692 1 0.000661641 -0.01063 0.00946751 -0.000664152 0.999955 0.85078 
0.999955 0.00075927 -0.00943908 -0.0169978 -0.000744551 0.999999 0.00156443 -0.0123805 0.00944024 -0.00155732 0.999954 0.864017 
0.999959 -0.00203829 -0.00877634 -0.010179 0.00205467 0.999996 0.00185571 -0.0112617 0.00877249 -0.00187366 0.99996 0.871206 
0.999959 -0.00124253 -0.00897175 -0.0107431 0.00127478 0.999993 0.00359116 -0.010524 0.00896728 -0.00360248 0.999953 0.888216 
0.999965 -9.60827e-05 -0.00841844 -0.0115681 0.000141256 0.999986 0.00536395 -0.00881177 0.00841787 -0.00536493 0.99995 0.898819 
0.999962 -0.00181145 -0.00847805 -0.009233 0.00184642 0.99999 0.00411802 -0.0130548 0.00847057 -0.00413353 0.999955 0.908369 
0.999964 -0.00165352 -0.00827435 -0.00785112 0.00166789 0.999997 0.00172975 -0.0130686 0.00827149 -0.00174348 0.999964 0.918329 
0.999974 -0.00155059 -0.00700799 -0.00700283 0.00155491 0.999999 0.000611473 -0.00968237 0.007007 -0.000622347 0.999975 0.928669 
0.999977 -0.000124909 -0.00677809 -0.00889683 0.000135634 0.999999 0.00158176 -0.00920634 0.00677791 -0.00158265 0.999976 0.941971 
0.999979 -0.00189863 -0.00618705 -0.00494576 0.00190789 0.999997 0.00149172 -0.0104753 0.00618425 -0.00150348 0.99998 0.954826 
0.999984 -0.00148014 -0.00552335 -0.00466776 0.00148021 0.999999 8.99285e-06 -0.0125186 0.00552323 -1.71736e-05 0.999985 0.9692 
0.99999 -0.000729876 -0.0043802 -0.00376272 0.000726713 0.999999 -0.000724413 -0.0110915 0.00438073 0.000721227 0.99999 0.97451 
0.999996 0.000537876 -0.00286379 0.00408411 -0.000539724 1 -0.000644069 -0.0126374 0.00286347 0.000645608 0.999996 1.0073 
1 -0.000403579 -0.000901401 0.0103917 0.000404594 0.999999 0.00112984 -0.0126241 0.000900924 -0.00113021 0.999999 1.02447 
1 -0.000361478 -0.000232875 0.0140247 0.000361841 0.999999 0.0015489 -0.0154359 0.000232339 -0.00154898 0.999999 1.03026 
0.999998 -0.00160086 -0.000454694 0.0115213 0.00160113 0.999999 0.000588462 -0.0150272 0.00045386 -0.000589188 1 1.04316 
0.999997 -0.00186186 -0.00129971 0.00302315 0.00186125 0.999998 -0.000478972 -0.0141765 0.00130054 0.000476565 0.999999 1.05455 
0.999994 -0.00257182 -0.00216994 0.00025177 0.00257021 0.999997 -0.000743479 -0.0140861 0.00217178 0.000737883 0.999997 1.06399 
0.999994 -0.00158121 -0.0031698 -0.00123549 0.0015863 0.999997 0.00160283 -0.0131826 0.00316733 -0.00160785 0.999994 1.06964 
0.999991 -0.00124127 -0.00414652 -0.00299644 0.0012586 0.999991 0.00418079 -0.0145259 0.00414118 -0.00418596 0.999983 1.07139 
0.999981 -0.00275018 -0.0055567 -0.00189209 0.00277216 0.999988 0.00394974 -0.0174376 0.00554582 -0.00396506 0.999977 1.06893 
0.99997 -0.0011223 -0.0076108 -0.0054884 0.00113961 0.999997 0.00227248 -0.0208086 0.00760815 -0.00228111 0.999969 1.0676 
0.999946 -0.00254822 -0.010063 -0.0072279 0.00252272 0.999994 -0.00254617 -0.0219443 0.0100695 0.00252065 0.999946 1.06471 
0.999931 -0.00250148 -0.0115096 -0.0112162 0.00245985 0.99999 -0.00363122 -0.0193896 0.0115185 0.00360265 0.999927 1.07605 
0.999934 -0.000658352 -0.0114685 -0.0230083 0.000659235 1 7.40513e-05 -0.0109382 0.0114682 -8.16248e-05 0.999934 1.07587 
0.999942 0.000844885 -0.010706 -0.0297928 -0.000791218 0.999987 0.00501567 -0.00696409 0.0107102 -0.0050069 0.99993 1.07883 
0.999951 0.00291752 -0.00943938 -0.0217457 -0.00286827 0.999982 0.00522659 -0.0139188 0.00945443 -0.00519926 0.999942 1.07463 
0.999971 0.00107248 -0.00753289 -0.0323925 -0.00108193 0.999999 -0.00124932 -0.0171387 0.00753161 0.00125743 0.999971 1.06545 
0.99998 0.000144944 -0.00631851 -0.0212946 -0.000178486 0.999986 -0.00530962 -0.0216423 0.00631765 0.00531064 0.999966 1.06129 
0.999984 0.00250381 -0.00512421 -0.0233641 -0.00254105 0.99997 -0.00727377 -0.0190496 0.00510594 0.00728666 0.99996 1.05841 
0.999983 -0.000325337 -0.00585496 -0.0156002 0.000322731 1 -0.000444572 -0.0122042 0.00585502 0.000442676 0.999983 1.06741 
0.999982 -0.000826383 -0.00595471 -0.0169411 0.000841068 0.999997 0.00246432 -0.0151247 0.00595257 -0.00246929 0.999979 1.07087 
0.999985 -0.000180805 -0.00552571 -0.0144377 0.00021407 0.999982 0.00601895 -0.013609 0.00552458 -0.00602003 0.999967 1.07645 
0.999986 -1.95149e-05 -0.0052394 -0.0129509 3.50103e-05 0.999996 0.00295734 -0.0124427 0.00523928 -0.00295748 0.999982 1.07569 
0.999986 0.000834417 -0.00524503 -0.0131464 -0.000837198 1 -0.000527807 -0.00831091 0.00524458 0.000532199 0.999986 1.07565 
0.999982 -0.000102684 -0.00590652 -0.0108242 9.17334e-05 0.999998 -0.00185318 -0.0121402 0.00590676 0.00185259 0.999981 1.07872 
0.999977 -0.00126941 -0.00668576 -0.0174799 0.00125195 0.999996 -0.00261478 -0.00825655 0.00668904 0.00260636 0.999974 1.07338 
0.999973 -0.00116795 -0.007204 -0.0176001 0.00116239 0.999999 -0.000775795 -0.00875485 0.00720483 0.000767402 0.999974 1.08515 
0.999973 -0.000545563 -0.00731817 -0.0238266 0.000552902 0.999999 0.00100078 -0.012881 0.00731778 -0.0010048 0.999973 1.07317 
0.999968 6.98473e-05 -0.00798589 -0.019598 -6.45276e-05 1 0.000666879 -0.0194335 0.00798589 -0.000666343 0.999968 1.08184 
0.999963 -0.000599511 -0.00857306 -0.0229616 0.000588136 0.999999 -0.00133032 -0.0201076 0.00857377 0.00132523 0.999962 1.08445 
0.999962 -0.00103025 -0.00869596 -0.0186911 0.00101944 0.999999 -0.00124748 -0.0177096 0.00869739 0.00123857 0.999961 1.09052 
0.999961 -0.000627648 -0.00882837 -0.0196857 0.000620216 1 -0.000844389 -0.0171379 0.00882891 0.000838887 0.999961 1.09216 
0.999961 -0.000853617 -0.00882372 -0.0177555 0.000843598 0.999999 -0.0011389 -0.0180789 0.00882462 0.0011314 0.99996 1.0951 
0.999955 -0.00123648 -0.0094485 -0.018013 0.00122071 0.999998 -0.00167466 -0.0174813 0.00945038 0.00166306 0.999954 1.11221 
0.999955 -0.00119478 -0.00941452 -0.0164642 0.00119775 0.999999 0.000310242 -0.0151117 0.00941429 -0.0003215 0.999956 1.10857 
0.999955 -0.00136515 -0.00938359 -0.0157604 0.00137491 0.999999 0.00103473 -0.0169188 0.00938213 -0.00104759 0.999955 1.09547 
0.999954 -0.000780651 -0.00957358 -0.0296345 0.000789367 0.999999 0.000906855 -0.0232819 0.00957295 -0.000914373 0.999954 1.11317 
0.999954 -0.00179251 -0.00941575 -0.0272636 0.00178378 0.999998 -0.000935044 -0.023941 0.0094173 0.000918213 0.999955 1.11561 
0.999955 -0.00052681 -0.00951818 -0.034317 0.000509299 0.999998 -0.00184333 -0.0296805 0.00951928 0.00183839 0.999953 1.12518 
0.999961 0.00106524 -0.00878057 -0.0280418 -0.00106681 0.999999 -0.000173269 -0.0232276 0.00878021 0.000182632 0.999961 1.12952 
0.999969 0.000195699 -0.00783542 -0.0312443 -0.000187701 0.999999 0.00102116 -0.026758 0.00783575 -0.00101966 0.999969 1.14013 
0.999974 0.000861019 -0.00712195 -0.018898 -0.000861583 1 -7.47871e-05 -0.0292426 0.00712174 8.09152e-05 0.999975 1.13918 
0.999976 -0.000383895 -0.00691921 -0.0199451 0.000376191 0.999999 -0.00111536 -0.0322026 0.0069198 0.00111274 0.999975 1.14284 
0.999973 0.000346512 -0.00731546 -0.0181694 -0.000366393 0.999996 -0.00271655 -0.0282985 0.00731432 0.00271916 0.99997 1.1459 
0.999975 -0.000681791 -0.00705329 -0.0168209 0.000661895 0.999996 -0.00282324 -0.0264497 0.00705519 0.0028185 0.999971 1.15121 
0.999975 6.80052e-05 -0.00702548 -0.0203495 -7.65584e-05 0.999999 -0.00121663 -0.0220596 0.00702542 0.00121713 0.999975 1.15826 
0.999977 -0.000438672 -0.00680864 -0.0252972 0.000449389 0.999999 0.00157258 -0.0179859 0.00680792 -0.00157559 0.999976 1.16402 
0.999975 -0.000760384 -0.00699642 -0.0152779 0.000767596 0.999999 0.00102915 -0.0281571 0.00699553 -0.0010345 0.999975 1.16895 
0.999976 -0.00137714 -0.00686553 -0.0134163 0.00137459 0.999999 -0.000374457 -0.0216198 0.00686622 0.000365011 0.999976 1.17002 
0.999978 -0.00110924 -0.00653803 -0.0136185 0.00110761 0.999999 -0.000252692 -0.0208726 0.00653815 0.000245439 0.999979 1.17016 
0.999981 -0.00140136 -0.00597313 -0.011179 0.00140018 0.999999 -0.000203043 -0.0198823 0.00597346 0.000194693 0.999982 1.18429 
0.999986 -0.00114295 -0.00512338 -0.00921631 0.00114405 0.999999 0.000212941 -0.0178143 0.00512308 -0.000218803 0.999987 1.19016 
0.999983 -0.00279465 -0.00516263 -0.00687408 0.00279273 0.999996 -0.000381626 -0.018636 0.00516367 0.000367185 0.999987 1.19122 
0.999978 -0.00366172 -0.00551495 -0.0108376 0.00364451 0.999988 -0.00312655 -0.0247291 0.00552627 0.00310639 0.99998 1.19371 
0.999969 -0.00464919 -0.00639561 -0.0089035 0.00463383 0.999986 -0.00241407 -0.026269 0.00640666 0.00238436 0.999977 1.20404 
0.999951 -0.00565463 -0.00815845 -0.00750351 0.00565181 0.999984 -0.000367934 -0.0267411 0.00816041 0.000321789 0.999967 1.20153 
0.99993 -0.00513866 -0.0106347 -0.0105419 0.00513766 0.999987 -0.000121295 -0.0240016 0.0106351 6.66399e-05 0.999943 1.20859 
0.999925 -0.00397011 -0.0115453 -0.0124435 0.0039829 0.999991 0.00108576 -0.0226529 0.0115409 -0.00113164 0.999933 1.21693 
0.999936 -0.00092596 -0.0112844 -0.0174484 0.000959612 0.999995 0.00297639 -0.0224352 0.0112816 -0.00298703 0.999932 1.22225 
0.999934 -0.000177925 -0.0114682 -0.0195312 0.000185983 1 0.000700643 -0.0245965 0.0114681 -0.000702727 0.999934 1.22446 
0.999928 0.00022392 -0.0120007 -0.0212097 -0.000255292 0.999996 -0.00261181 -0.0232761 0.012 0.00261469 0.999925 1.22613 
0.999923 -0.00133926 -0.0123647 -0.0187454 0.00132405 0.999998 -0.00123858 -0.020739 0.0123662 0.0012221 0.999923 1.22994 
0.999926 -0.000888489 -0.0121484 -0.0174179 0.000871139 0.999999 -0.0014336 -0.023061 0.0121497 0.00142292 0.999925 1.23473 
0.999919 -0.00320957 -0.0123033 -0.0116844 0.00322434 0.999994 0.00118065 -0.0237056 0.0122995 -0.00122023 0.999924 1.23732 
0.999918 -0.00211363 -0.0125865 -0.0124054 0.00213194 0.999997 0.00144146 -0.0261216 0.0125834 -0.00146818 0.99992 1.24345 
0.999922 -0.000893424 -0.0124648 -0.0156288 0.000897821 1 0.00034715 -0.023339 0.0124645 -0.000358313 0.999922 1.24524 
0.999924 -0.000224395 -0.0123086 -0.0152626 0.000208342 0.999999 -0.00130485 -0.0246618 0.0123088 0.00130219 0.999923 1.24773 
0.999927 0.000685668 -0.0120422 -0.018055 -0.000702223 0.999999 -0.00137212 -0.0243814 0.0120412 0.00138048 0.999927 1.25526 
0.999931 0.000690324 -0.0117283 -0.0166092 -0.000704199 0.999999 -0.00117863 -0.0241179 0.0117275 0.00118682 0.999931 1.2501 
0.999935 0.00024505 -0.0113764 -0.0167732 -0.000246013 1 -8.37054e-05 -0.0214663 0.0113764 8.65003e-05 0.999935 1.2657 
0.999947 0.000418179 -0.0102623 -0.0149841 -0.000397516 0.999998 0.00201487 -0.0211167 0.0102632 -0.00201069 0.999945 1.26809 
0.999957 -0.000791019 -0.00928178 -0.0124435 0.000817465 0.999996 0.00284589 -0.0220723 0.00927955 -0.00285336 0.999953 1.27169 
0.999962 -0.000714995 -0.00870004 -0.0121155 0.000715189 1 1.97114e-05 -0.0244572 0.00869989 -2.59252e-05 0.999962 1.27266 
0.99996 -0.00235144 -0.00859371 -0.00960541 0.00233061 0.999994 -0.00243355 -0.0238459 0.00859952 0.00241343 0.99996 1.27087 
0.999964 -0.0031122 -0.00787258 -0.00735474 0.00309549 0.999993 -0.00213428 -0.0214858 0.0078792 0.00210984 0.999967 1.27479 
0.999975 -0.00143006 -0.00691989 -0.00791168 0.0014132 0.999996 -0.00244056 -0.0240848 0.00692335 0.0024307 0.999973 1.27393 
0.999979 -0.00216816 -0.00609002 -0.00580597 0.00215081 0.999994 -0.00285508 -0.02438 0.00609609 0.00284193 0.999978 1.27724 
0.999982 -0.00297917 -0.00523108 -0.00419998 0.00298109 0.999996 0.000357619 -0.0217311 0.00523001 -0.00037321 0.999986 1.26643 
0.999988 -0.00158939 -0.00466874 -0.00443649 0.00160653 0.999992 0.0036685 -0.0229673 0.00466287 -0.00367596 0.999982 1.27239 
0.999985 -0.00354034 -0.00416544 -0.0018959 0.00355695 0.999986 0.00398728 -0.0243981 0.00415125 -0.00400204 0.999983 1.31187 
0.999992 -0.00187526 -0.00362399 -0.00264359 0.00188117 0.999997 0.00162666 -0.0246651 0.00362107 -0.00163346 0.999992 1.21803 
0.999994 -0.00180535 -0.00313807 -0.00318527 0.00180676 0.999998 0.000449137 -0.0261986 0.00313717 -0.000454811 0.999995 1.25454 
0.999994 -0.00197569 -0.00278735 -0.00222778 0.00198138 0.999996 0.00204168 -0.0246177 0.00278333 -0.00204719 0.999994 1.24982 
0.999996 -0.00156317 -0.00251862 -0.00305557 0.00156788 0.999997 0.001867 -0.0263138 0.00251564 -0.00187094 0.999995 1.24725 
0.999993 -0.00275745 -0.0023222 0.00247192 0.00275772 0.999996 0.0001084 -0.0216031 0.00232199 -0.000114805 0.999997 1.23613 
0.999994 -0.00221516 -0.00277212 -0.00387573 0.00221716 0.999997 0.000720148 -0.0296483 0.00277051 -0.000726277 0.999996 1.21347 
0.999991 -0.00336811 -0.00268796 -0.00218964 0.00337452 0.999992 0.00239072 -0.031023 0.00267985 -0.00239977 0.999994 1.20256 
0.999996 -0.00190036 -0.0022794 -0.00737 0.00190406 0.999997 0.00161389 -0.0290685 0.00227627 -0.00161823 0.999996 1.19891 
0.999995 -0.00237028 -0.00197768 -0.0125809 0.00237082 0.999997 0.000269005 -0.0253782 0.00197706 -0.000273694 0.999998 1.18816 
0.999998 -0.00135504 -0.00143477 -0.00828552 0.00135367 0.999999 -0.000960157 -0.0269122 0.00143608 0.000958212 0.999999 1.17663 
1 -0.000161169 -0.000698775 -0.0101814 0.000160288 0.999999 -0.00123619 -0.027483 0.000698984 0.00123607 0.999999 1.16296 
0.999999 0.00104882 0.000283182 -0.0218735 -0.00104851 0.999999 -0.00105903 -0.0262213 -0.000284314 0.00105874 0.999999 1.15201 
0.999995 0.0022832 0.00211838 -0.0224495 -0.00228147 0.999997 -0.000822467 -0.0249839 -0.00212029 0.000817641 0.999998 1.13945 
0.999987 0.00257258 0.00451964 -0.0149803 -0.00256729 0.999996 -0.00117523 -0.0261106 -0.00452256 0.00116361 0.999989 1.13336 
0.999983 0.00194637 0.00554341 -0.0121117 -0.00193965 0.999997 -0.00121639 -0.0241699 -0.00554577 0.00120561 0.999984 1.12708 
0.99998 0.000990698 0.00634801 -0.00225067 -0.00098672 0.999999 -0.000632301 -0.0145154 -0.00634864 0.000626033 0.99998 1.12584 
0.99997 0.00140294 0.00762185 -9.91821e-05 -0.0014073 0.999999 0.000566952 -0.0164385 -0.00762105 -0.000577659 0.999971 1.12106 
0.999958 0.00202308 0.00897145 -0.000320435 -0.00203027 0.999998 0.000792715 -0.0154037 -0.00896966 -0.000810903 0.99996 1.11601 
0.999951 0.00084828 0.00985661 0.00255966 -0.000847601 1 -7.28844e-05 -0.0178924 -0.00985676 6.45255e-05 0.999951 1.1129 
0.999943 0.00116966 0.0106178 0.00289536 -0.00116896 0.999999 -7.22981e-05 -0.0163612 -0.0106178 5.98766e-05 0.999944 1.1089 
0.999938 0.00160201 0.011005 0.00230026 -0.00158759 0.999998 -0.0013191 -0.0204682 -0.011007 0.00130154 0.999938 1.10098 
0.999928 0.00233305 0.0118107 0.00725555 -0.00229594 0.999992 -0.00315465 -0.0170488 -0.011818 0.0031273 0.999925 1.09679 
0.999914 0.00248537 0.012896 0.0171852 -0.00245773 0.999995 -0.00215864 -0.0125813 -0.0129012 0.00212676 0.999915 1.09322 
0.999899 0.00276973 0.0139499 0.018116 -0.0027713 0.999996 9.35885e-05 -0.00560904 -0.0139496 -0.000132235 0.999903 1.09685 
0.999887 0.00237769 0.0148335 0.0184402 -0.00240561 0.999995 0.001865 -0.00502157 -0.014829 -0.00190049 0.999888 1.09641 
0.999891 0.00158298 0.0146573 0.0189896 -0.00160891 0.999997 0.00175718 -0.00633812 -0.0146545 -0.00178057 0.999891 1.09248 
0.999901 0.000279324 0.014095 0.0129662 -0.000283707 1 0.000309001 0.00182581 -0.0140949 -0.00031297 0.999901 1.08665 
0.999905 0.000434261 0.0137873 0.011795 -0.000421433 1 -0.000933298 -0.00165844 -0.0137877 0.000927395 0.999904 1.0827 
0.999909 0.000267968 0.0134755 0.0109444 -0.000252545 0.999999 -0.00114566 4.33922e-05 -0.0134758 0.00114215 0.999909 1.0649 
0.999907 -0.00111459 0.0135714 0.0116005 0.00112681 0.999999 -0.000893526 -0.0059824 -0.0135704 0.000908745 0.999908 1.05673 
0.999912 -0.00037109 0.0132861 0.0117817 0.000376353 1 -0.000394301 -0.00419617 -0.0132861 0.000399271 0.999912 1.05029 
0.999909 0.00175924 0.0133789 0.00682831 -0.0017826 0.999997 0.00173496 -0.0101933 -0.0133758 -0.00175864 0.999909 1.04245 
0.99992 0.000293702 0.0126119 0.00837135 -0.000334562 0.999995 0.00323784 -0.00765181 -0.0126108 -0.00324181 0.999915 1.03545 
0.999918 0.00189623 0.0126382 0.00522995 -0.00190588 0.999998 0.000750935 -0.0151172 -0.0126368 -0.000774945 0.99992 1.02095 
0.999913 0.00249789 0.0129611 0.0039196 -0.002483 0.999996 -0.00116512 -0.0125947 -0.0129641 0.00113282 0.999915 1.01389 
0.999921 0.00222159 0.0123382 0.00303459 -0.00220209 0.999996 -0.00159328 -0.0147305 -0.0123416 0.00156598 0.999923 1.00348 
0.999926 0.000763052 0.0121537 0.00448227 -0.000760067 1 -0.000250609 -0.0129704 -0.0121538 0.00024136 0.999926 0.994568 
0.999925 0.000661126 0.0122067 -0.0052948 -0.000686376 0.999998 0.00206389 -0.0124111 -0.0122053 -0.00207212 0.999923 0.988358 
0.999931 0.000709521 0.0117492 -0.00611115 -0.000733191 0.999998 0.00201068 -0.0148978 -0.0117479 -0.00201915 0.999929 0.979813 
0.999937 -0.000167505 0.0112243 -0.00685215 0.000156756 1 0.000958084 -0.0150485 -0.0112244 -0.000956273 0.999937 0.970612 
0.999943 0.00148577 0.0106068 -0.00671959 -0.00147923 0.999999 -0.000623915 -0.0163074 -0.0106077 0.000608183 0.999943 0.961441 
0.999945 0.00111125 0.0103891 -0.00854588 -0.00111573 0.999999 0.000425187 -0.0138516 -0.0103887 -0.000436745 0.999946 0.952988 
0.999947 0.000996692 0.0102195 -0.00646019 -0.00101761 0.999997 0.00204284 -0.0118217 -0.0102175 -0.00205314 0.999946 0.943756 
0.999939 0.0013842 0.0109892 -0.00894833 -0.00141544 0.999995 0.00283585 -0.0052681 -0.010985 -0.00285123 0.999936 0.919495 
0.999942 0.00183674 0.0105993 -0.00818563 -0.00184992 0.999998 0.00123362 -0.011961 -0.0105972 -0.00125316 0.999943 0.913513 
0.999936 0.000563305 0.0113245 -0.00982285 -0.000559804 1 -0.000312909 -0.012557 -0.0113245 0.000306567 0.999936 0.890152 
0.999926 0.00299779 0.0117615 -0.00909816 -0.00300904 0.999995 0.000939343 -0.0131283 -0.0117587 -0.000974678 0.99993 0.886063 
0.99991 0.00148675 0.0133123 -0.00254309 -0.00152676 0.999994 0.00299635 -0.0109019 -0.0133078 -0.00301641 0.999907 0.875702 
0.999899 0.00208746 0.0140664 0.00392151 -0.0021317 0.999993 0.00313037 -0.0123568 -0.0140596 -0.00316003 0.999896 0.875961 
0.999875 0.00198113 0.0156958 0.00328302 -0.00198708 0.999998 0.000363644 -0.0139637 -0.015695 -0.000394795 0.999877 0.869049 
0.999882 0.00184102 0.0152476 0.00300503 -0.00182689 0.999998 -0.000940409 -0.0129881 -0.0152494 0.00091244 0.999883 0.842529 
0.99988 0.000487333 0.0155028 0.00509548 -0.000464391 0.999999 -0.00148315 -0.0110383 -0.0155036 0.00147577 0.999879 0.846649 
0.999872 7.07954e-05 0.0159803 0.00651836 -5.4948e-05 1 -0.000991883 -0.0105362 -0.0159803 0.000990876 0.999872 0.84201 
0.999861 0.0013343 0.0166467 0.00466347 -0.00137058 0.999997 0.00216852 -0.00958824 -0.0166438 -0.00219103 0.999859 0.84494 
0.999854 0.00071643 0.0170696 0.00500679 -0.000762154 0.999996 0.00267203 -0.0106764 -0.0170676 -0.00268465 0.999851 0.838638 
0.999861 -7.66581e-05 0.0166643 0.00554466 4.04576e-05 0.999998 0.00217235 -0.0116844 -0.0166644 -0.00217137 0.999859 0.840668 
0.999871 -0.00051647 0.0160763 0.0095253 0.000473966 0.999996 0.00264776 -0.0159903 -0.0160774 -0.0026398 0.999867 0.840775 
0.99989 -0.000193356 0.0148335 0.00673676 0.000167032 0.999998 0.00177563 -0.0182457 -0.014834 -0.00177295 0.999888 0.83786 
0.99991 -0.00134552 0.0133527 0.0107613 0.00132576 0.999998 0.00148911 -0.0293121 -0.0133547 -0.00147128 0.99991 0.835159 
0.99992 -0.000441181 0.0126251 0.0112762 0.000438132 1 0.000244027 -0.0188551 -0.0126252 -0.000238466 0.99992 0.838104 
0.999913 0.00106468 0.0131085 0.0101318 -0.00106528 0.999999 3.83663e-05 -0.018383 -0.0131085 -5.23287e-05 0.999914 0.852798 
0.999917 0.00144808 0.0128443 0.00590134 -0.00145649 0.999999 0.000645072 -0.0158424 -0.0128434 -0.000663727 0.999917 0.825974 
0.99992 0.00121796 0.0126001 0.00692368 -0.00122432 0.999999 0.000497082 -0.0178442 -0.0125994 -0.000512475 0.99992 0.844788 
0.999927 -0.00059673 0.0120979 0.0087471 0.000599852 1 -0.000254535 -0.014369 -0.0120977 0.000261773 0.999927 0.847656 
0.999941 -0.00110192 0.0107708 0.0116234 0.00111229 0.999999 -0.00095684 -0.00972939 -0.0107698 0.000968764 0.999941 0.856323 
0.999956 -0.000514534 0.00937414 0.00618362 0.000521936 1 -0.000787474 -0.000803947 -0.00937366 0.000792334 0.999956 0.856537 
0.999972 0.000606048 0.00745958 -6.10352e-05 -0.000609535 1 0.000465799 -0.00250816 -0.00745934 -0.000470332 0.999972 0.871811 
0.999975 0.000114631 0.00699994 0.00147629 -0.000137397 0.999995 0.00325139 0.000475883 -0.00699955 -0.00325227 0.99997 0.883133 
0.999973 0.00222599 0.00699025 -0.00526428 -0.00225719 0.999987 0.00445914 -0.00438976 -0.00698021 -0.0044748 0.999966 0.897629 
0.999971 0.0019875 0.00740859 -0.00356674 -0.00200923 0.999994 0.00292576 -0.00468254 -0.00740275 -0.00294056 0.999968 0.898758 
0.999971 0.00164868 0.00737023 -0.00477219 -0.00166157 0.999997 0.00174265 -0.00583172 -0.00736728 -0.00175485 0.999971 0.911163 
0.999971 0.00122831 0.00757673 -0.00120163 -0.00124578 0.999997 0.00230111 -0.00387859 -0.0075739 -0.00231048 0.999969 0.926437 
0.99997 0.000223043 0.00773615 -0.00220871 -0.000244345 0.999996 0.00275272 -0.0059042 -0.00773561 -0.00275453 0.999966 0.938705 
0.999967 -0.00104053 0.00811952 0.000213623 0.00102249 0.999997 0.00222563 -0.00629711 -0.00812179 -0.00221725 0.999965 0.950104 
0.999962 -0.000714941 0.00861302 -0.000701904 0.000707372 0.999999 0.000881909 -0.00792122 -0.00861365 -0.000875785 0.999963 0.9617 
0.999959 -0.000577846 0.00907519 0.00102234 0.000578756 1 -9.76315e-05 -0.00867558 -0.00907519 0.00010288 0.999959 0.972275 
0.999949 -0.00267964 0.00972632 0.00518417 0.00268524 0.999996 -0.000562628 -0.00751972 -0.00972465 0.000588716 0.999953 0.983688 
0.999944 -0.00116458 0.010482 0.00298309 0.00117687 0.999999 -0.00116619 -0.00841141 -0.0104806 0.00117846 0.999944 0.995132 
0.999927 -0.000429171 0.0120455 0.00398254 0.000455398 0.999997 -0.00217479 -0.00983334 -0.0120445 0.00218012 0.999925 1.02509 
0.999902 0.00169736 0.0138834 0.00376892 -0.00167791 0.999998 -0.00141262 -0.0112896 -0.0138857 0.00138918 0.999903 1.00005 
0.999841 0.00351004 0.0174718 0.0172958 -0.00353294 0.999993 0.00127982 -0.0156898 -0.0174672 -0.00134134 0.999847 1.0334 
0.999799 0.00319793 0.0197794 0.0171585 -0.00326264 0.999989 0.00324018 -0.0138741 -0.0197689 -0.00330406 0.999799 1.0451 
0.99977 0.00261184 0.0212964 0.0237122 -0.00264505 0.999995 0.00153151 -0.0164671 -0.0212924 -0.00158748 0.999772 1.0598 
0.99975 0.00148168 0.0223131 0.0186081 -0.00150945 0.999998 0.00122789 -0.013319 -0.0223112 -0.00126127 0.99975 1.06145 
0.999745 0.000866358 0.022557 0.0290909 -0.000898743 0.999999 0.00142568 -0.0199957 -0.0225558 -0.00144559 0.999744 1.07785 
0.999744 -0.000195639 0.0226423 0.027153 0.000140826 0.999997 0.00242237 -0.0185976 -0.0226427 -0.00241856 0.999741 1.09248 
0.999737 0.00133253 0.0228941 0.0275421 -0.00142173 0.999992 0.00388042 -0.0194683 -0.0228888 -0.00391194 0.99973 1.09836 
0.999736 0.000810124 0.0229576 0.0225067 -0.000907745 0.999991 0.00424206 -0.0168839 -0.0229539 -0.00426178 0.999727 1.11722 
0.999729 0.00125523 0.0232577 0.0280685 -0.0013471 0.999991 0.00393512 -0.0199642 -0.0232526 -0.0039654 0.999722 1.12973 
0.999739 0.00166475 0.0227786 0.0224915 -0.00167399 0.999999 0.000386467 -0.0201893 -0.0227779 -0.000424488 0.99974 1.13776 
0.999746 -0.000592832 0.0225185 0.0237579 0.000637094 0.999998 -0.00195841 -0.0187626 -0.0225174 0.00197226 0.999744 1.15234 
0.999771 -7.16557e-05 0.0214031 0.0255585 9.21816e-05 1 -0.000958268 -0.00992584 -0.021403 0.000960018 0.99977 1.16322 
0.999784 -0.00160383 0.0207321 0.0214462 0.0015604 0.999997 0.00211131 -0.00994873 -0.0207355 -0.0020785 0.999783 1.18033 
0.999792 0.000364711 0.02038 0.0235443 -0.000414956 0.999997 0.00246166 -0.0110321 -0.0203791 -0.00246961 0.999789 1.19862 
0.99979 0.000234635 0.0204756 0.0230255 -0.000261812 0.999999 0.00132393 -0.00984001 -0.0204752 -0.001329 0.99979 1.2037 
0.999783 0.001068 0.0207956 0.0222015 -0.00108962 0.999999 0.00102822 -0.0128536 -0.0207945 -0.00105065 0.999783 1.22876 
0.999782 0.000412664 0.0208826 0.0175934 -0.000439372 0.999999 0.00127414 -0.0171204 -0.0208821 -0.00128305 0.999781 1.2233 
0.999783 0.00208416 0.0207339 0.0167236 -0.00207119 0.999998 -0.000646742 -0.0202179 -0.0207352 0.00060365 0.999785 1.24016 
0.999791 0.00129227 0.0204006 0.0139771 -0.00128198 0.999999 -0.000517618 -0.0202141 -0.0204013 0.00049136 0.999792 1.24625 
0.999802 -0.000145389 0.0198847 0.0181274 0.000187349 0.999998 -0.00210778 -0.0216427 -0.0198844 0.00211109 0.9998 1.25392 
0.999809 0.00203994 0.0194173 0.01474 -0.00200288 0.999996 -0.00192841 -0.0180874 -0.0194212 0.00188915 0.99981 1.27359 
0.999808 -4.05908e-05 0.0195716 0.0153656 6.48969e-05 0.999999 -0.00124025 -0.0202751 -0.0195715 0.00124128 0.999808 1.28378 
0.999811 -3.72285e-05 0.0194164 0.0198822 8.7708e-05 0.999997 -0.00259954 -0.0287056 -0.0194162 0.00260076 0.999808 1.28737 
0.999816 0.000579253 0.0191508 0.0148163 -0.000487641 0.999988 -0.0047877 -0.0262375 -0.0191533 0.00477748 0.999805 1.29836 
0.999827 0.000631658 0.018573 0.0179443 -0.000523131 0.999983 -0.00584804 -0.0268345 -0.0185765 0.00583731 0.999811 1.31256 
0.999834 0.00133852 0.0181753 0.0120697 -0.00124741 0.999986 -0.00502305 -0.0227795 -0.0181817 0.00499954 0.999822 1.32333 
0.999834 0.00163489 0.0181639 0.0130157 -0.00157581 0.999993 -0.00326669 -0.0242615 -0.0181691 0.00323752 0.99983 1.33855 
0.99983 0.00189752 0.0183266 0.0104828 -0.0018471 0.999994 -0.00276822 -0.0226517 -0.0183317 0.0027339 0.999828 1.34396 
0.999837 -0.000202709 0.0180415 0.0127563 0.000187721 1 0.000833148 -0.0266972 -0.0180418 -0.000829627 0.999837 1.36713 
0.99984 -0.000700882 0.0178809 0.0131836 0.000690669 1 0.000576834 -0.0276833 -0.0178811 -0.00056439 0.99984 1.37762 
0.999843 -0.00170373 0.017615 0.0158386 0.00178545 0.999988 -0.00462445 -0.0320587 -0.0176069 0.00465518 0.999834 1.37778 
0.999852 -0.000422603 0.017175 0.0105286 0.00049795 0.99999 -0.00438292 -0.0264711 -0.017173 0.00439082 0.999843 1.38712 
0.999846 0.0025851 0.0173765 0.00526428 -0.00259264 0.999997 0.000411407 -0.0247221 -0.0173753 -0.000456386 0.999849 1.39989 
0.999833 0.00236469 0.0181431 0.00132751 -0.00237038 0.999997 0.000291909 -0.0213251 -0.0181423 -0.000334864 0.999835 1.40804 
0.999821 0.00310177 0.0186391 0.000732422 -0.00305152 0.999992 -0.00272381 -0.0201664 -0.0186475 0.00266645 0.999823 1.42172 
0.999831 -5.6115e-05 0.0183696 0.00672913 0.000109557 0.999996 -0.00290838 -0.019022 -0.0183692 0.00290991 0.999827 1.42503 
0.999835 0.000382808 0.018189 0.00552368 -0.000344703 0.999998 -0.00209701 -0.019412 -0.0181898 0.00209039 0.999832 1.43889 
0.999824 -0.000804959 0.0187167 0.00506592 0.000869561 0.999994 -0.00344409 -0.0230722 -0.0187138 0.00345976 0.999819 1.44888 
0.999797 0.000337991 0.0201381 0.0092926 -0.000219906 0.999983 -0.00586632 -0.0250692 -0.0201398 0.00586069 0.99978 1.44595 
0.999732 0.00228673 0.0230458 0.00372314 -0.00221552 0.999993 -0.00311485 -0.0231028 -0.0230527 0.00306296 0.99973 1.47086 
0.999665 0.00336857 0.0256487 0.0111847 -0.00336491 0.999995 -0.000185862 -0.0237837 -0.0256492 9.94951e-05 0.999671 1.46783 
0.999603 0.00471805 0.027784 0.00193787 -0.00467349 0.999988 -0.00166861 -0.0258636 -0.0277916 0.0015381 0.999613 1.4874 
0.999597 0.00341168 0.0281702 0.00440979 -0.00335756 0.999992 -0.0019679 -0.026475 -0.0281767 0.00187252 0.999601 1.48668 
0.999603 0.00309718 0.0280099 0.00836182 -0.00303125 0.999992 -0.00239589 -0.029047 -0.0280172 0.00231005 0.999605 1.48943 
0.999615 0.00107591 0.0277433 0.00714111 -0.00105004 0.999999 -0.000947062 -0.0230637 -0.0277443 0.000917561 0.999615 1.50366 
0.999619 0.00122282 0.0275637 0.0120544 -0.00120409 0.999999 -0.000695536 -0.0271168 -0.0275644 0.000662088 0.99962 1.50105 
0.99962 -0.000232409 0.02756 0.0109711 0.000335185 0.999993 -0.00372474 -0.0306644 -0.0275588 0.00373255 0.999613 1.50674 
0.999641 -0.000312615 0.0267783 0.0104065 0.000428962 0.999991 -0.00433926 -0.02841 -0.0267767 0.00434917 0.999632 1.50806 
0.999668 0.000311725 0.025758 0.0154266 -0.000242166 0.999996 -0.00270374 -0.028738 -0.0257587 0.00269661 0.999665 1.51443 
0.999686 0.000422485 0.0250366 0.00926208 -0.000374442 0.999998 -0.00192394 -0.0291424 -0.0250373 0.00191394 0.999685 1.51923 
0.999717 -0.000347385 0.0237972 0.00737 0.000369091 1 -0.000907473 -0.0290394 -0.0237969 0.000916013 0.999717 1.52805 
0.999745 2.22027e-05 0.0225891 0.0134277 -1.36346e-06 1 -0.000922848 -0.0279856 -0.0225891 0.000922577 0.999744 1.52694 
0.999768 -0.00086467 0.0215338 0.00868225 0.000908813 0.999998 -0.00203968 -0.0277653 -0.021532 0.00205877 0.999766 1.52697 
0.99978 -0.000695987 0.02096 0.0134888 0.000752646 0.999996 -0.00269508 -0.0264559 -0.020958 0.00271027 0.999777 1.53005 
0.99979 -0.00101802 0.0204747 0.00816345 0.00109262 0.999993 -0.00363291 -0.0273628 -0.0204709 0.00365452 0.999784 1.53869 
0.99979 0.000540458 0.0204876 0.00915527 -0.000488434 0.999997 -0.00254355 -0.0270519 -0.0204889 0.00253302 0.999787 1.53721 
0.999791 0.000691503 0.0204348 0.0108337 -0.000683978 1 -0.000374781 -0.0302124 -0.0204351 0.000360731 0.999791 1.54476 
0.999773 0.00226817 0.0211847 0.00680542 -0.00227876 0.999997 0.000475023 -0.0278559 -0.0211835 -0.000523197 0.999776 1.54058 
0.999753 0.00404093 0.0218624 0.00215149 -0.00408622 0.99999 0.00202745 -0.0271406 -0.021854 -0.00211628 0.999759 1.53995 
0.999746 0.00457569 0.022083 0.00447083 -0.00462553 0.999987 0.00220625 -0.0307693 -0.0220726 -0.00230782 0.999754 1.52679 
0.999754 0.00470831 0.0216569 -0.000778198 -0.00474765 0.999987 0.00176546 -0.0323143 -0.0216483 -0.00186785 0.999764 1.51429 
0.999768 0.00239207 0.0214037 0.00537109 -0.00235186 0.999996 -0.00190375 -0.0348511 -0.0214079 0.00185296 0.999769 1.49847 
0.999763 0.00389484 0.0214234 0.00242615 -0.00385563 0.999991 -0.00187131 -0.0322247 -0.0214306 0.00178827 0.999769 1.48134 
0.999745 0.00265934 0.0224137 0.00387573 -0.00269333 0.999995 0.00148636 -0.030283 -0.0224096 -0.00154634 0.999748 1.4836 
0.999712 0.00255306 0.023857 0.0115509 -0.00261858 0.999993 0.00271553 -0.0306168 -0.0238499 -0.00277722 0.999712 1.46711 
0.999701 0.00250181 0.0243319 0.00572205 -0.00258898 0.99999 0.00355172 -0.0306206 -0.0243228 -0.00361366 0.999698 1.45551 
0.999708 0.00216249 0.0240776 0.0070343 -0.00222493 0.999994 0.00256587 -0.0333462 -0.0240718 -0.00261868 0.999707 1.43996 
0.999711 0.00125414 0.0240046 0.0122375 -0.00130588 0.999997 0.00213995 -0.0327015 -0.0240019 -0.00217067 0.999709 1.42467 
0.999723 0.00102003 0.0235212 0.00949097 -0.00104093 0.999999 0.000876058 -0.032753 -0.0235202 -0.000900296 0.999723 1.4158 
0.999738 -0.000583304 0.0228984 0.0102844 0.000567352 1 0.000703191 -0.032074 -0.0228987 -0.000690012 0.999738 1.39573 
0.999739 -0.000566887 0.0228439 0.0172272 0.000584394 1 -0.000759382 -0.0332451 -0.0228434 0.00077254 0.999739 1.38825 
0.999745 -0.00202464 0.0224826 0.0142975 0.00203024 0.999998 -0.000226669 -0.0313282 -0.0224822 0.000272261 0.999747 1.37171 
0.999751 -0.000485548 0.0223166 0.0170898 0.000441906 0.999998 0.00196119 -0.0276012 -0.0223174 -0.00195082 0.999749 1.35834 
0.99976 0.00103474 0.021899 0.00997925 -0.00106217 0.999999 0.001241 -0.0315628 -0.0218977 -0.00126396 0.999759 1.34844 
0.99978 0.00152356 0.0209255 0.00830078 -0.00143199 0.999989 -0.0043904 -0.034996 -0.020932 0.00435947 0.999771 1.33153 
0.999795 0.00279964 0.0200614 0.0112152 -0.00262007 0.999956 -0.00897177 -0.0376396 -0.0200855 0.00891736 0.999758 1.30555 
0.999799 0.00379092 0.0196829 0.00610352 -0.00363966 0.999964 -0.00771475 -0.0305767 -0.0197115 0.0076416 0.999776 1.2962 
0.999787 0.00480184 0.0200904 0.00520325 -0.00475444 0.999986 -0.00240606 -0.0277901 -0.0201016 0.00230998 0.999795 1.28927 
0.999782 0.00483598 0.0202974 0.0068512 -0.00483617 0.999988 -3.96392e-05 -0.0290623 -0.0202973 -5.85208e-05 0.999794 1.27903 
0.999784 0.00562591 0.0199941 0.00396729 -0.00564321 0.999984 0.000809067 -0.0270023 -0.0199894 -0.000921782 0.9998 1.26451 
0.999801 0.00398894 0.0195425 0.00689697 -0.00400479 0.999992 0.00077156 -0.0280151 -0.0195392 -0.000849642 0.999809 1.25507 
0.999813 0.0018319 0.0192757 0.00791931 -0.00185609 0.999998 0.00123714 -0.0275707 -0.0192733 -0.00127269 0.999813 1.24675 
0.999819 0.00183056 0.0189607 0.00657654 -0.00184629 0.999998 0.000812425 -0.0266075 -0.0189592 -0.000847257 0.99982 1.23822 
0.999827 0.000543898 0.0186089 0.0131683 -0.000532081 1 -0.000639708 -0.0274773 -0.0186093 0.000629661 0.999827 1.22578 
0.999804 0.00530174 0.019045 0.0038147 -0.00525708 0.999983 -0.002395 -0.0281372 -0.0190575 0.00229445 0.999816 1.21346 
0.999813 0.00267683 0.0191569 0.00497437 -0.00264838 0.999995 -0.00151022 -0.0226631 -0.0191608 0.00145915 0.999815 1.20303 
0.999851 0.00206473 0.017154 0.00640869 -0.00211204 0.999994 0.002741 -0.0227318 -0.0171482 -0.00277678 0.999849 1.19426 
0.999879 -0.000822645 0.0155183 0.00822449 0.000755105 0.99999 0.00435708 -0.0267677 -0.0155217 -0.00434484 0.99987 1.18855 
0.999897 0.000651352 0.0143573 0.00721741 -0.000709126 0.999992 0.0040191 -0.0264015 -0.0143546 -0.00402882 0.999889 1.19288 
0.99992 -0.000775402 0.0126273 0.00566101 0.000733154 0.999994 0.0033505 -0.0277405 -0.0126298 -0.00334107 0.999915 1.13923 
0.999943 0.000270519 0.0106868 0.00292969 -0.00027325 1 0.000254303 -0.0283203 -0.0106868 -0.000257185 0.999943 1.14037 
0.999963 0.000819447 0.00863509 9.15527e-05 -0.000794144 0.999996 -0.00293354 -0.0288467 -0.00863744 0.00292657 0.999959 1.12486 
0.999976 0.0018041 0.00663698 -0.00349426 -0.00179447 0.999997 -0.00145624 -0.0237808 -0.00663959 0.00144432 0.999977 1.11634 
0.999982 0.00133579 0.005903 -0.00427246 -0.00131612 0.999994 -0.00333611 -0.0284157 -0.00590742 0.00332828 0.999977 1.10025 
0.999986 -9.14484e-05 0.00534475 -0.00260925 0.00013748 0.999963 -0.00861075 -0.0310936 -0.00534376 0.00861138 0.999949 1.08232 
0.999988 0.00161701 0.004614 -0.00482178 -0.0015963 0.999989 -0.00448913 -0.0175705 -0.0046212 0.00448166 0.999979 1.07937 
