1 -1.19762e-11 -1.70464e-10 -1.66533e-16 -1.19762e-11 1 -3.5625e-10 1.11022e-16 -1.70464e-10 -3.5625e-10 1 -2.22045e-16 
0.99988 -0.00136596 -0.015409 -0.0101471 0.00138157 0.999999 0.0010028 -0.000590676 0.0154076 -0.00102397 0.999881 -0.126899 
0.999783 -0.00277382 -0.0206552 -0.012985 0.00276503 0.999996 -0.000453971 -0.000679121 0.0206564 0.00039676 0.999787 -0.142455 
0.999642 -0.00166136 -0.0267218 -0.0194301 0.00162305 0.999998 -0.00145532 -0.00133523 0.0267241 0.00141143 0.999642 -0.16346 
0.99944 6.01866e-05 -0.0334739 -0.0283274 -0.000142769 0.999997 -0.00246469 -0.000660797 0.0334736 0.00246809 0.999436 -0.176465 
0.999276 0.00267059 -0.0379572 -0.0351396 -0.0027614 0.999993 -0.00234009 -0.0010756 0.0379507 0.00244321 0.999277 -0.189969 
0.999201 0.00324273 -0.039832 -0.0401155 -0.00326868 0.999995 -0.000586333 -0.00119421 0.0398299 0.000716063 0.999206 -0.204296 
0.999038 5.55232e-05 -0.0438446 -0.0357659 -0.000111289 0.999999 -0.00126945 -0.00208023 0.0438445 0.00127311 0.999038 -0.217086 
0.998782 -0.00069184 -0.0493407 -0.0350401 0.000572718 0.999997 -0.00242836 -0.00141079 0.0493422 0.00239714 0.998779 -0.231523 
0.998754 0.000802946 -0.0498943 -0.0402885 -0.00116018 0.999974 -0.00713135 0.00512735 0.0498873 0.00718035 0.998729 -0.245324 
0.998735 0.00742219 -0.0497232 -0.0560609 -0.0078362 0.999936 -0.0081364 0.00734786 0.0496596 0.00851576 0.99873 -0.259188 
0.998501 0.00463966 -0.054534 -0.0514544 -0.00486674 0.99998 -0.00403173 0.00530593 0.0545143 0.00429109 0.998504 -0.265398 
0.998341 0.000202334 -0.0575822 -0.0443309 -0.000382967 0.999995 -0.00312596 0.00636728 0.0575812 0.00314282 0.998336 -0.275261 
0.998313 3.68292e-05 -0.0580527 -0.0467002 -0.00029612 0.99999 -0.00445789 0.00619835 0.0580519 0.00446757 0.998304 -0.290751 
0.998229 0.00343486 -0.059392 -0.051172 -0.00366664 0.999986 -0.00379406 0.00651862 0.0593781 0.00400512 0.998228 -0.30143 
0.998134 0.00474423 -0.0608809 -0.0542592 -0.00492785 0.999984 -0.00286632 0.00894443 0.0608663 0.00316099 0.998141 -0.313107 
0.998217 0.00379355 -0.0595647 -0.0531177 -0.00392837 0.99999 -0.00214653 0.00698869 0.059556 0.00237668 0.998222 -0.328437 
0.99829 0.00412438 -0.0583052 -0.0505636 -0.00415042 0.999991 -0.000325592 0.0035993 0.0583033 0.000567038 0.998299 -0.342919 
0.998311 0.00254787 -0.058042 -0.0458049 -0.00256487 0.999997 -0.000218313 0.00297742 0.0580412 0.000366807 0.998314 -0.363538 
0.998404 -0.0017674 -0.056444 -0.0355592 0.00166027 0.999997 -0.00194484 0.0038714 0.0564472 0.00184804 0.998404 -0.381652 
0.998604 -0.000145096 -0.0528137 -0.0353284 8.42158e-05 0.999999 -0.00115508 0.00653251 0.0528138 0.00114902 0.998604 -0.403573 
0.998808 0.0010303 -0.0488027 -0.0364587 -0.00106793 0.999999 -0.000744661 0.00716965 0.048802 0.000795882 0.998808 -0.425213 
0.998953 0.0012561 -0.0457252 -0.0319278 -0.00135509 0.999997 -0.00213396 0.0105834 0.0457223 0.0021937 0.998952 -0.44771 
0.999075 -0.000354394 -0.0429922 -0.0269699 0.000352269 1 -5.69168e-05 0.00869793 0.0429923 4.17195e-05 0.999075 -0.472298 
0.999163 0.00101584 -0.040886 -0.0252852 -0.000966065 0.999999 0.00123726 0.00758958 0.0408872 -0.00119673 0.999163 -0.493907 
0.999303 0.00345718 -0.0371757 -0.0263901 -0.00334241 0.999989 0.00314899 0.00593264 0.0371862 -0.00302253 0.999304 -0.516486 
0.99948 0.00381246 -0.0320109 -0.0244517 -0.00370697 0.999988 0.00335391 0.00357017 0.0320234 -0.00323349 0.999482 -0.541978 
0.999619 0.00275056 -0.0274832 -0.0184591 -0.00266651 0.999992 0.00309468 0.00303832 0.0274916 -0.00302023 0.999618 -0.56897 
0.999755 0.00221682 -0.0220293 -0.0127273 -0.00218309 0.999996 0.00155461 0.00345543 0.0220326 -0.00150613 0.999756 -0.593944 
0.999872 0.00166998 -0.0159197 -0.0106378 -0.00167035 0.999999 -9.75747e-06 0.00576421 0.0159196 3.63556e-05 0.999873 -0.622361 
0.999925 0.00186038 -0.0121163 -0.0073328 -0.0018735 0.999998 -0.00107059 0.0076177 0.0121143 0.00109321 0.999926 -0.646394 
0.999934 -0.000654183 -0.0115043 -0.00200272 0.000627875 0.999997 -0.00228977 0.00885777 0.0115058 0.0022824 0.999931 -0.671321 
0.999938 -0.00111666 -0.0111037 0.000186682 0.00109264 0.999997 -0.00216989 0.00936696 0.0111061 0.00215762 0.999936 -0.696598 
0.999945 -0.000208759 -0.0105065 -0.000631571 0.000189397 0.999998 -0.00184373 0.010011 0.0105069 0.00184164 0.999943 -0.71614 
0.999944 -0.000475473 -0.0106083 -0.00117898 0.000452816 0.999998 -0.00213764 0.0112941 0.0106092 0.00213272 0.999941 -0.7386 
0.99994 0.000455901 -0.0109177 -0.00156665 -0.000473499 0.999999 -0.00160933 0.0104297 0.010917 0.00161441 0.999939 -0.75696 
0.999944 0.000568054 -0.0105206 -0.00106454 -0.000578863 0.999999 -0.00102442 0.00963429 0.01052 0.00103046 0.999944 -0.773766 
0.999941 -0.000785539 -0.0108682 0.00041151 0.000747862 0.999994 -0.00347066 0.0108243 0.0108709 0.00346232 0.999935 -0.791783 
0.999932 -0.00112163 -0.0116348 0.0023942 0.00108165 0.999994 -0.00344218 0.0114772 0.0116387 0.00342935 0.999927 -0.799418 
0.999923 -0.000239804 -0.0124338 0.000896931 0.000181027 0.999989 -0.00472827 0.0150567 0.0124348 0.00472566 0.999911 -0.805269 
0.999913 -4.07565e-05 -0.0131558 -0.000194073 8.33906e-06 0.999997 -0.00246452 0.0167797 0.0131558 0.0024642 0.99991 -0.809522 
0.999898 0.000528039 -0.0142639 -0.000161171 -0.000535935 1 -0.000549708 0.0174125 0.0142637 0.000557287 0.999898 -0.809988 
0.999894 -0.000296164 -0.014589 7.43866e-05 0.000310116 1 0.000954253 0.0153573 0.0145887 -0.000958671 0.999893 -0.816076 
0.999863 0.000552619 -0.0165618 -0.00200987 -0.000534162 0.999999 0.00111881 0.016117 0.0165624 -0.00110982 0.999862 -0.819937 
0.999789 -0.00102632 -0.020522 -0.00137758 0.00105715 0.999999 0.00149198 0.0171912 0.0205205 -0.00151335 0.999788 -0.822454 
0.99967 -0.00274781 -0.0255545 0.000737667 0.00277217 0.999996 0.000918142 0.0157853 0.0255518 -0.000988655 0.999673 -0.827768 
0.999542 -0.00232276 -0.0301802 0.00123358 0.00232564 0.999997 5.98023e-05 0.0152105 0.03018 -0.000129974 0.999544 -0.828976 
0.999452 -0.00110607 -0.0330821 -0.0019207 0.00111824 0.999999 0.000349692 0.0157742 0.0330817 -0.000386501 0.999453 -0.835396 
0.999412 0.000299353 -0.0342961 -0.00434303 -0.000288108 1 0.000332702 0.0178606 0.0342961 -0.00032262 0.999412 -0.837008 
0.999423 0.00126959 -0.0339443 -0.00572586 -0.0012329 0.999999 0.00110193 0.0172299 0.0339457 -0.00105945 0.999423 -0.838562 
0.99946 0.00021689 -0.0328734 -0.00408936 -0.000146301 0.999998 0.00214935 0.0165242 0.0328738 -0.00214339 0.999457 -0.840895 
0.999471 -0.000825424 -0.0325279 -0.00246811 0.000912938 0.999996 0.00267603 0.0156355 0.0325255 -0.0027043 0.999467 -0.841372 
0.999466 0.00388487 -0.0324563 -0.00743198 -0.00375861 0.999985 0.00395016 0.0142418 0.0324712 -0.00382606 0.999465 -0.842478 
0.999476 0.00691173 -0.0316346 -0.0133247 -0.00676266 0.999965 0.00481697 0.0124927 0.0316668 -0.0046005 0.999488 -0.844046 
0.999505 0.00725616 -0.0306235 -0.0133419 -0.00708078 0.999958 0.00583134 0.0130203 0.0306645 -0.0056116 0.999514 -0.841213 
0.999549 0.00719113 -0.0291615 -0.0142555 -0.0070744 0.999966 0.00410411 0.0137641 0.0291901 -0.00389596 0.999566 -0.844303 
0.999552 0.00907976 -0.0285258 -0.0197992 -0.00896461 0.999951 0.00416207 0.0163922 0.0285621 -0.00390448 0.999584 -0.851189 
0.99961 0.00685863 -0.0270542 -0.0164804 -0.00664675 0.999947 0.00791408 0.0180323 0.0271071 -0.00773117 0.999603 -0.84424 
0.999635 0.00526612 -0.0264997 -0.0147476 -0.00487714 0.99988 0.0147219 0.0130951 0.026574 -0.0145872 0.99954 -0.835318 
0.999658 0.00160432 -0.0261191 -0.00870705 -0.00112922 0.999834 0.0181944 0.00565434 0.026144 -0.0181587 0.999493 -0.830017 
0.999644 -0.000288443 -0.0266846 -0.00458527 0.000734959 0.99986 0.0167249 0.00105953 0.0266761 -0.0167385 0.999504 -0.826099 
0.99964 0.00269326 -0.0266959 -0.00774574 -0.00241404 0.999942 0.0104858 0.00695372 0.0267225 -0.0104176 0.999589 -0.832909 
0.999668 0.00197803 -0.0256913 -0.00867462 -0.00188393 0.999991 0.00368696 0.0111401 0.0256983 -0.00363734 0.999663 -0.833567 
0.999689 0.00230671 -0.0248424 -0.00765991 -0.00234103 0.999996 -0.0013524 0.0153689 0.0248393 0.00141014 0.99969 -0.834198 
0.999739 0.00266926 -0.0227062 -0.00870132 -0.00279959 0.99998 -0.00571037 0.0204225 0.0226905 0.00577245 0.999726 -0.834169 
0.999773 0.0059369 -0.0204716 -0.0130329 -0.00605597 0.999965 -0.00575916 0.0239689 0.0204366 0.00588183 0.999774 -0.828684 
0.999867 0.00362177 -0.0158989 -0.010622 -0.00362142 0.999994 5.10402e-05 0.0237811 0.015899 6.54068e-06 0.999874 -0.822111 
0.999913 0.00265865 -0.0129125 -0.00623703 -0.00263105 0.999994 0.00215519 0.0183995 0.0129182 -0.00212103 0.999914 -0.811863 
0.999933 0.00166962 -0.0114754 -0.00510597 -0.0016378 0.999995 0.0027819 0.0160866 0.0114799 -0.00276291 0.99993 -0.804018 
0.999911 -0.00599955 -0.0119452 0.00535202 0.00604147 0.999976 0.00347601 0.0178602 0.011924 -0.00354786 0.999923 -0.800371 
0.999907 -0.00276259 -0.0133548 0.00753593 0.00274371 0.999995 -0.00143177 0.0183942 0.0133587 0.00139498 0.99991 -0.803246 
0.999943 0.00233359 -0.010389 -0.00687218 -0.00232365 0.999997 0.000970148 0.015996 0.0103911 -0.000945953 0.999946 -0.804363 
0.999957 0.00340487 -0.00859383 -0.00658798 -0.00338905 0.999993 0.00185435 0.016912 0.00860021 -0.00182514 0.999961 -0.810078 
0.999988 0.00068559 -0.00476766 -0.000463486 -0.0006685 0.999993 0.00358415 0.013124 0.00477007 -0.00358093 0.999982 -0.82272 
1 -6.16042e-05 0.000187397 0.000541687 6.11609e-05 0.999997 0.0023084 0.00862384 -0.000187516 -0.00230837 0.999997 -0.838749 
0.999991 0.00210704 0.00361991 0.00037384 -0.00210477 0.999998 -0.000624725 0.0129015 -0.00362125 0.000617103 0.999993 -0.858055 
0.999976 -0.00142351 0.00671816 0.00612831 0.0014316 0.999998 -0.00119906 0.0136945 -0.0067164 0.00120865 0.999977 -0.876171 
0.999966 -0.00176028 0.00805077 0.0109062 0.00176145 0.999999 -0.00013846 0.0125504 -0.00805047 0.000152634 0.999968 -0.891731 
0.999965 -0.00138635 0.00825936 0.0101185 0.00138489 0.999999 0.000179895 0.012078 -0.00825965 -0.000168442 0.999966 -0.908455 
0.99997 -0.00247808 0.00738564 0.0104752 0.00248065 0.999997 -0.000336454 0.0125647 -0.00738478 0.000354767 0.999973 -0.924725 
0.999977 -0.00397858 0.00540239 0.0134525 0.0039783 0.999992 6.41739e-05 0.0141027 -0.00540251 -4.26709e-05 0.999985 -0.942478 
0.999988 -0.0045281 0.00199744 0.0158081 0.00452997 0.999989 -0.00093385 0.0171363 -0.00199324 0.000942882 0.999998 -0.960926 
0.999995 -0.00324394 -0.000358075 0.0138397 0.00324351 0.999994 -0.00121083 0.0177827 0.000362039 0.00120965 0.999999 -0.976406 
0.999998 -0.00158158 -0.00116047 0.0112743 0.00158064 0.999998 -0.000807537 0.0182896 0.00116172 0.00080571 0.999999 -0.990242 
1 -9.15814e-05 -0.000504255 0.00981903 9.12509e-05 1 -0.000657389 0.0162653 0.000504375 0.000657341 1 -1.00104 
1 -6.88316e-05 -0.000227243 0.00843811 6.8635e-05 1 -0.000891465 0.0153459 0.000227451 0.000891444 1 -1.01715 
1 0.000185673 -3.48091e-05 0.00916481 -0.000185702 1 -0.000731705 0.0169263 3.45707e-05 0.000731719 1 -1.02875 
1 -0.000321082 -7.87675e-05 0.00841522 0.000321051 1 -0.000409596 0.0179077 7.88569e-05 0.000409564 1 -1.0346 
0.999999 -0.00165348 -0.00020805 0.011795 0.0016533 0.999998 -0.000818174 0.0201113 0.000209332 0.000817831 1 -1.04101 
1 -0.000504956 5.63264e-05 0.00984573 0.000505012 1 -0.000866916 0.0220343 -5.58197e-05 0.000866938 1 -1.03844 
0.999999 -0.00117255 0.000660568 0.0102863 0.00117257 0.999999 -4.16582e-05 0.0241512 -0.000660509 4.24436e-05 1 -1.0366 
0.999999 -0.000457292 0.0013555 0.0097084 0.000459223 0.999999 -0.00142222 0.0242075 -0.00135487 0.00142283 0.999998 -1.03453 
0.999997 0.000495678 0.00234476 0.00866127 -0.000489032 0.999996 -0.00283322 0.02635 -0.00234601 0.00283205 0.999993 -1.03405 
0.999996 0.000400257 0.00277346 0.00859833 -0.000394714 0.999998 -0.00199979 0.0267733 -0.0027743 0.00199869 0.999994 -1.03146 
0.999996 0.000319522 0.00266334 0.00818443 -0.000317789 1 -0.000650564 0.0258273 -0.00266346 0.000649723 0.999996 -1.02674 
0.999997 0.000705684 0.00248125 0.00675011 -0.000706233 1 0.000220096 0.0255238 -0.00248116 -0.000221851 0.999997 -1.02521 
0.999999 -0.000130901 0.00101975 0.00771523 0.000130437 1 0.00045853 0.0250212 -0.00101981 -0.00045839 0.999999 -1.02314 
1 -0.000612335 -0.000584453 0.00930405 0.000613451 0.999998 0.0019197 0.0255008 0.000583231 -0.00192006 0.999998 -1.01501 
0.999994 -0.00140244 -0.00322452 0.0108452 0.00141132 0.999995 0.00275619 0.0231285 0.00322062 -0.00276071 0.999991 -1.01122 
0.999987 -0.00124788 -0.00502774 0.0099144 0.0012551 0.999998 0.00143344 0.022212 0.00502586 -0.00143974 0.999986 -1.00576 
0.99998 0.000392316 -0.00630853 0.00754356 -0.000402436 0.999999 -0.00160358 0.023136 0.00630784 0.00160607 0.999979 -1.00725 
0.999979 0.0012418 -0.00643262 0.00164032 -0.00126614 0.999992 -0.00378079 0.0304419 0.00642788 0.00378886 0.999972 -1.00255 
0.999979 -0.00267534 -0.00598529 0.0084362 0.00266975 0.999996 -0.000941675 0.029357 0.00598776 0.000925677 0.999982 -0.995255 
0.999981 0.00200689 -0.00580731 0.00337791 -0.00199461 0.999996 0.00212124 0.0266901 0.00581151 -0.00210961 0.999981 -0.987953 
0.999984 0.000183493 -0.00563297 0.00411606 -0.000167667 0.999996 0.0028099 0.0243427 0.00563338 -0.00280891 0.99998 -0.982086 
0.999982 -0.00181465 -0.00570232 0.00786018 0.00182073 0.999998 0.00105994 0.0249327 0.00570035 -0.00107031 0.999983 -0.981247 
0.99999 -0.00109588 -0.00443241 0.00543594 0.0011012 0.999999 0.0011976 0.0238104 0.00443107 -0.00120247 0.999989 -0.976097 
0.999992 0.000589923 -0.00388673 0.00349617 -0.000595364 0.999999 -0.00140021 0.0225511 0.00388595 0.00140251 0.999992 -0.973915 
0.999995 0.00108555 -0.00300545 0.00180817 -0.00110849 0.99997 -0.00764005 0.0251073 0.0029971 0.00764335 0.999966 -0.978615 
0.999997 -0.000358195 -0.00251901 0.00413132 0.000331717 0.999945 -0.0105028 0.032791 0.00252262 0.0105019 0.999942 -0.975494 
0.999998 -0.000650601 -0.00209159 0.00510597 0.000639964 0.999987 -0.00508377 0.029947 0.00209489 0.00508242 0.999985 -0.968483 
0.999998 0.00121612 -0.0012902 0.00241661 -0.00120553 0.999966 0.00817624 0.0211585 0.00130004 -0.00817467 0.999966 -0.952652 
0.999998 0.00173321 -0.0012539 -0.000928879 -0.00172564 0.99998 0.00601768 0.0193968 0.00126433 -0.00601549 0.999981 -0.948448 
0.999984 0.00553796 -0.00070852 -0.0033989 -0.00553663 0.999983 0.00186739 0.017935 0.000718862 -0.00186344 0.999998 -0.951157 
0.999994 0.00362455 0.000174195 -0.0025177 -0.00362422 0.999992 -0.00191431 0.0265367 -0.000181109 0.00191367 0.999998 -0.951675 
0.999999 -0.000782445 0.000672817 0.00406265 0.000784384 0.999995 -0.0028758 0.0256463 -0.000670403 0.00287632 0.999995 -0.950401 
0.999999 -0.000933066 0.000884891 0.00427437 0.000936927 0.99999 -0.0043774 0.0237652 -0.000880867 0.00437823 0.99999 -0.948982 
0.999995 -0.00297477 0.00100446 0.00782204 0.00298071 0.999978 -0.00597436 0.0301933 -0.000986695 0.00597732 0.999982 -0.948814 
0.999964 -0.00845641 0.000689059 0.0166702 0.00845811 0.999961 -0.00250456 0.0277858 -0.00066787 0.0025103 0.999997 -0.940681 
0.999972 -0.00727024 0.00179029 0.0160446 0.00727086 0.999973 -0.0003367 0.0205872 -0.00178781 0.000349705 0.999998 -0.940323 
0.999995 0.00224855 0.00235608 0.00196266 -0.00224421 0.999996 -0.00184199 0.0229653 -0.00236011 0.00183669 0.999996 -0.937637 
0.999985 0.00421339 0.00366482 -0.00230408 -0.00421436 0.999991 0.000257293 0.0250126 -0.00366375 -0.000272734 0.999993 -0.933823 
0.999979 0.00244753 0.005932 0.000642776 -0.00246998 0.99999 0.00378071 0.0177236 -0.00592265 -0.00379529 0.999975 -0.930511 
0.999943 0.00583661 0.00897717 -0.00345421 -0.00583195 0.999983 -0.000545383 0.0154252 -0.00898021 0.000492996 0.999959 -0.931541 
0.999932 0.00693329 0.00939211 -0.00563812 -0.00691227 0.999974 -0.00226863 0.0218775 -0.00940758 0.00220356 0.999953 -0.934166 
0.999934 -0.00129681 0.0114468 0.00531006 0.00128299 0.999998 0.00121391 0.0130469 -0.0114484 -0.00119914 0.999934 -0.928207 
0.999919 -0.0021045 0.0125864 0.0102882 0.00211924 0.999997 -0.00115774 0.0126532 -0.0125838 0.00118432 0.99992 -0.930603 
0.999912 -0.000155133 0.0133046 0.00384331 0.000209183 0.999992 -0.00406151 0.0158833 -0.0133038 0.00406394 0.999903 -0.92942 
0.999919 -0.000271529 0.0127554 0.00577164 0.00029115 0.999999 -0.00153679 0.0175041 -0.012755 0.00154038 0.999918 -0.922684 
0.99991 0.000770582 0.0134253 0.00578499 -0.000755593 0.999999 -0.0011218 0.0128883 -0.0134261 0.00111155 0.999909 -0.926804 
0.999906 0.00233827 0.0134914 0.0014286 -0.00233986 0.999997 0.000102395 0.0179548 -0.0134911 -0.00013395 0.999909 -0.92028 
0.999907 -0.000757433 0.0136046 0.00560951 0.000715323 0.999995 0.00310052 0.0222137 -0.013607 -0.0030905 0.999903 -0.916252 
0.999908 0.00367385 0.013042 0.000967026 -0.00380685 0.999941 0.0101873 0.0118227 -0.0130038 -0.010236 0.999863 -0.908234 
0.999903 0.000545735 0.0139532 0.001194 -0.000624249 0.999984 0.00562354 0.00853908 -0.0139498 -0.0056317 0.999887 -0.910629 
0.999917 -0.00156805 0.0128297 0.00767899 0.00161568 0.999992 -0.00370387 0.0188952 -0.0128238 0.00372429 0.999911 -0.916748 
0.999914 -0.00101675 0.013051 0.00554943 0.00106689 0.999992 -0.00383506 0.0225981 -0.013047 0.00384866 0.999908 -0.916374 
0.999937 -0.00281612 0.0108828 0.0072298 0.00279472 0.999994 0.0019804 0.0212407 -0.0108883 -0.00194985 0.999939 -0.90802 
0.99996 -0.00405869 0.00794211 0.0109663 0.00401388 0.999976 0.00564982 0.017222 -0.00796476 -0.00561772 0.999952 -0.901604 
0.999969 -0.00560961 0.00551957 0.0131745 0.00556431 0.999951 0.00819028 0.0118011 -0.00556538 -0.00815931 0.999951 -0.902206 
0.999989 -0.00273317 0.00388601 0.00952721 0.00272123 0.999992 0.00307404 0.014452 -0.00389427 -0.00306343 0.999988 -0.905167 
0.99999 -0.00192012 0.00405192 0.00816202 0.00191869 0.999998 0.000356597 0.0176013 -0.00405267 -0.000348824 0.999992 -0.90612 
0.999986 0.000581402 0.00520757 0.00503159 -0.000582058 1 0.00012455 0.0153329 -0.00520751 -0.000127581 0.999987 -0.902756 
0.999979 -0.00186763 0.0061205 0.00705051 0.00188422 0.999995 -0.00270612 0.0192442 -0.0061155 0.0027176 0.999978 -0.906319 
0.999984 -0.000903377 0.00566483 0.00865078 0.000929568 0.999989 -0.00462287 0.024443 -0.00566053 0.00462806 0.999973 -0.908936 
0.999981 -0.000732126 0.00615892 0.00938225 0.000747741 0.999996 -0.00253305 0.0258778 -0.00615707 0.0025376 0.999978 -0.902687 
0.999952 -0.00750309 0.00623927 0.0193493 0.00749874 0.999972 0.000720824 0.0218255 -0.00624451 -0.000674001 0.99998 -0.899261 
0.999948 -0.0078003 0.00658548 0.020751 0.00777985 0.999965 0.00312695 0.0195473 -0.00660956 -0.00307554 0.999973 -0.896309 
0.999974 0.00119998 0.00711644 0.00895369 -0.00121924 0.999996 0.00270418 0.0189356 -0.00711319 -0.00271278 0.999971 -0.892479 
0.999967 0.00310146 0.00749758 0.00299239 -0.00312527 0.99999 0.0031674 0.0148712 -0.00748771 -0.00319072 0.999967 -0.894829 
0.999975 -0.000635607 0.00699034 0.0100735 0.000645723 0.999999 -0.00144646 0.0158099 -0.0069893 0.00145093 0.999974 -0.898071 
0.999974 -0.000663225 0.00720927 0.00594383 0.000700858 0.999986 -0.00521854 0.0235781 -0.00720581 0.00522346 0.999961 -0.901535 
0.999972 -0.00114473 0.00744769 0.00791359 0.00116677 0.999995 -0.0029558 0.0270186 -0.00744423 0.0029644 0.999968 -0.902382 
0.999976 -0.00139794 0.00677255 0.00809276 0.00137313 0.999992 0.003665 0.0183756 -0.00677752 -0.00365562 0.99997 -0.893517 
0.999978 0.000129241 0.00656834 0.00978994 -0.000147324 0.999996 0.0027534 0.0195237 -0.00656801 -0.0027543 0.999975 -0.894905 
0.999975 -0.00103689 0.00703079 0.00900769 0.00102253 0.999997 0.00204516 0.0184985 -0.00703284 -0.00203792 0.999973 -0.895187 
0.999974 -0.000583997 0.00711802 0.00974226 0.000593638 0.999999 -0.00135176 0.0210646 -0.00711727 0.00135595 0.999974 -0.898987 
0.99996 0.00355571 0.00817062 0.00210571 -0.00354925 0.999993 -0.000805029 0.0205437 -0.00817338 0.000776003 0.999966 -0.897324 
0.999961 0.0038723 0.00799815 -0.000784874 -0.00387083 0.999993 -0.000198548 0.0201723 -0.00799891 0.000167571 0.999968 -0.896202 
0.999975 0.0018783 0.00685242 0.00466347 -0.00187784 0.999998 -7.21354e-05 0.0194912 -0.00685249 5.92587e-05 0.999976 -0.895615 
0.99996 -0.00552868 0.00694896 0.0139179 0.00552513 0.999985 0.000529429 0.019868 -0.00695176 -0.000491007 0.999976 -0.89534 
0.999975 -0.00376223 0.00607686 0.0142317 0.00376725 0.999993 -0.000814047 0.0196336 -0.00607371 0.000836919 0.999981 -0.896248 
0.999986 0.00223101 0.00486451 0.00406456 -0.0022261 0.999997 -0.00101365 0.0202392 -0.00486682 0.0010028 0.999988 -0.896095 
0.999987 0.00170688 0.00485657 0.00359249 -0.00170545 0.999999 -0.000299854 0.0207113 -0.00485714 0.000291569 0.999988 -0.895241 
0.999988 0.000839604 0.00473386 0.00410843 -0.000850795 0.999997 0.00236384 0.020554 -0.00473176 -0.00236784 0.999986 -0.892334 
0.999966 0.00588768 0.00587046 -0.00385475 -0.00587063 0.999979 -0.0029175 0.0171473 -0.00588751 0.00288295 0.999979 -0.898575 
0.999959 0.00729993 0.00530778 -0.0079689 -0.00728512 0.999969 -0.00280287 0.0191633 -0.00532815 0.00276408 0.999982 -0.896019 
0.999984 0.00262901 0.00502887 -0.00041008 -0.00262011 0.999995 -0.00177425 0.0251026 -0.0050334 0.00176105 0.999986 -0.892441 
0.99999 -0.00134678 0.00434458 0.00628471 0.00133624 0.999996 0.0024278 0.0186719 -0.00434785 -0.00242197 0.999988 -0.891876 
0.999992 -0.00124869 0.00373839 0.00535583 0.00124064 0.999997 0.00215444 0.0150509 -0.0037411 -0.00214978 0.999991 -0.887535 
0.999994 -0.00266333 0.00197595 0.00736523 0.00266441 0.999996 -0.000541899 0.0209641 -0.00197446 0.00054716 0.999998 -0.89019 
0.999999 -0.000552518 0.000913262 0.00557423 0.000553686 0.999999 -0.00128015 0.0192809 -0.000912532 0.00128065 0.999999 -0.889481 
0.999997 0.00204333 0.00114636 -0.00139618 -0.00203913 0.999991 -0.00365389 0.0193741 -0.00115395 0.00365153 0.999993 -0.888451 
0.999999 -0.00094878 0.00113408 0.00086689 0.00095534 0.999983 -0.00579516 0.0252924 -0.00112841 0.00579624 0.999983 -0.893295 
1 -0.000440997 0.000815839 0.000821114 0.00044336 0.999996 -0.00290121 0.0252144 -0.000814632 0.00290158 0.999995 -0.884003 
0.999999 0.000514172 0.00146282 -0.00171852 -0.000521812 0.999986 0.00522716 0.0190029 -0.00146015 -0.00522792 0.999985 -0.873657 
1 0.000238681 6.91563e-05 -0.00146675 -0.000238978 0.99999 0.00433566 0.0154818 -6.80983e-05 -0.00433568 0.999991 -0.871643 
0.999996 -0.00295436 -0.000115484 0.003088 0.0029543 0.999995 -0.000547894 0.0164394 0.000117093 0.000547556 1 -0.873123 
0.999999 -0.00154033 0.000680178 0.0022049 0.00154046 0.999999 -0.000178308 0.0242007 -0.000679865 0.000179346 1 -0.872803 
0.999996 0.0027036 0.000378534 -0.00448227 -0.00270311 0.999996 -0.00129434 0.0232412 -0.000382051 0.00129331 0.999999 -0.86937 
0.999999 0.000252186 0.00109786 -0.00194073 -0.000255705 0.999995 0.00320572 0.0159371 -0.0010971 -0.003206 0.999994 -0.862274 
0.999966 -0.00819846 -0.000146702 0.0187893 0.0081989 0.999961 0.00322162 0.0217375 0.000120282 -0.0032227 0.999995 -0.85791 
0.999978 -0.00662405 0.000316843 0.0160122 0.00662339 0.999976 0.00200135 0.0194304 -0.000330046 -0.00199921 0.999998 -0.85228 
0.999997 0.00239023 0.000461668 0.0053463 -0.00239184 0.999991 0.00353101 0.0164319 -0.000453219 -0.0035321 0.999994 -0.849808 
0.999999 0.00158805 0.000339121 0.00286198 -0.00158807 0.999999 5.38037e-05 0.0185176 -0.000339136 -5.43378e-05 1 -0.8452 
0.999998 -0.000597803 0.00175972 0.00488091 0.000594439 0.999998 0.00191143 0.0173934 -0.00176089 -0.00191039 0.999997 -0.836746 
0.999971 0.0074435 0.00164571 -0.00434589 -0.00743962 0.999969 -0.00235351 0.0167735 -0.00166313 0.00234121 0.999996 -0.841782 
0.999974 0.00629294 0.00346927 -0.00627327 -0.00627989 0.999973 -0.0037595 0.0195826 -0.00349285 0.00373761 0.999987 -0.832764 
0.99999 0.00391539 0.00192419 -0.00160408 -0.00390249 0.99997 -0.0066624 0.0251428 -0.0019502 0.00665482 0.999976 -0.837311 
0.999993 0.00123149 0.00363766 0.00367546 -0.00123001 0.999999 -0.000408564 0.0219084 -0.00363822 0.000404093 0.999993 -0.823593 
0.999984 0.00219814 0.00523734 0.00188828 -0.00222148 0.999988 0.00445567 0.020901 -0.00522746 -0.00446723 0.999976 -0.815109 
0.99998 0.000622322 0.00626697 0.00457764 -0.000639433 0.999996 0.0027288 0.0157096 -0.00626525 -0.00273276 0.999977 -0.810654 
0.999963 0.00119622 0.00852463 0.0062809 -0.00121512 0.999997 0.00221236 0.0102374 -0.0085219 -0.00222264 0.999961 -0.808395 
0.999952 0.00129982 0.00966442 0.00865746 -0.00124839 0.999985 -0.0053257 0.0211911 -0.00967123 0.00531339 0.999939 -0.810486 
0.999921 0.00402739 0.0118877 0.00481033 -0.00399619 0.999988 -0.00264729 0.0245116 -0.0118982 0.00259956 0.999926 -0.804916 
0.999892 0.00516565 0.0137689 0.0015049 -0.00519802 0.999984 0.00231579 0.0180119 -0.0137567 -0.0023871 0.999902 -0.796097 
0.999896 3.51509e-05 0.0143973 0.00699425 -5.17145e-05 0.999999 0.00115026 0.0154858 -0.0143973 -0.0011509 0.999896 -0.7939 
0.9999 0.00215482 0.013963 0.00579262 -0.00215086 0.999998 -0.000299398 0.0160236 -0.0139636 0.000269346 0.999903 -0.79306 
0.999904 0.00155969 0.0137764 0.00337791 -0.00158578 0.999997 0.00188402 0.0184071 -0.0137735 -0.00190569 0.999903 -0.781738 
0.999902 -0.00231999 0.0138097 0.00599289 0.00224511 0.999983 0.00543475 0.0191627 -0.0138221 -0.00540322 0.99989 -0.774536 
0.999898 -0.0058977 0.0130057 0.0146255 0.00576617 0.999932 0.0101274 0.0123094 -0.0130645 -0.0100514 0.999864 -0.764343 
0.999899 -0.0034818 0.0138181 0.0109825 0.00336585 0.999959 0.0084057 0.00727129 -0.0138468 -0.00835834 0.999869 -0.761383 
0.999907 4.45601e-05 0.0136459 0.00738525 -6.83786e-05 0.999999 0.00174508 0.00918078 -0.0136458 -0.00174586 0.999905 -0.768295 
0.999923 -0.00297207 0.0120401 0.0120964 0.0030217 0.999987 -0.00410622 0.0168364 -0.0120277 0.0041423 0.999919 -0.77121 
0.999932 -0.00389228 0.0110164 0.0175323 0.00392941 0.999987 -0.00335014 0.0210254 -0.0110032 0.00339319 0.999934 -0.76265 
0.99995 -0.00316779 0.0094339 0.0179024 0.00311033 0.999977 0.00609999 0.0173552 -0.00945301 -0.00607035 0.999937 -0.749512 
0.999973 -0.00222161 0.00698695 0.0160751 0.00216215 0.999961 0.00850705 0.00759888 -0.00700558 -0.00849169 0.99994 -0.744492 
0.999988 -0.00334989 0.00361645 0.0186157 0.00333709 0.999988 0.0035396 0.00293207 -0.00362828 -0.00352749 0.999987 -0.749237 
0.999998 -0.00188228 0.000125468 0.0110054 0.00188271 0.999992 -0.00355332 0.0134492 -0.000118772 0.00355355 0.999994 -0.759338 
0.999995 -0.00273627 -0.00157291 0.0100937 0.00272686 0.999978 -0.00596116 0.0236268 0.00158919 0.00595684 0.999981 -0.757004 
0.999995 0.00139043 -0.00297762 0.0097847 -0.00139874 0.999995 -0.00279081 0.0154567 0.00297372 0.00279498 0.999992 -0.756027 
0.999993 0.00241974 -0.00287487 0.00924683 -0.00241847 0.999997 0.000444778 0.0101409 0.00287593 -0.000437823 0.999996 -0.74968 
0.999993 0.00110522 -0.00363402 0.0053978 -0.00110404 0.999999 0.000328981 0.016026 0.00363438 -0.00032498 0.999993 -0.746902 
0.999987 -0.00147761 -0.00478565 0.0135651 0.00146598 0.999996 -0.00243417 0.0191944 0.00478922 0.00242713 0.999985 -0.753433 
0.999987 -7.54157e-05 -0.00519255 0.00793076 8.18549e-05 0.999999 0.00123996 0.0121043 0.00519245 -0.00124037 0.999986 -0.74855 
0.999981 -0.00159027 -0.00589847 0.00995636 0.0015785 0.999997 -0.00199778 0.016861 0.00590163 0.00198843 0.999981 -0.747925 
0.999981 0.00113052 -0.00604053 0.00814819 -0.00115358 0.999992 -0.00381633 0.022964 0.00603618 0.00382323 0.999974 -0.746292 
0.999986 -0.000255928 -0.00518191 0.00962067 0.000260795 0.999999 0.00093997 0.0152898 0.00518165 -0.000941297 0.999986 -0.735565 
0.999984 -0.00176506 -0.00538245 0.0116806 0.00177123 0.999998 0.00113808 0.0153975 0.00538043 -0.0011476 0.999985 -0.732391 
0.999991 -0.00105077 -0.0041421 0.0111656 0.00105899 0.999997 0.00198553 0.0185273 0.00414 -0.0019899 0.999989 -0.728073 
0.999997 -0.000321033 -0.00261072 0.00925064 0.000325998 0.999998 0.00190196 0.0177631 0.00261011 -0.0019028 0.999995 -0.721909 
0.999995 0.00266429 -0.00186205 0.00518799 -0.00266055 0.999994 0.00199742 0.00995851 0.00186736 -0.00199247 0.999996 -0.716141 
0.999994 0.00352274 0.000333827 0.00683212 -0.00352231 0.999993 -0.00130933 0.015162 -0.000338452 0.00130815 0.999999 -0.720825 
0.99999 0.00265316 0.00365799 0.00655746 -0.00263796 0.999988 -0.00415453 0.0199795 -0.00366897 0.00414482 0.999985 -0.718201 
0.999974 0.0013707 0.00710971 0.0115013 -0.00136492 0.999999 -0.000817404 0.0210655 -0.00711081 0.000807683 0.999974 -0.710022 
0.999935 0.0033853 0.0108779 0.00720215 -0.00339735 0.999994 0.00108951 0.01689 -0.0108741 -0.00112639 0.99994 -0.701126 
0.999891 0.00336239 0.014392 0.00920105 -0.00336443 0.999994 0.000117683 0.012593 -0.0143915 -0.000166095 0.999896 -0.69725 
0.999883 0.00037523 0.0153195 0.0144844 -0.000348497 0.999998 -0.00174765 0.0119419 -0.0153201 0.00174211 0.999881 -0.693039 
0.999858 -0.00453223 0.0162177 0.0226555 0.00461872 0.999975 -0.00529957 0.0151792 -0.0161933 0.00537373 0.999855 -0.687347 
0.999863 -0.000277058 0.0165453 0.016304 0.000384243 0.999979 -0.00647542 0.0201963 -0.0165431 0.00648088 0.999842 -0.685593 
0.999855 0.000253342 0.0170415 0.0123215 -0.000133605 0.999975 -0.00702697 0.0206274 -0.0170429 0.00702366 0.99983 -0.680618 
0.999843 0.000408866 0.0177081 0.0132599 -0.00027422 0.999971 -0.00760535 0.0224173 -0.0177107 0.00759931 0.999814 -0.674515 
0.999846 -0.00182259 0.0174552 0.015789 0.00193135 0.999979 -0.00621609 0.0244401 -0.0174435 0.00624884 0.999828 -0.667252 
0.999839 -0.000555567 0.0179508 0.0143089 0.000607797 0.999996 -0.00290439 0.0225906 -0.017949 0.00291483 0.999834 -0.656433 
0.99983 0.00235732 0.0182859 0.0096283 -0.0023449 0.999997 -0.000700577 0.0174079 -0.0182875 0.000657573 0.999833 -0.655426 
0.999843 -0.00121361 0.0176631 0.0136948 0.00123027 0.999999 -0.000932322 0.012928 -0.0176618 0.000953915 0.999844 -0.638626 
0.999856 -0.00393605 0.0164926 0.017189 0.00395111 0.999992 -0.000880532 0.0139256 -0.0164891 0.000945575 0.999864 -0.64119 
0.999888 -0.00263205 0.0147299 0.0126724 0.00269945 0.999986 -0.00455767 0.0124474 -0.0147178 0.00459692 0.999881 -0.635605 
0.999916 0.00300304 0.0126152 0.0040741 -0.00296284 0.999991 -0.00320448 0.0158572 -0.0126247 0.00316683 0.999915 -0.636078 
0.999932 0.00316708 0.0112389 0.00400543 -0.00315879 0.999995 -0.000755777 0.0157666 -0.0112412 0.000720223 0.999937 -0.630615 
0.999939 -0.0043831 0.0101798 0.0177231 0.00435729 0.999987 0.00255617 0.0146718 -0.0101909 -0.00251166 0.999945 -0.621384 
0.999947 -0.00490173 0.00906041 0.0184479 0.00484992 0.999972 0.00573245 0.0123248 -0.00908816 -0.0056882 0.999943 -0.613968 
0.999955 0.000588381 0.00944628 0.00694275 -0.000687014 0.999945 0.0104414 0.00410676 -0.00943956 -0.0104474 0.999901 -0.6073 
0.999948 0.00540909 0.00862409 -0.00112915 -0.00547734 0.999954 0.00790992 -0.000862598 -0.00858092 -0.00795674 0.999932 -0.610336 
0.999975 0.00176176 0.00686225 0.00211334 -0.00175681 0.999998 -0.00072684 -0.00300896 -0.00686355 0.000714768 0.999976 -0.61554 
0.999977 -0.00286364 0.00618112 0.0132904 0.00291441 0.999962 -0.00822072 0.00956535 -0.00615737 0.00823854 0.999947 -0.628464 
0.999984 -0.00341291 0.00452024 0.0117111 0.00346585 0.999925 -0.0117566 0.0166163 -0.00447974 0.0117721 0.999921 -0.631104 
0.999995 -0.00220311 0.00226632 0.00946808 0.00222572 0.999947 -0.0100297 0.0245514 -0.00224417 0.0100347 0.999947 -0.631454 
0.999991 0.0040361 0.00108865 0.000953674 -0.00403604 0.999992 -5.06667e-05 0.0168023 -0.00108877 4.62728e-05 0.999999 -0.621979 
0.999993 0.0034637 0.00140879 0.00110626 -0.00346902 0.999987 0.00378665 0.011579 -0.00139573 -0.00379151 0.999992 -0.619293 
0.999991 0.00378733 0.00168341 -0.00152588 -0.00378793 0.999993 0.000355115 0.00319719 -0.00168201 -0.000361488 0.999998 -0.620407 
0.999996 -0.00235997 0.00179359 0.0042572 0.00236338 0.999996 -0.0019003 0.00479746 -0.00178909 0.00190453 0.999997 -0.624649 
0.999996 0.00017128 0.0027518 0.00567627 -0.000160066 0.999992 -0.00407589 0.0117202 -0.00275239 0.00407544 0.999988 -0.628021 
0.999995 9.66992e-05 0.00326416 0.00894165 -7.82441e-05 0.999984 -0.00565321 0.0191221 -0.00326478 0.00565292 0.999979 -0.639282 
0.99999 0.0012255 0.0043588 0.00873566 -0.00121226 0.999995 -0.00303982 0.018507 -0.00436252 0.0030345 0.999986 -0.642334 
0.999978 0.00190981 0.0064353 0.00933838 -0.00190245 0.999998 -0.0011494 0.0156651 -0.00643757 0.00113714 0.999979 -0.645935 
0.999963 0.00186687 0.0083766 0.00783539 -0.00184438 0.999995 -0.00269194 0.015501 -0.00838152 0.00267639 0.999961 -0.648041 
0.999948 0.00214755 0.00999773 0.00746918 -0.0021323 0.999997 -0.00153585 0.0143671 -0.0100011 0.00151445 0.999949 -0.646393 
0.999931 -0.00129427 0.0116781 0.0123062 0.00127917 0.999998 0.00129957 0.01439 -0.0116798 -0.00128455 0.999931 -0.646622 
0.999925 -0.00179632 0.0121484 0.0182266 0.0017556 0.999993 0.00336165 0.0138111 -0.0121542 -0.00334006 0.999921 -0.648392 
0.999924 -0.00109299 0.012247 0.0145187 0.00105132 0.999994 0.00340859 0.010849 -0.0122507 -0.00339545 0.999919 -0.655518 
0.999921 0.000937761 0.0125249 0.0145264 -0.00095228 0.999999 0.00115324 0.0139265 -0.0125239 -0.00116508 0.999921 -0.666779 
0.999925 0.00101762 0.0122255 0.0138702 -0.000982164 0.999995 -0.00290576 0.0160112 -0.0122285 0.00289353 0.999921 -0.676025 
0.999929 -0.00168046 0.0118318 0.0223541 0.00170857 0.999996 -0.00236645 0.0175171 -0.0118278 0.0023865 0.999927 -0.67366 
0.999923 -0.00122507 0.0123205 0.0190048 0.00124054 0.999998 -0.00124747 0.0134487 -0.012319 0.00126266 0.999923 -0.673996 
0.999936 -0.0044325 0.0103939 0.0146179 0.00446766 0.999984 -0.00336174 0.0150518 -0.0103787 0.00340796 0.99994 -0.686905 
0.999963 -0.0034384 0.00785446 0.0129471 0.00343669 0.999994 0.000231676 0.0145864 -0.00785539 -0.00020468 0.999969 -0.68924 
0.999988 -0.000908459 0.00482783 0.00679016 0.000923919 0.999994 -0.00320101 0.0194616 -0.00482485 0.00320543 0.999983 -0.704605 
0.999993 0.00254518 0.00281686 -0.00384521 -0.00253419 0.999989 -0.00389646 0.0172892 -0.00282666 0.00388929 0.999988 -0.714447 
0.999991 0.0043062 0.00040096 -0.00319672 -0.00430773 0.999983 0.00388057 0.0124464 -0.000384301 -0.00388226 0.999992 -0.709442 
0.999998 0.00121552 -0.00128281 0.00038147 -0.00121517 0.999999 0.000270936 0.0113859 0.00128314 -0.000269375 0.999999 -0.719711 
0.999994 0.00353473 -0.00074929 -0.00449371 -0.00353261 0.99999 0.00282253 0.0119791 0.000759274 -0.00281986 0.999996 -0.730682 
0.999992 0.00405238 -0.000120521 -0.0129318 -0.00405231 0.999992 0.000532908 0.0121069 0.000122666 -0.000532408 1 -0.745605 
0.999994 0.00326127 -0.000647753 -0.00973511 -0.00326491 0.999978 -0.00568952 0.0146751 0.000629246 0.0056916 0.999984 -0.747513 
0.999999 0.00067963 -0.0011459 -0.00757599 -0.000682959 0.999996 -0.00290665 0.0172443 0.00114399 0.00290743 0.999995 -0.750824 
0.999998 -2.49455e-05 -0.0017702 -0.00299835 2.01464e-05 0.999996 -0.00270866 0.0195551 0.00177029 0.00270862 0.999995 -0.750656 
0.999999 -7.98097e-06 -0.00149423 -0.00157166 7.11624e-06 1 -0.00058179 0.0140152 0.0014942 0.000581776 0.999999 -0.752991 
0.999997 -0.00138234 -0.00217167 0.00141907 0.00138108 0.999999 -0.000582831 0.0141115 0.00217232 0.000579839 0.999997 -0.751633 
0.999998 -0.000792248 -0.00191846 0.00075531 0.000793149 0.999999 0.00046688 0.0157347 0.00191814 -0.000468417 0.999998 -0.747284 
0.999999 0.000524138 -0.00134906 -0.000289917 -0.000519431 0.999994 0.00348711 0.0134249 0.001351 -0.0034864 0.999993 -0.74762 
0.999999 0.000859405 -0.000771105 -0.00236511 -0.000853998 0.999975 0.00698284 0.00366879 0.000777066 -0.00698218 0.999975 -0.744232 
0.999997 -0.00233878 -0.00111753 0.00325012 0.00234228 0.999992 0.00314187 0.00227547 0.00111026 -0.00314449 0.999994 -0.745422 
0.999998 -0.00135891 -0.00165135 0.00530243 0.00135329 0.999993 -0.00339822 0.00722313 0.001656 0.00339598 0.999993 -0.750168 
0.999997 -0.00204214 -0.00126588 0.00489044 0.00203643 0.999988 -0.00449619 0.0102711 0.00127506 0.0044936 0.999989 -0.747818 
0.99999 -0.00361148 -0.00266567 0.00875092 0.00360727 0.999992 -0.00158268 0.0145626 0.00267133 0.00157305 0.999995 -0.747742 
0.999982 -0.00288726 -0.005193 0.0078125 0.00288394 0.999996 -0.000646882 0.0122166 0.00519478 0.000631885 0.999986 -0.74791 
0.999976 0.000906397 -0.00684828 0.000732422 -0.000911662 0.999999 -0.000766458 0.00998402 0.00684762 0.000772687 0.999976 -0.743713 
0.999956 6.62692e-05 -0.00941423 -0.00105286 -7.03223e-05 1 -0.000430285 0.0142641 0.00941414 0.000430917 0.999956 -0.745071 
0.999942 0.0022786 -0.010563 -0.00404358 -0.00226359 0.999996 0.00143298 0.0165977 0.0105663 -0.00140898 0.999943 -0.738235 
0.999937 0.000323956 -0.0112346 0.000213623 -0.000284263 0.999994 0.00353435 0.0163803 0.0112357 -0.00353093 0.999931 -0.742996 
0.99992 -0.00262108 -0.0123772 0.00350189 0.00262236 0.999997 8.65124e-05 0.0141878 0.0123768 -0.000118963 0.999924 -0.743286 
0.999924 0.00412531 -0.0115795 -0.0047226 -0.004206 0.999967 -0.00695203 0.0163345 0.0115506 0.00700021 0.999909 -0.747726 
0.999945 0.00544972 -0.00897366 -0.00966644 -0.00552302 0.999951 -0.0081638 0.0199041 0.00892875 0.00821291 0.999927 -0.747192 
0.99997 0.00126775 -0.00759983 -0.00162506 -0.001309 0.999984 -0.00542437 0.0161514 0.00759283 0.00543416 0.999956 -0.742172 
0.999972 -0.00550246 -0.00515383 0.00849152 0.00548747 0.999981 -0.00291837 0.0154448 0.00516975 0.00289 0.999983 -0.744019 
0.999997 0.000569955 -0.00256699 -0.000679016 -0.000575019 0.999998 -0.00197027 0.015975 0.00256589 0.00197174 0.999995 -0.743668 
0.999998 0.00128563 -0.00169715 0.00131989 -0.0012863 0.999999 -0.000396443 0.0154133 0.00169668 0.000398622 0.999999 -0.752243 
1 0.000159632 -0.00105652 0.0050354 -0.000157883 0.999999 0.00165213 0.0102453 0.00105682 -0.00165196 0.999998 -0.748978 
0.999995 -0.00325144 -0.000583917 0.0096817 0.00325242 0.999993 0.00166977 0.00922203 0.000578374 -0.00167166 0.999998 -0.754776 
1 -0.000894738 0.000434428 0.00414276 0.000895312 0.999999 -0.00132158 0.0164185 -0.000433207 0.00132197 0.999999 -0.759277 
0.999998 -0.000738829 0.001829 -0.00184631 0.000741266 0.999999 -0.00133395 0.0235958 -0.0018281 0.0013353 0.999997 -0.760742 
0.999998 0.00135836 0.00147986 -0.00346375 -0.00135617 0.999998 -0.00146939 0.02388 -0.00148192 0.00146738 0.999998 -0.762924 
0.999992 0.00350703 0.00176585 -0.00691223 -0.0035071 0.999994 3.36417e-05 0.022438 -0.0017657 -3.9835e-05 0.999998 -0.766159 
0.999994 0.00101977 0.00324449 -0.000167847 -0.00101651 0.999999 -0.00100491 0.0185585 -0.00324547 0.0010016 0.999994 -0.774689 
0.99999 -0.00111411 0.00445527 0.00540161 0.00112396 0.999997 -0.00221156 0.0225601 -0.00445276 0.00221654 0.999988 -0.775818 
0.999983 -0.00252312 0.00516063 0.0101929 0.00254956 0.999984 -0.00512306 0.0189056 -0.00514758 0.00513613 0.999974 -0.783798 
0.999984 -0.000986848 0.00548324 0.008255 0.00100985 0.999991 -0.00419135 0.0176735 -0.0054791 0.00419683 0.999976 -0.782013 
0.999989 -0.000862688 0.00466141 0.0101013 0.000865242 1 -0.00054531 0.0212116 -0.00466084 0.000549329 0.999989 -0.786102 
0.999969 -0.00660918 0.00434446 0.0162735 0.0066025 0.999977 0.00154904 0.0234909 -0.00435469 -0.0015203 0.999989 -0.787338 
0.999982 -0.00379124 0.00475401 0.0165634 0.00376366 0.999976 0.005799 0.0090847 -0.00477579 -0.005781 0.999972 -0.788879 
0.999981 -0.0041174 0.0047003 0.014183 0.00410691 0.999989 0.00223948 0.0130301 -0.00470942 -0.00222014 0.999987 -0.791656 
0.999985 -0.00262704 0.00472409 0.0125885 0.00263282 0.999996 -0.00121828 0.0216341 -0.0047209 0.00123069 0.999988 -0.796768 
0.999989 -0.00225664 0.00418946 0.0136566 0.00225252 0.999997 0.00099053 0.0184422 -0.00419158 -0.00098107 0.999991 -0.794052 
0.999991 -0.000440933 0.00430793 0.0109711 0.000428062 0.999995 0.00298825 0.0188074 -0.0043093 -0.00298638 0.999986 -0.799957 
0.999988 -0.000218213 0.00493515 0.00788879 0.000215776 1 0.000492178 0.0213223 -0.00493518 -0.0004911 0.999988 -0.801285 
0.999988 -0.000303939 0.00491083 0.00653076 0.000313275 0.999998 -0.00189998 0.0191822 -0.00491023 0.00190149 0.999986 -0.799469 
0.999983 0.00327432 0.00479805 0.00313568 -0.00327791 0.999994 0.000739723 0.0130568 -0.00479555 -0.000755429 0.999988 -0.794342 
