1 1.19762e-11 1.70464e-10 1.66533e-16 1.19762e-11 1 3.5625e-10 -1.11022e-16 1.70464e-10 3.5625e-10 1 2.22045e-16 
0.99988 0.00138157 0.0154076 0.0121019 -0.00136595 0.999999 -0.00102397 0.000446874 -0.0154089 0.0010028 0.999881 0.126728 
0.999783 0.00276503 0.0206564 0.0159267 -0.00277382 0.999996 0.00039676 0.00069962 -0.0206552 -0.00045397 0.999787 0.142157 
0.999642 0.00162305 0.0267241 0.0237936 -0.00166136 0.999998 0.00141143 0.00153365 -0.0267218 -0.00145532 0.999642 0.162881 
0.99944 -0.000142768 0.0334736 0.0342184 6.01862e-05 0.999997 0.00246809 0.00109803 -0.0334739 -0.00246469 0.999437 0.175415 
0.999276 -0.00276139 0.0379507 0.0423207 0.00267059 0.999993 0.00244321 0.00163357 -0.0379572 -0.00234009 0.999277 0.188495 
0.999201 -0.00326868 0.0398299 0.0482167 0.00324273 0.999994 0.000716064 0.00147057 -0.0398321 -0.000586334 0.999206 0.202536 
0.999038 -0.000111289 0.0438445 0.0452493 5.5523e-05 0.999999 0.00127311 0.00235858 -0.0438446 -0.00126945 0.999038 0.215307 
0.998782 0.000572718 0.0493422 0.046422 -0.000691839 0.999997 0.00239714 0.00194154 -0.0493407 -0.00242836 0.998779 0.229508 
0.998754 -0.00116018 0.0498873 0.0524828 0.000802943 0.999974 0.00718036 -0.00333336 -0.0498943 -0.00713135 0.998729 0.243038 
0.998735 -0.0078362 0.0496596 0.0689188 0.00742219 0.999936 0.00851575 -0.00472411 -0.0497231 -0.00813641 0.99873 0.256131 
0.998501 -0.00486673 0.0545142 0.065871 0.00463967 0.99998 0.00429109 -0.00392826 -0.0545342 -0.00403173 0.998504 0.262216 
0.998341 -0.000382968 0.0575812 0.0601095 0.000202334 0.999995 0.00314282 -0.00549319 -0.0575821 -0.00312596 0.998336 0.27227 
0.998314 -0.00029612 0.058052 0.0635018 3.6831e-05 0.99999 0.00446757 -0.00489763 -0.0580527 -0.00445789 0.998304 0.287575 
0.998229 -0.00366664 0.0593781 0.0690035 0.00343486 0.999986 0.00400511 -0.00513549 -0.059392 -0.00379407 0.998227 0.297882 
0.998134 -0.00492785 0.0608663 0.0732598 0.00474423 0.999984 0.00316098 -0.00769716 -0.060881 -0.00286632 0.998141 0.309247 
0.998217 -0.00392838 0.059556 0.0726109 0.00379355 0.99999 0.0023767 -0.00600653 -0.0595648 -0.00214652 0.998222 0.324704 
0.99829 -0.00415042 0.0583033 0.0704854 0.00412438 0.999991 0.000567023 -0.00319627 -0.0583052 -0.000325603 0.998299 0.339389 
0.998311 -0.00256487 0.0580412 0.0668352 0.00254787 0.999997 0.000366805 -0.00272736 -0.058042 -0.0002183 0.998314 0.360267 
0.998404 0.00166027 0.0564472 0.0570393 -0.0017674 0.999997 0.00184803 -0.00322895 -0.056444 -0.00194485 0.998404 0.379044 
0.998604 8.4212e-05 0.0528138 0.0565928 -0.0001451 0.999999 0.00114903 -0.00607391 -0.0528136 -0.00115508 0.998604 0.401152 
0.998808 -0.00106792 0.048802 0.0571742 0.00103032 0.999999 0.000795899 -0.00679365 -0.0488029 -0.000744654 0.998808 0.422932 
0.998953 -0.00135509 0.0457224 0.0523793 0.00125609 0.999997 0.00219369 -0.00956115 -0.0457251 -0.00213397 0.998952 0.445804 
0.999075 0.000352273 0.0429922 0.0472473 -0.000354392 1 4.17186e-05 -0.00868778 -0.0429923 -5.6915e-05 0.999076 0.470704 
0.999163 -0.000966063 0.0408872 0.0454662 0.00101585 0.999999 -0.00119672 -0.00815496 -0.040886 0.00123727 0.999163 0.492451 
0.999303 -0.00334241 0.0371862 0.0455964 0.00345718 0.99999 -0.00302254 -0.00740249 -0.0371757 0.00314899 0.999304 0.515127 
0.99948 -0.00370697 0.0320233 0.0418074 0.00381246 0.999987 -0.0032335 -0.00522938 -0.032011 0.0033539 0.999482 0.540902 
0.999619 -0.0026665 0.0274915 0.0341012 0.00275056 0.999992 -0.00302022 -0.00470597 -0.0274832 0.00309469 0.999618 0.568235 
0.999755 -0.0021831 0.0220326 0.0258176 0.00221681 0.999996 -0.00150614 -0.00432179 -0.0220292 0.0015546 0.999756 0.593513 
0.999872 -0.00167035 0.0159197 0.0205534 0.00166998 0.999999 3.6347e-05 -0.00572385 -0.0159196 -9.76399e-06 0.999873 0.622112 
0.999925 -0.00187349 0.0121143 0.0151768 0.00186039 0.999998 0.00109322 -0.00689739 -0.0121163 -0.00107059 0.999926 0.646265 
0.999934 0.000627881 0.0115057 0.00972152 -0.000654179 0.999997 0.0022824 -0.00732678 -0.0115043 -0.00228978 0.999931 0.671272 
0.999938 0.00109263 0.0111061 0.00753903 -0.00111667 0.999997 0.00215762 -0.00786376 -0.0111037 -0.00216989 0.999936 0.696576 
0.999945 0.000189397 0.0105069 0.00815415 -0.000208757 0.999998 0.00184164 -0.00869223 -0.0105065 -0.00184373 0.999943 0.716112 
0.999944 0.000452819 0.0106093 0.00901055 -0.000475467 0.999998 0.00213272 -0.0097194 -0.0106083 -0.00213765 0.999941 0.738568 
0.99994 -0.000473498 0.0109169 0.009835 0.000455902 0.999999 0.0016144 -0.00920689 -0.0109178 -0.00160933 0.999939 0.756913 
0.999945 -0.000578864 0.01052 0.00921011 0.000568054 0.999999 0.00103046 -0.00883633 -0.0105205 -0.00102442 0.999944 0.773723 
0.999941 0.000747859 0.0108709 0.00818753 -0.000785542 0.999994 0.00346233 -0.00808248 -0.0108682 -0.00347065 0.999935 0.791775 
0.999932 0.00108165 0.0116386 0.00689745 -0.00112163 0.999994 0.00342935 -0.00873297 -0.0116349 -0.00344217 0.999926 0.799426 
0.999923 0.000181027 0.0124348 0.00911427 -0.000239808 0.999989 0.00472565 -0.0112509 -0.0124338 -0.00472828 0.999912 0.80528 
0.999913 8.3372e-06 0.0131559 0.0108447 -4.07603e-05 0.999997 0.00246419 -0.0147847 -0.0131557 -0.00246453 0.99991 0.809486 
0.999898 -0.000535931 0.0142636 0.0117249 0.000528039 1 0.000557292 -0.0169611 -0.014264 -0.000549708 0.999898 0.809912 
0.999893 0.000310121 0.0145887 0.0118256 -0.000296162 0.999999 -0.000958679 -0.0161397 -0.014589 0.000954247 0.999893 0.815977 
0.999863 -0.000534162 0.0165624 0.0155964 0.000552617 0.999999 -0.0011098 -0.0170256 -0.0165617 0.00111882 0.999862 0.819773 
0.999789 0.00105716 0.0205205 0.0182357 -0.00102632 0.999998 -0.00151336 -0.018437 -0.0205221 0.00149196 0.999788 0.822226 
0.99967 0.00277217 0.0255518 0.0203695 -0.00274781 0.999996 -0.000988678 -0.0166016 -0.0255545 0.00091812 0.999673 0.827503 
0.999542 0.00232563 0.03018 0.0237513 -0.00232277 0.999997 -0.000129966 -0.0153153 -0.0301803 5.98179e-05 0.999545 0.828638 
0.999452 0.00111825 0.0330817 0.0295391 -0.00110606 0.999999 -0.000386501 -0.0160992 -0.0330821 0.000349692 0.999452 0.834873 
0.999412 -0.00028811 0.0342962 0.0330515 0.000299349 1 -0.00032262 -0.0181294 -0.0342961 0.000332695 0.999412 0.836361 
0.999423 -0.0012329 0.0339457 0.0342073 0.00126959 0.999999 -0.00105944 -0.018111 -0.0339443 0.00110194 0.999423 0.837864 
0.99946 -0.000146313 0.0328738 0.0317326 0.000216883 0.999998 -0.00214338 -0.0183259 -0.0328735 0.00214935 0.999457 0.840267 
0.99947 0.000912949 0.0325255 0.0298185 -0.000825409 0.999996 -0.00270431 -0.0179129 -0.0325279 0.00267602 0.999467 0.840799 
0.999466 -0.00375862 0.0324712 0.0348368 0.00388487 0.999985 -0.00382606 -0.0174358 -0.0324563 0.00395017 0.999465 0.84173 
0.999476 -0.00676265 0.0316668 0.0401306 0.00691174 0.999965 -0.00460051 -0.0162831 -0.0316346 0.00481696 0.999488 0.843134 
0.999505 -0.00708078 0.0306645 0.0392256 0.00725615 0.999958 -0.00561161 -0.0176432 -0.0306234 0.00583133 0.999514 0.840321 
0.999549 -0.0070744 0.02919 0.0389938 0.00719113 0.999967 -0.00389595 -0.0169504 -0.0291615 0.00410411 0.999566 0.843464 
0.999552 -0.0089646 0.0285622 0.0442486 0.00907976 0.999951 -0.00390448 -0.0195349 -0.0285257 0.00416206 0.999584 0.850203 
0.99961 -0.00664675 0.027107 0.0394783 0.00685864 0.999947 -0.00773117 -0.0244451 -0.0270543 0.00791408 0.999603 0.843313 
0.999635 -0.00487715 0.026574 0.0370045 0.00526612 0.99988 -0.0145872 -0.0252009 -0.0264997 0.0147219 0.99954 0.834352 
0.999658 -0.00112921 0.026144 0.0304089 0.00160432 0.999834 -0.0181587 -0.0207114 -0.0261191 0.0181944 0.999493 0.829269 
0.999644 0.000734961 0.0266761 0.0266171 -0.00028844 0.99986 -0.0167385 -0.0148884 -0.0266847 0.0167248 0.999504 0.825548 
0.99964 -0.00241404 0.0267226 0.030014 0.00269325 0.999942 -0.0104176 -0.015609 -0.0266958 0.0104858 0.999589 0.832283 
0.999668 -0.00188392 0.0256984 0.030117 0.00197804 0.999991 -0.00363733 -0.0141547 -0.0256912 0.00368696 0.999663 0.833019 
0.999689 -0.00234103 0.0248391 0.0284157 0.00230672 0.999996 0.00141014 -0.0141745 -0.0248424 -0.00135241 0.999691 0.833771 
0.999739 -0.00279959 0.0226905 0.0276814 0.00266925 0.99998 0.00577245 -0.0155838 -0.0227062 -0.00571037 0.999726 0.833858 
0.999773 -0.00605597 0.0204367 0.0301075 0.0059369 0.999965 0.00588183 -0.0190167 -0.0204715 -0.00575916 0.999774 0.828365 
0.999867 -0.00362142 0.015899 0.0237751 0.00362177 0.999993 6.5444e-06 -0.023737 -0.015899 5.10449e-05 0.999874 0.821838 
0.999913 -0.00263104 0.0129182 0.0167713 0.00265866 0.999994 -0.00212104 -0.0201049 -0.0129126 0.0021552 0.999914 0.811678 
0.999933 -0.0016378 0.01148 0.0143604 0.00166963 0.999995 -0.00276292 -0.0182993 -0.0114754 0.00278189 0.99993 0.803858 
0.999911 0.00604147 0.011924 0.00408363 -0.00599955 0.999976 -0.00354786 -0.0206666 -0.0119452 0.003476 0.999923 0.800314 
0.999907 0.00274371 0.0133587 0.00314713 -0.00276259 0.999995 0.00139499 -0.0172524 -0.0133548 -0.00143175 0.99991 0.803299 
0.999943 -0.00232364 0.0103912 0.0152721 0.0023336 0.999997 -0.000945949 -0.0167406 -0.0103889 0.000970149 0.999946 0.804234 
0.999957 -0.00338906 0.00860009 0.0136127 0.00340487 0.999992 -0.00182514 -0.018368 -0.00859389 0.00185435 0.999961 0.809952 
0.999988 -0.000668505 0.00477007 0.00439453 0.000685589 0.999993 -0.00358093 -0.0160701 -0.00476763 0.00358416 0.999982 0.822651 
1 6.11721e-05 -0.000187546 -0.00069809 -6.15921e-05 0.999997 -0.00230839 -0.01056 0.000187397 0.00230839 0.999997 0.83873 
0.999991 -0.00210478 -0.00362116 -0.00345039 0.00210702 0.999998 0.000617099 -0.0123732 0.00361994 -0.000624722 0.999993 0.858055 
0.999976 0.0014316 -0.0067164 -0.0120277 -0.00142351 0.999998 0.00120865 -0.0126269 0.0067181 -0.00119906 0.999977 0.876125 
0.999966 0.00176145 -0.0080505 -0.0181065 -0.00176028 0.999998 0.000152638 -0.0123949 0.00805074 -0.000138462 0.999968 0.891621 
0.999965 0.00138491 -0.00825956 -0.0176392 -0.00138633 0.999999 -0.000168448 -0.0122168 0.00825945 0.000179893 0.999966 0.908337 
0.99997 0.00248064 -0.00738478 -0.0173359 -0.0024781 0.999997 0.000354768 -0.0122101 0.00738561 -0.000336449 0.999973 0.924629 
0.999978 0.00397829 -0.00540254 -0.0186024 -0.00397859 0.999992 -4.26755e-05 -0.0140891 0.0054023 6.41674e-05 0.999985 0.94239 
0.999988 0.00452998 -0.00199315 -0.0178032 -0.0045281 0.999989 0.000942889 -0.0161583 0.00199753 -0.000933847 0.999998 0.960907 
0.999995 0.0032435 0.000362068 -0.0135441 -0.00324394 0.999994 0.00120966 -0.0165565 -0.000358075 -0.00121082 0.999999 0.976429 
0.999998 0.00158064 0.00116181 -0.0101509 -0.00158158 0.999999 0.000805696 -0.0174742 -0.00116047 -0.000807552 0.999999 0.990265 
1 9.12527e-05 0.000504375 -0.00931549 -9.15842e-05 1 0.000657345 -0.0156064 -0.000504345 -0.000657393 1 1.00105 
1 6.86309e-05 0.000227332 -0.00820923 -6.88394e-05 1 0.000891448 -0.0144385 -0.000227392 -0.000891464 1 1.01717 
1 -0.000185695 3.46899e-05 -0.00912666 0.000185677 1 0.000731713 -0.0161753 -3.47197e-05 -0.00073171 1 1.02877 
1 0.000321048 7.89165e-05 -0.00834084 -0.000321083 1 0.000409572 -0.0174813 -7.87377e-05 -0.000409593 1 1.03461 
0.999999 0.00165331 0.000209361 -0.0116158 -0.00165347 0.999999 0.000817828 -0.0192403 -0.00020808 -0.000818172 1 1.04102 
1 0.000505004 -5.59092e-05 -0.00991821 -0.000504967 0.999999 0.000866949 -0.0211285 5.6237e-05 -0.000866908 1 1.03846 
0.999999 0.00117258 -0.000660449 -0.0110016 -0.00117254 0.999999 4.24334e-05 -0.0240951 0.000660598 -4.16732e-05 1 1.03659 
0.999999 0.000459217 -0.00135487 -0.0111237 -0.000457295 0.999999 0.00142284 -0.0227311 0.00135556 -0.00142222 0.999998 1.03454 
0.999997 -0.000489034 -0.0023461 -0.0110722 0.000495677 0.999996 0.00283206 -0.0234258 0.0023447 -0.00283321 0.999993 1.03411 
0.999996 -0.00039471 -0.00277421 -0.0114498 0.00040026 0.999998 0.00199868 -0.0247152 0.00277355 -0.00199979 0.999994 1.03148 
0.999997 -0.000317789 -0.00266352 -0.0109138 0.00031952 1 0.000649718 -0.0251625 0.00266325 -0.000650571 0.999996 1.02673 
0.999997 -0.000706234 -0.0024811 -0.00927925 0.000705683 1 -0.000221849 -0.0257559 0.00248131 0.000220099 0.999997 1.02518 
0.999999 0.000130433 -0.00101984 -0.00876617 -0.000130904 1 -0.000458397 -0.0254891 0.00101969 0.000458525 0.999999 1.02312 
1 0.000613455 0.000583261 -0.00872993 -0.000612332 0.999998 -0.00192006 -0.0274438 -0.000584424 0.00191971 0.999998 1.01497 
0.999994 0.00141133 0.00322056 -0.00762177 -0.00140244 0.999995 -0.00276072 -0.0259047 -0.00322449 0.00275618 0.999991 1.01119 
0.999987 0.0012551 0.00502583 -0.00489044 -0.00124788 0.999998 -0.00143973 -0.0236477 -0.00502768 0.00143344 0.999986 1.00576 
0.99998 -0.000402442 0.00630784 -0.00118446 0.000392314 0.999999 0.00160608 -0.0215214 -0.0063085 -0.00160357 0.999979 1.00731 
0.999978 -0.00126614 0.00642782 0.00483704 0.0012418 0.999992 0.00378885 -0.0266454 -0.00643265 -0.00378079 0.999972 1.00265 
0.999979 0.00266974 0.00598773 -0.00255966 -0.00267533 0.999996 0.000925675 -0.0284132 -0.00598529 -0.000941673 0.999982 0.995312 
0.999981 -0.00199461 0.00581151 0.00241661 0.0020069 0.999996 -0.00210961 -0.0287812 -0.00580725 0.00212124 0.999981 0.9879 
0.999984 -0.000167666 0.00563347 0.00142288 0.000183495 0.999996 -0.00280891 -0.0271021 -0.00563291 0.0028099 0.99998 0.982025 
0.999982 0.00182072 0.00570035 -0.00231361 -0.00181466 0.999998 -0.0010703 -0.0259687 -0.00570235 0.00105995 0.999983 0.981247 
0.99999 0.00110119 0.00443104 -0.00113869 -0.00109588 0.999999 -0.00120247 -0.0249779 -0.00443238 0.0011976 0.999989 0.976074 
0.999992 -0.000595371 0.00388592 0.000305176 0.00058992 0.999999 0.00140251 -0.0211871 -0.00388673 -0.00140021 0.999991 0.973953 
0.999995 -0.00110849 0.00299704 0.00115776 0.00108556 0.99997 0.00764335 -0.0176286 -0.00300545 -0.00764006 0.999966 0.978775 
0.999997 0.000331722 0.00252265 -0.00168228 -0.000358191 0.999945 0.010502 -0.0225431 -0.00251895 -0.0105028 0.999942 0.975792 
0.999997 0.000639961 0.00209489 -0.00309753 -0.000650604 0.999987 0.00508242 -0.0250212 -0.00209159 -0.00508377 0.999985 0.968628 
0.999998 -0.00120553 0.00130004 -0.00115395 0.00121611 0.999966 -0.00817467 -0.0289483 -0.0012902 0.00817624 0.999966 0.952438 
0.999998 -0.00172564 0.0012643 0.00216103 0.00173322 0.99998 -0.0060155 -0.0251002 -0.0012539 0.00601767 0.999981 0.948303 
0.999984 -0.00553663 0.000718862 0.00418091 0.00553796 0.999983 -0.00186344 -0.0196882 -0.000708491 0.00186739 0.999998 0.951111 
0.999993 -0.00362421 -0.000181139 0.00244141 0.00362456 0.999992 0.00191367 -0.0247059 0.000174195 -0.00191431 0.999998 0.951721 
1 0.000784379 -0.000670463 -0.00471306 -0.000782453 0.999996 0.00287632 -0.0229095 0.000672668 -0.00287579 0.999996 0.950478 
0.999999 0.000936931 -0.000880748 -0.00512886 -0.000933062 0.99999 0.00437823 -0.0196061 0.00088495 -0.0043774 0.99999 0.949074 
0.999995 0.00298072 -0.000986606 -0.00884628 -0.00297476 0.999978 0.00597732 -0.0244979 0.00100449 -0.00597436 0.999982 0.948982 
0.999964 0.00845811 -0.00066781 -0.0175343 -0.00845641 0.999961 0.00251029 -0.0252823 0.000689059 -0.00250456 0.999997 0.94075 
0.999972 0.00727086 -0.00178778 -0.0178661 -0.00727025 0.999974 0.000349709 -0.020141 0.00179029 -0.000336698 0.999998 0.9403 
0.999995 -0.00224422 -0.00236019 -0.00412178 0.00224855 0.999996 0.00183669 -0.0212474 0.00235605 -0.00184199 0.999996 0.93766 
0.999984 -0.00421436 -0.00366372 -0.00101089 0.00421339 0.999991 -0.000272734 -0.0252576 0.00366491 0.000257292 0.999993 0.933815 
0.99998 -0.00246998 -0.00592268 -0.00610924 0.00244753 0.99999 -0.00379529 -0.0212567 0.005932 0.00378071 0.999975 0.930412 
0.999943 -0.00583195 -0.00898013 -0.00481987 0.00583661 0.999983 0.000492998 -0.0149456 0.0089772 -0.000545382 0.99996 0.931541 
0.999932 -0.00691227 -0.00940752 -0.00298882 0.00693329 0.999974 0.00220356 -0.0197794 0.00939208 -0.00226863 0.999953 0.934212 
0.999934 0.001283 -0.0114484 -0.0159454 -0.0012968 0.999998 -0.00119914 -0.0141529 0.0114469 0.00121391 0.999934 0.92807 
0.999919 0.00211923 -0.0125839 -0.0220299 -0.0021045 0.999997 0.00118432 -0.0115293 0.0125863 -0.00115774 0.99992 0.930412 
0.999912 0.000209184 -0.0133038 -0.0162067 -0.000155131 0.999992 0.00406393 -0.0121053 0.0133046 -0.00406151 0.999903 0.929352 
0.999919 0.00029115 -0.0127549 -0.0175438 -0.000271523 0.999999 0.00154038 -0.0160813 0.0127554 -0.00153679 0.999918 0.922577 
0.99991 -0.000755591 -0.0134261 -0.0182209 0.000770587 0.999999 0.00111156 -0.0118626 0.0134252 -0.0011218 0.999909 0.926666 
0.999906 -0.00233987 -0.0134911 -0.0138073 0.00233827 0.999997 -0.000133952 -0.0180814 0.0134914 0.000102391 0.999909 0.920166 
0.999907 0.000715313 -0.0136069 -0.0180912 -0.000757439 0.999995 -0.0030905 -0.0250409 0.0136047 0.00310052 0.999903 0.916016 
0.999908 -0.00380684 -0.0130037 -0.0127316 0.00367386 0.999941 -0.010236 -0.0211222 0.013042 0.0101873 0.999863 0.907967 
0.999902 -0.000624252 -0.0139498 -0.0138855 0.000545735 0.999984 -0.0056317 -0.013668 0.0139531 0.00562353 0.999887 0.910461 
0.999916 0.00161569 -0.0128238 -0.0194664 -0.00156804 0.999992 0.00372429 -0.0154687 0.0128297 -0.00370387 0.999911 0.916649 
0.999914 0.00106688 -0.013047 -0.0175304 -0.00101676 0.999992 0.00384866 -0.0190655 0.013051 -0.00383506 0.999908 0.916321 
0.999937 0.00279473 -0.0108883 -0.0171804 -0.00281611 0.999994 -0.00194986 -0.0229908 0.0108828 0.00198039 0.999939 0.907852 
0.99996 0.00401388 -0.00796485 -0.0182161 -0.00405869 0.999976 -0.00561772 -0.0222418 0.00794202 0.00564982 0.999952 0.901367 
0.999969 0.0055643 -0.00556523 -0.0182581 -0.00560962 0.999951 -0.00815931 -0.0190879 0.00551969 0.00819028 0.999951 0.901985 
0.999989 0.00272123 -0.00389439 -0.0130839 -0.00273317 0.999992 -0.00306343 -0.0171986 0.00388584 0.00307404 0.999988 0.905067 
0.99999 0.00191869 -0.00405258 -0.0118675 -0.00192012 0.999998 -0.00034882 -0.0179014 0.00405195 0.000356603 0.999992 0.906082 
0.999986 -0.000582058 -0.00520748 -0.00972128 0.000581403 1 -0.000127583 -0.0154513 0.00520754 0.000124553 0.999986 0.902718 
0.99998 0.00188422 -0.00611544 -0.0126343 -0.00186763 0.999995 0.0027176 -0.0167681 0.00612053 -0.00270612 0.999978 0.906303 
0.999984 0.000929569 -0.00566059 -0.0138216 -0.000903375 0.999989 0.00462805 -0.0202283 0.00566477 -0.00462287 0.999973 0.908981 
0.999981 0.000747738 -0.00615707 -0.0149622 -0.000732128 0.999996 0.00253761 -0.02358 0.00615898 -0.00253304 0.999978 0.902672 
0.999952 0.00749874 -0.00624448 -0.0251312 -0.00750309 0.999972 -0.000674004 -0.0222858 0.00623924 0.000720823 0.99998 0.899109 
0.999948 0.00777985 -0.00660962 -0.0268314 -0.00780031 0.999965 -0.00307555 -0.0221415 0.00658545 0.00312694 0.999974 0.896088 
0.999974 -0.00121924 -0.00711316 -0.0152864 0.00119997 0.999995 -0.00271278 -0.0213672 0.00711647 0.00270417 0.999971 0.892334 
0.999967 -0.00312527 -0.00748765 -0.00964487 0.00310145 0.99999 -0.00319072 -0.0177351 0.00749761 0.0031674 0.999967 0.894737 
0.999975 0.000645734 -0.00698936 -0.0163558 -0.000635594 0.999999 0.00145094 -0.0145004 0.00699022 -0.00144645 0.999974 0.897995 
0.999974 0.000700856 -0.00720569 -0.0124522 -0.000663228 0.999986 0.00522346 -0.0188644 0.00720939 -0.00521855 0.99996 0.901581 
0.999972 0.00116677 -0.00744429 -0.0146613 -0.00114473 0.999995 0.00296441 -0.0243345 0.00744763 -0.0029558 0.999968 0.902374 
0.999976 0.00137314 -0.00677761 -0.0141754 -0.00139793 0.999992 -0.00365561 -0.0216306 0.00677249 0.003665 0.99997 0.893356 
0.999979 -0.00014733 -0.00656798 -0.0156671 0.000129234 0.999996 -0.00275431 -0.0219899 0.00656837 0.00275339 0.999975 0.89476 
0.999975 0.00102253 -0.0070329 -0.015326 -0.00103688 0.999998 -0.00203791 -0.0203136 0.00703073 0.00204517 0.999973 0.895065 
0.999974 0.000593636 -0.00711721 -0.0161502 -0.000584001 0.999999 0.00135595 -0.0198403 0.00711805 -0.00135176 0.999974 0.898926 
0.99996 -0.00354925 -0.00817339 -0.00936365 0.00355571 0.999993 0.000775995 -0.0198554 0.00817057 -0.000805034 0.999966 0.897293 
0.99996 -0.00387083 -0.00799885 -0.0063076 0.00387229 0.999992 0.000167578 -0.020019 0.00799823 -0.000198538 0.999968 0.896194 
0.999975 -0.00187785 -0.00685255 -0.0107641 0.0018783 0.999998 5.92647e-05 -0.0194468 0.00685237 -7.21312e-05 0.999977 0.895576 
0.999961 0.00552513 -0.00695178 -0.0202522 -0.00552867 0.999985 -0.000491017 -0.0202309 0.00694893 0.000529423 0.999976 0.89521 
0.999974 0.00376724 -0.00607374 -0.0197506 -0.00376223 0.999993 0.000836918 -0.0188302 0.00607681 -0.000814047 0.999981 0.896156 
0.999986 -0.00222611 -0.00486676 -0.00837421 0.00223101 0.999997 0.00100281 -0.0193496 0.00486459 -0.00101364 0.999988 0.89608 
0.999987 -0.00170545 -0.00485705 -0.00789833 0.00170689 0.999999 0.000291566 -0.0204564 0.00485665 -0.000299853 0.999988 0.895203 
0.999988 -0.0008508 -0.00473186 -0.00831127 0.000839598 0.999997 -0.00236784 -0.02267 0.00473379 0.00236385 0.999986 0.892242 
0.999965 -0.00587063 -0.00588754 -0.00133514 0.00588769 0.999978 0.00288294 -0.0145334 0.00587046 -0.00291751 0.999979 0.898628 
0.999959 -0.00728512 -0.00532809 0.00333405 0.00729993 0.99997 0.00276409 -0.0166279 0.00530785 -0.00280287 0.999982 0.896103 
0.999984 -0.00262011 -0.00503349 -0.00401497 0.00262901 0.999995 0.00176104 -0.0235299 0.00502875 -0.00177425 0.999986 0.892464 
0.99999 0.00133624 -0.00434786 -0.0101929 -0.00134677 0.999996 -0.00242197 -0.0208234 0.0043446 0.0024278 0.999988 0.891792 
0.999992 0.00124064 -0.00374109 -0.00869942 -0.00124869 0.999997 -0.00214978 -0.0169522 0.00373843 0.00215444 0.999991 0.887474 
0.999995 0.00266441 -0.00197449 -0.00917816 -0.00266334 0.999996 0.000547162 -0.0204575 0.00197591 -0.000541901 0.999998 0.890175 
0.999999 0.000553687 -0.000912532 -0.00639439 -0.000552516 0.999999 0.00128065 -0.018139 0.000913233 -0.00128015 0.999999 0.889488 
0.999997 -0.00203913 -0.00115383 0.000412941 0.00204333 0.999991 0.00365154 -0.0161269 0.00114651 -0.00365388 0.999993 0.888519 
0.999999 0.000955337 -0.00112857 -0.00189781 -0.000948783 0.999983 0.00579624 -0.0201132 0.00113392 -0.00579516 0.999983 0.893433 
1 0.000443363 -0.000814557 -0.00155354 -0.000440995 0.999996 0.00290158 -0.0226492 0.000815898 -0.00290122 0.999996 0.884094 
0.999999 -0.000521813 -0.00146013 0.000451088 0.000514172 0.999986 -0.00522791 -0.0235696 0.00146288 0.00522716 0.999985 0.873535 
1 -0.000238979 -6.8143e-05 0.00140953 0.000238681 0.99999 -0.00433568 -0.0192608 6.91414e-05 0.00433566 0.999991 0.871552 
0.999996 0.0029543 0.000117108 -0.00302887 -0.00295436 0.999995 0.000547552 -0.0159519 -0.000115484 -0.000547896 1 0.873138 
0.999999 0.00154045 -0.00067988 -0.00282478 -0.00154033 0.999999 0.000179355 -0.0240408 0.000680149 -0.000178299 1 0.872803 
0.999996 -0.00270311 -0.000382021 0.00421524 0.0027036 0.999996 0.00129331 -0.0221045 0.000378549 -0.00129433 0.999999 0.8694 
0.999999 -0.000255705 -0.00109704 0.000997543 0.000252186 0.999995 -0.003206 -0.0187013 0.00109792 0.00320572 0.999994 0.862228 
0.999966 0.00819889 0.000120252 -0.0188665 -0.00819847 0.999961 -0.00322271 -0.0243474 -0.000146702 0.00322161 0.999995 0.857849 
0.999978 0.0066234 -0.000330105 -0.0164204 -0.00662404 0.999976 -0.0019992 -0.0210278 0.000316769 0.00200135 0.999998 0.852219 
0.999997 -0.00239185 -0.000453234 -0.00568962 0.00239023 0.999991 -0.00353211 -0.019446 0.000461653 0.00353101 0.999994 0.849747 
0.999999 -0.00158807 -0.000339016 -0.00312233 0.00158805 0.999999 -5.43417e-05 -0.0185677 0.00033921 5.37999e-05 1 0.8452 
0.999998 0.000594437 -0.00176086 -0.00636387 -0.000597803 0.999998 -0.00191038 -0.0189888 0.00175972 0.00191144 0.999997 0.836716 
0.999971 -0.00743962 -0.00166321 0.00307274 0.0074435 0.99997 0.0023412 -0.0147707 0.00164567 -0.00235352 0.999996 0.841827 
0.999974 -0.00627989 -0.00349283 0.00348377 0.00629294 0.999973 0.00373761 -0.0164307 0.00346929 -0.00375949 0.999987 0.83287 
0.999991 -0.00390249 -0.00195023 6.67572e-05 0.00391539 0.99997 0.00665483 -0.0195642 0.00192417 -0.00666239 0.999976 0.837479 
0.999992 -0.00123001 -0.00363815 -0.0066452 0.00123149 0.999999 0.000404085 -0.0215797 0.00363772 -0.000408573 0.999993 0.823578 
0.999984 -0.00222148 -0.00522746 -0.00610352 0.00219814 0.999988 -0.00446723 -0.0245461 0.00523731 0.00445566 0.999976 0.814987 
0.99998 -0.000639433 -0.00626525 -0.00964928 0.00062232 0.999996 -0.00273275 -0.0179276 0.00626697 0.0027288 0.999977 0.810608 
0.999963 -0.00121512 -0.00852194 -0.0131588 0.00119622 0.999997 -0.00222263 -0.012041 0.0085246 0.00221236 0.999961 0.808319 
0.999952 -0.00124839 -0.0096712 -0.0164738 0.00129982 0.999985 0.00531338 -0.0168957 0.00966446 -0.00532571 0.999939 0.810471 
0.999921 -0.00399619 -0.0118982 -0.0142879 0.00402739 0.999989 0.00259957 -0.0224388 0.0118876 -0.00264728 0.999926 0.804871 
0.999892 -0.00519801 -0.0137567 -0.0123615 0.00516566 0.999984 -0.00238711 -0.0199203 0.0137689 0.00231578 0.999903 0.795959 
0.999896 -5.17173e-05 -0.0143972 -0.0184231 3.51472e-05 0.999999 -0.00115088 -0.0164002 0.0143973 0.00115027 0.999896 0.793701 
0.9999 -0.00215085 -0.0139636 -0.0168304 0.00215483 0.999998 0.000269334 -0.0158224 0.013963 -0.000299413 0.999902 0.792892 
0.999904 -0.00158579 -0.0137735 -0.0141163 0.00155968 0.999997 -0.00190568 -0.0199026 0.0137765 0.00188403 0.999903 0.78154 
0.999902 0.00224512 -0.0138221 -0.0167446 -0.00231998 0.999983 -0.00540322 -0.0233337 0.0138097 0.00543475 0.99989 0.774261 
0.999898 0.00576617 -0.0130645 -0.0246887 -0.0058977 0.999932 -0.0100514 -0.0199042 0.0130057 0.0101274 0.999864 0.763931 
0.999898 0.00336585 -0.0138468 -0.0215492 -0.00348181 0.999959 -0.00835834 -0.0135956 0.0138181 0.0084057 0.999869 0.761063 
0.999907 -6.83796e-05 -0.0136458 -0.0178719 4.45587e-05 0.999999 -0.00174585 -0.0105224 0.0136459 0.00174508 0.999905 0.768097 
0.999923 0.0030217 -0.0120277 -0.0214272 -0.00297207 0.999987 0.00414228 -0.013607 0.0120401 -0.00410622 0.999919 0.771072 
0.999932 0.00392941 -0.0110032 -0.0260124 -0.00389229 0.999987 0.0033932 -0.0183694 0.0110164 -0.00335013 0.999934 0.762466 
0.99995 0.00311032 -0.009453 -0.0250435 -0.00316779 0.999976 -0.00607034 -0.0218468 0.0094339 0.00609999 0.999937 0.749191 
0.999973 0.00216215 -0.00700558 -0.0213127 -0.00222162 0.999961 -0.00849171 -0.0138841 0.00698694 0.00850702 0.999939 0.744247 
0.999988 0.00333709 -0.00362827 -0.0213432 -0.00334989 0.999988 -0.00352749 -0.00551176 0.00361646 0.00353961 0.999987 0.749146 
0.999998 0.00188272 -0.000118781 -0.0111122 -0.00188227 0.999992 0.00355355 -0.0107284 0.000125462 -0.00355331 0.999994 0.759399 
0.999995 0.00272685 0.00158919 -0.00894547 -0.00273628 0.999979 0.00595684 -0.0190868 -0.00157291 -0.00596116 0.999981 0.757156 
0.999994 -0.00139874 0.00297372 -0.00751495 0.00139043 0.999995 0.00279496 -0.0133557 -0.00297762 -0.00279082 0.999992 0.756104 
0.999993 -0.00241847 0.00287593 -0.00707245 0.00241974 0.999997 -0.000437819 -0.0104909 -0.00287487 0.000444782 0.999996 0.74971 
0.999993 -0.00110403 0.00363438 -0.00266647 0.00110522 0.999999 -0.000324973 -0.0162754 -0.00363402 0.000329 0.999993 0.746902 
0.999987 0.00146598 0.00478923 -0.00999069 -0.00147762 0.999996 0.00242712 -0.0173466 -0.00478565 -0.00243417 0.999986 0.753525 
0.999986 8.18558e-05 0.00519245 -0.00405121 -7.54148e-05 0.999999 -0.00124038 -0.0130327 -0.00519255 0.00123996 0.999986 0.748535 
0.999981 0.00157851 0.00590163 -0.00556564 -0.00159026 0.999997 0.00198844 -0.0153573 -0.00589848 -0.00199778 0.999981 0.748001 
0.999981 -0.00115359 0.00603617 -0.00361633 0.00113052 0.999992 0.00382323 -0.0201185 -0.00604054 -0.00381633 0.999975 0.746429 
0.999987 0.000260804 0.00518166 -0.0058136 -0.00025592 1 -0.000941308 -0.0159791 -0.0051819 0.000939959 0.999986 0.735596 
0.999984 0.00177121 0.00538042 -0.00776672 -0.00176508 0.999998 -0.0011476 -0.0162168 -0.00538245 0.00113809 0.999985 0.732422 
0.999991 0.00105901 0.00414 -0.00817108 -0.00105076 0.999997 -0.00198991 -0.0199656 -0.0041421 0.00198554 0.999989 0.728073 
0.999996 0.000326001 0.00261011 -0.00737381 -0.000321033 0.999998 -0.0019028 -0.0191343 -0.00261073 0.00190196 0.999995 0.721909 
0.999995 -0.00266057 0.00186736 -0.00381851 0.00266428 0.999994 -0.00199246 -0.0113986 -0.00186205 0.00199743 0.999996 0.716141 
0.999994 -0.0035223 -0.000338435 -0.00701904 0.00352275 0.999993 0.00130814 -0.0142429 0.000333842 -0.00130934 0.999999 0.72081 
0.99999 -0.00263796 -0.00366897 -0.00914001 0.00265316 0.999988 0.00414484 -0.01702 0.00365799 -0.00415452 0.999985 0.718231 
0.999974 -0.00136492 -0.00711082 -0.0165215 0.0013707 0.999999 0.000807683 -0.0205066 0.0071097 -0.000817411 0.999974 0.709946 
0.999935 -0.00339735 -0.0108741 -0.0147629 0.0033853 0.999994 -0.00112639 -0.0177035 0.0108779 0.0010895 0.99994 0.701004 
0.999891 -0.00336443 -0.0143915 -0.0191956 0.00336239 0.999994 -0.000166091 -0.0127392 0.014392 0.00011769 0.999897 0.697052 
0.999883 -0.000348498 -0.0153201 -0.0251007 0.00037523 0.999998 0.0017421 -0.0107405 0.0153195 -0.00174765 0.999881 0.692734 
0.999858 0.00461872 -0.0161933 -0.0338554 -0.00453223 0.999975 0.00537372 -0.0113831 0.0162177 -0.00529957 0.999854 0.686951 
0.999863 0.000384243 -0.0165431 -0.0276527 -0.000277059 0.999979 0.00648089 -0.0157476 0.0165453 -0.00647541 0.999842 0.685333 
0.999855 -0.000133605 -0.0170428 -0.0239143 0.000253342 0.999975 0.00702367 -0.0158493 0.0170415 -0.00702696 0.99983 0.68045 
0.999843 -0.00027422 -0.0177107 -0.0251961 0.000408865 0.999971 0.0075993 -0.0172962 0.0177081 -0.00760536 0.999814 0.674332 
0.999846 0.00193135 -0.0174435 -0.0274734 -0.00182259 0.999979 0.00624885 -0.0202417 0.0174552 -0.00621608 0.999828 0.667023 
0.999839 0.000607798 -0.0179491 -0.0261002 -0.000555567 0.999996 0.00291483 -0.020669 0.0179508 -0.00290439 0.999835 0.656143 
0.99983 -0.0023449 -0.0182875 -0.0215569 0.00235732 0.999997 0.000657579 -0.0169992 0.0182859 -0.000700572 0.999832 0.655151 
0.999843 0.00123027 -0.0176619 -0.0249786 -0.00121361 0.999999 0.000953906 -0.0123024 0.017663 -0.00093233 0.999844 0.638306 
0.999856 0.00395111 -0.016489 -0.0278091 -0.00393605 0.999992 0.000945571 -0.0132513 0.0164927 -0.000880536 0.999864 0.640823 
0.999888 0.00269945 -0.0147177 -0.0220642 -0.00263206 0.999986 0.00459693 -0.00949144 0.0147299 -0.00455767 0.999881 0.635406 
0.999916 -0.00296283 -0.0126247 -0.0120392 0.00300304 0.999991 0.00316683 -0.013855 0.0126152 -0.00320448 0.999915 0.636002 
0.999932 -0.00315879 -0.0112412 -0.0110474 0.00316709 0.999995 0.000720224 -0.0153251 0.0112388 -0.000755776 0.999936 0.630554 
0.999939 0.00435729 -0.0101909 -0.0241089 -0.0043831 0.999987 -0.00251166 -0.0161557 0.0101799 0.00255617 0.999945 0.621155 
0.999947 0.00484991 -0.00908828 -0.0240936 -0.00490174 0.999972 -0.00568821 -0.0157275 0.00906032 0.00573245 0.999943 0.613724 
0.999955 -0.000687011 -0.00943963 -0.0126572 0.000588385 0.999945 -0.0104474 -0.0104556 0.00944622 0.0104414 0.999901 0.607147 
0.999948 -0.00547734 -0.00858092 -0.00411987 0.00540909 0.999954 -0.00795675 -0.00398779 0.00862411 0.00790991 0.999932 0.610321 
0.999975 -0.00175681 -0.00686349 -0.00634003 0.00176176 0.999998 0.000714766 0.00344515 0.0068623 -0.000726844 0.999976 0.615509 
0.999977 0.00291441 -0.00615735 -0.0171738 -0.00286364 0.999962 0.00823854 -0.00434947 0.00618115 -0.00822071 0.999947 0.628433 
0.999984 0.00346585 -0.0044798 -0.0145874 -0.00341291 0.999925 0.0117721 -0.00914598 0.00452018 -0.0117566 0.999921 0.631226 
0.999995 0.00222573 -0.00224409 -0.0109253 -0.0022031 0.999947 0.0100347 -0.0181928 0.00226638 -0.0100297 0.999947 0.631653 
0.999991 -0.00403605 -0.00108889 -0.0015564 0.00403609 0.999992 4.62723e-05 -0.016777 0.00108859 -5.06663e-05 0.999999 0.621964 
0.999993 -0.00346902 -0.00139564 -0.00192261 0.00346371 0.999987 -0.00379151 -0.0139313 0.00140885 0.00378665 0.999992 0.619247 
0.999991 -0.00378793 -0.00168204 0.000480652 0.00378733 0.999993 -0.000361488 -0.00341606 0.00168338 0.000355114 0.999999 0.620407 
0.999996 0.00236338 -0.00178912 -0.00539398 -0.00235997 0.999995 0.00190453 -0.00359821 0.00179359 -0.0019003 0.999997 0.624619 
0.999996 -0.000160065 -0.00275245 -0.00740814 0.000171284 0.999992 0.00407544 -0.00916195 0.00275174 -0.00407589 0.999988 0.628036 
0.999995 -7.82451e-05 -0.0032647 -0.0110168 9.66992e-05 0.999984 0.00565293 -0.0155082 0.00326431 -0.00565321 0.999979 0.639343 
0.99999 -0.00121226 -0.00436258 -0.0115051 0.0012255 0.999995 0.0030345 -0.0165672 0.0043588 -0.00303982 0.999986 0.642365 
0.999978 -0.00190245 -0.00643751 -0.0134735 0.00190981 0.999998 0.00113714 -0.0149498 0.00643536 -0.0011494 0.999979 0.645874 
0.999963 -0.00184438 -0.00838163 -0.0132446 0.00186687 0.999995 0.00267639 -0.0137815 0.00837651 -0.00269193 0.999961 0.64801 
0.999948 -0.0021323 -0.010001 -0.0139008 0.00214755 0.999996 0.00151445 -0.0134048 0.00999781 -0.00153585 0.999949 0.646286 
0.999931 0.00127918 -0.0116798 -0.0198746 -0.00129427 0.999998 -0.00128454 -0.0152035 0.0116781 0.00129958 0.999931 0.646423 
0.999925 0.0017556 -0.0121543 -0.0261383 -0.00179632 0.999993 -0.00334006 -0.0159445 0.0121482 0.00336164 0.999921 0.648117 
0.999924 0.00105132 -0.0122507 -0.0225601 -0.00109299 0.999994 -0.00339546 -0.0130587 0.012247 0.00340859 0.999919 0.655258 
0.999921 -0.000952279 -0.0125239 -0.0228653 0.000937762 0.999999 -0.00116508 -0.0147161 0.012525 0.00115324 0.999921 0.666504 
0.999925 -0.000982163 -0.0122285 -0.0221176 0.00101762 0.999995 0.00289353 -0.0140696 0.0122256 -0.00290575 0.999921 0.675827 
0.999929 0.00170857 -0.0118278 -0.0303497 -0.00168046 0.999996 0.0023865 -0.015873 0.0118318 -0.00236645 0.999927 0.673386 
0.999923 0.00124054 -0.0123189 -0.0273132 -0.00122508 0.999999 0.00126266 -0.0125751 0.0123205 -0.00124747 0.999923 0.673706 
0.999936 0.00446766 -0.0103788 -0.0218124 -0.0044325 0.999984 0.00340796 -0.0126457 0.0103938 -0.00336174 0.99994 0.686783 
0.999963 0.00343669 -0.0078553 -0.0184174 -0.00343841 0.999994 -0.000204675 -0.0146828 0.00785461 0.000231681 0.999969 0.689148 
0.999988 0.000923922 -0.00482491 -0.0102158 -0.000908457 0.999994 0.00320543 -0.0171976 0.00482777 -0.00320101 0.999983 0.70462 
0.999993 -0.00253419 -0.00282675 0.00187683 0.00254518 0.999989 0.0038893 -0.0145006 0.00281677 -0.00389646 0.999988 0.714523 
0.999991 -0.00430772 -0.000384271 0.00296021 0.0043062 0.999983 -0.00388226 -0.0151873 0.00040099 0.00388057 0.999992 0.709396 
0.999999 -0.00121517 0.00128317 0.000534058 0.00121552 0.999999 -0.000269375 -0.0115795 -0.00128281 0.000270936 0.999999 0.719711 
0.999993 -0.0035326 0.000759274 0.00508881 0.00353473 0.99999 -0.00281987 -0.0140219 -0.00074929 0.00282253 0.999996 0.730621 
0.999992 -0.00405231 0.000122726 0.0130692 0.00405238 0.999992 -0.000532413 -0.0124531 -0.000120491 0.000532902 1 0.74559 
0.999994 -0.0032649 0.000629216 0.0102463 0.00326127 0.999979 0.00569161 -0.0103874 -0.000647783 -0.00568951 0.999984 0.747589 
0.999999 -0.00068296 0.00114393 0.00844574 0.000679631 0.999996 0.00290743 -0.0150566 -0.00114596 -0.00290665 0.999995 0.750839 
0.999998 2.01501e-05 0.0017702 0.00432587 -2.49441e-05 0.999996 0.00270862 -0.0175228 -0.00177023 -0.00270866 0.999995 0.750702 
0.999999 7.11344e-06 0.00149423 0.00269318 -7.98656e-06 1 0.00058178 -0.0135775 -0.00149414 -0.000581789 0.999999 0.752991 
0.999997 0.00138108 0.00217241 0.000190735 -0.00138234 0.999999 0.000579828 -0.0136738 -0.00217155 -0.000582838 0.999997 0.751633 
0.999998 0.000793145 0.00191811 0.000663757 -0.000792253 1 -0.000468407 -0.0160837 -0.00191846 0.000466896 0.999998 0.747253 
0.999999 -0.00051943 0.00135091 0.00130463 0.000524137 0.999994 -0.00348641 -0.0160313 -0.00134909 0.0034871 0.999993 0.747528 
0.999999 -0.000853999 0.000777066 0.00293732 0.000859403 0.999975 -0.00698218 -0.0088625 -0.000771046 0.00698284 0.999975 0.744171 
0.999997 0.00234228 0.00111017 -0.00244904 -0.00233878 0.999992 -0.00314448 -0.00461102 -0.00111759 0.00314188 0.999994 0.745422 
0.999998 0.00135329 0.001656 -0.0040741 -0.00135891 0.999993 0.00339597 -0.00467014 -0.00165138 -0.00339822 0.999993 0.750198 
0.999997 0.00203643 0.00127512 -0.00396729 -0.00204214 0.999988 0.0044936 -0.00690174 -0.00126588 -0.00449619 0.999989 0.747894 
0.99999 0.00360727 0.00267136 -0.00682831 -0.00361148 0.999992 0.00157304 -0.0133553 -0.00266564 -0.00158268 0.999995 0.747787 
0.999982 0.00288394 0.00519481 -0.00397491 -0.00288726 0.999996 0.000631892 -0.0117197 -0.005193 -0.000646876 0.999986 0.747971 
0.999976 -0.00091167 0.00684759 0.00436401 0.000906391 0.999999 0.000772679 -0.0094099 -0.00684834 -0.000766464 0.999976 0.743729 
0.999956 -7.03223e-05 0.0094142 0.00807953 6.62711e-05 1 0.000430925 -0.0139418 -0.0094142 -0.000430275 0.999956 0.745026 
0.999942 -0.00226359 0.0105662 0.0119019 0.00227861 0.999996 -0.00140899 -0.0176258 -0.0105631 0.00143297 0.999943 0.738098 
0.999937 -0.000284266 0.0112357 0.00814819 0.000323955 0.999994 -0.00353093 -0.0190029 -0.0112347 0.00353435 0.999931 0.742874 
0.99992 0.00262235 0.0123769 0.00565338 -0.00262109 0.999996 -0.000118962 -0.0142689 -0.0123771 8.6512e-05 0.999923 0.743271 
0.999925 -0.00420599 0.0115505 0.0134201 0.00412531 0.999967 0.00700021 -0.0110798 -0.0115797 -0.00695203 0.999909 0.747742 
0.999945 -0.00552302 0.00892875 0.0164413 0.00544972 0.999951 0.00821291 -0.0137129 -0.00897369 -0.00816379 0.999926 0.747208 
0.99997 -0.001309 0.00759286 0.00727844 0.00126776 0.999985 0.00543416 -0.0121174 -0.0075998 -0.00542438 0.999957 0.742172 
0.999972 0.00548747 0.00516981 -0.00473022 -0.00550246 0.999981 0.00289 -0.0132465 -0.00515383 -0.00291837 0.999982 0.74408 
0.999997 -0.000575012 0.00256583 0.00258636 0.000569958 0.999998 0.00197173 -0.0145111 -0.00256699 -0.00197027 0.999995 0.743683 
0.999998 -0.0012863 0.00169665 -2.28882e-05 0.00128562 0.999999 0.00039862 -0.0151157 -0.00169715 -0.000396442 0.999999 0.752243 
0.999999 -0.000157883 0.00105679 -0.00423431 0.000159631 0.999999 -0.00165196 -0.0114822 -0.00105652 0.00165213 0.999998 0.748947 
0.999995 0.00325242 0.000578463 -0.00928497 -0.00325145 0.999993 -0.00167166 -0.0104523 -0.000583798 0.00166976 0.999998 0.754761 
1 0.00089531 -0.000433266 -0.00449371 -0.000894738 0.999999 0.00132197 -0.0154104 0.000434339 -0.00132158 0.999999 0.759308 
0.999998 0.000741269 -0.00182804 0.000434875 -0.000738826 0.999999 0.0013353 -0.0225859 0.00182906 -0.00133395 0.999997 0.760788 
0.999998 -0.00135618 -0.00148189 0.00237274 0.00135835 0.999998 0.00146737 -0.0227575 0.00147992 -0.00146939 0.999998 0.762955 
0.999992 -0.00350709 -0.00176579 0.00561523 0.00350703 0.999994 -3.98378e-05 -0.0224438 0.00176588 3.36436e-05 0.999998 0.766159 
0.999994 -0.00101651 -0.00324553 -0.00231934 0.00101976 0.999999 0.0010016 -0.0177822 0.00324449 -0.0010049 0.999994 0.774689 
0.99999 0.00112397 -0.00445276 -0.00888062 -0.0011141 0.999997 0.00221654 -0.020834 0.00445527 -0.00221155 0.999988 0.775864 
0.999984 0.00254955 -0.00514758 -0.0142822 -0.00252312 0.999984 0.00513613 -0.0148544 0.0051606 -0.00512306 0.999974 0.783813 
0.999984 0.00100984 -0.00547907 -0.0125656 -0.000986857 0.999991 0.00419682 -0.0143852 0.0054833 -0.00419136 0.999976 0.781998 
0.999989 0.00086524 -0.00466096 -0.0138016 -0.000862688 0.999999 0.000549329 -0.0207729 0.00466135 -0.000545302 0.999989 0.786057 
0.999969 0.0066025 -0.00435463 -0.0198746 -0.00660917 0.999977 -0.0015203 -0.0245819 0.00434452 0.00154904 0.999989 0.787201 
0.999982 0.00376365 -0.00477585 -0.0203552 -0.00379125 0.999976 -0.00578099 -0.0135841 0.00475392 0.005799 0.999972 0.788727 
0.99998 0.00410691 -0.00470945 -0.0179749 -0.0041174 0.999989 -0.00222013 -0.0147285 0.00470027 0.00223948 0.999986 0.79158 
0.999986 0.00263283 -0.0047209 -0.0164337 -0.00262703 0.999996 0.00123069 -0.0206223 0.00472414 -0.00121827 0.999988 0.796707 
0.999989 0.00225252 -0.00419167 -0.0170517 -0.00225664 0.999997 -0.00098108 -0.0191908 0.00418946 0.000990518 0.999991 0.79393 
0.999991 0.000428066 -0.00430921 -0.0144348 -0.00044094 0.999996 -0.00298638 -0.0211906 0.00430807 0.00298826 0.999986 0.79982 
0.999988 0.000215784 -0.00493529 -0.0118408 -0.000218205 1 -0.000491107 -0.0217133 0.00493512 0.000492174 0.999988 0.801239 
0.999988 0.000313275 -0.00491023 -0.0104446 -0.00030395 0.999998 0.0019015 -0.0176601 0.00491077 -0.00189997 0.999986 0.799469 
